1 1 (0) 3 : 0.001 0.003 0.001 0.001 0.993
2 2 (0) 3 : 0.007 0.010 0.002 0.002 0.979
3 3 (0) 3 : 0.001 0.001 0.001 0.001 0.997
4 4 (0) 3 : 0.002 0.003 0.001 0.001 0.993
5 5 (0) 3 : 0.001 0.001 0.001 0.000 0.997
6 6 (0) 3 : 0.002 0.002 0.001 0.002 0.993
7 7 (0) 3 : 0.001 0.002 0.001 0.001 0.995
8 8 (0) 3 : 0.001 0.007 0.001 0.001 0.990
9 9 (0) 3 : 0.002 0.002 0.001 0.001 0.995
10 10 (0) 3 : 0.004 0.014 0.003 0.005 0.974
11 11 (0) 3 : 0.010 0.042 0.002 0.001 0.945
12 12 (0) 3 : 0.003 0.005 0.002 0.003 0.986
13 13 (0) 3 : 0.001 0.001 0.000 0.000 0.998
14 14 (0) 3 : 0.002 0.004 0.001 0.002 0.991
15 15 (0) 3 : 0.001 0.002 0.001 0.001 0.996
16 16 (0) 3 : 0.001 0.004 0.000 0.001 0.993
17 17 (0) 3 : 0.001 0.023 0.001 0.001 0.974
18 18 (0) 3 : 0.010 0.018 0.009 0.003 0.960
19 19 (0) 3 : 0.001 0.002 0.001 0.001 0.996
20 20 (0) 3 : 0.002 0.003 0.001 0.001 0.994
21 21 (0) 3 : 0.002 0.002 0.001 0.001 0.994
22 22 (0) 3 : 0.006 0.014 0.003 0.002 0.976
23 23 (0) 3 : 0.001 0.002 0.001 0.001 0.997
24 24 (0) 3 : 0.001 0.003 0.001 0.001 0.994
25 25 (0) 3 : 0.002 0.002 0.001 0.001 0.993
26 26 (0) 3 : 0.001 0.001 0.001 0.001 0.996
27 27 (0) 3 : 0.001 0.002 0.001 0.001 0.996
28 28 (0) 3 : 0.002 0.004 0.001 0.001 0.991
29 29 (0) 3 : 0.001 0.001 0.001 0.001 0.997
30 30 (0) 3 : 0.001 0.001 0.001 0.001 0.997
31 31 (0) 3 : 0.008 0.007 0.003 0.001 0.981
32 32 (0) 3 : 0.003 0.006 0.001 0.001 0.989
33 33 (0) 3 : 0.001 0.001 0.000 0.000 0.997
34 34 (0) 3 : 0.001 0.001 0.001 0.001 0.997
35 35 (0) 3 : 0.001 0.002 0.001 0.001 0.996
36 36 (0) 5 : 0.823 0.059 0.006 0.017 0.095
37 37 (0) 5 : 0.976 0.009 0.011 0.002 0.002
38 38 (0) 6 : 0.002 0.990 0.003 0.001 0.005
39 39 (0) 6 : 0.576 0.008 0.001 0.010 0.404
40 40 (0) 6 : 0.471 0.022 0.012 0.012 0.482
41 41 (0) 6 : 0.177 0.810 0.005 0.004 0.004
42 42 (0) 6 : 0.100 0.867 0.021 0.002 0.010
43 43 (0) 5 : 0.977 0.002 0.015 0.005 0.001
44 44 (0) 5 : 0.070 0.896 0.013 0.002 0.020
45 45 (0) 5 : 0.946 0.002 0.016 0.034 0.001
46 46 (0) 5 : 0.967 0.002 0.024 0.004 0.003
47 47 (0) 5 : 0.854 0.120 0.005 0.004 0.017
48 48 (0) 5 : 0.702 0.022 0.004 0.004 0.268
49 49 (0) 5 : 0.254 0.693 0.037 0.007 0.009
50 50 (0) 5 : 0.689 0.003 0.302 0.002 0.003
51 51 (0) 5 : 0.976 0.005 0.010 0.007 0.002
52 52 (0) 6 : 0.005 0.922 0.002 0.001 0.069
53 53 (0) 6 : 0.049 0.788 0.020 0.025 0.119
54 54 (0) 6 : 0.010 0.960 0.009 0.004 0.017
55 55 (0) 6 : 0.037 0.732 0.219 0.008 0.004
56 56 (0) 6 : 0.001 0.969 0.001 0.001 0.029
57 57 (0) 6 : 0.036 0.910 0.005 0.002 0.048
58 58 (0) 6 : 0.004 0.971 0.008 0.011 0.007
59 59 (0) 6 : 0.159 0.358 0.244 0.010 0.229
60 60 (0) 6 : 0.002 0.992 0.001 0.002 0.003
61 61 (0) 6 : 0.002 0.991 0.001 0.001 0.005
62 62 (0) 6 : 0.008 0.981 0.003 0.002 0.006
63 63 (0) 6 : 0.002 0.988 0.002 0.003 0.005
64 64 (0) 6 : 0.002 0.536 0.004 0.019 0.439
65 65 (0) 6 : 0.017 0.585 0.005 0.007 0.386
66 66 (0) 6 : 0.403 0.008 0.002 0.001 0.585
67 67 (0) 6 : 0.326 0.123 0.009 0.002 0.540
68 68 (0) 6 : 0.003 0.991 0.001 0.001 0.004
69 69 (0) 6 : 0.266 0.164 0.005 0.004 0.561
70 70 (0) 6 : 0.001 0.987 0.001 0.001 0.010
71 71 (0) 6 : 0.002 0.989 0.001 0.001 0.007
72 72 (0) 6 : 0.003 0.992 0.001 0.001 0.002
73 73 (0) 6 : 0.003 0.975 0.006 0.005 0.012
74 74 (0) 6 : 0.030 0.932 0.008 0.011 0.018
75 75 (0) 6 : 0.010 0.931 0.008 0.003 0.048
76 76 (0) 6 : 0.044 0.895 0.050 0.006 0.005
77 77 (0) 6 : 0.007 0.906 0.017 0.068 0.002
78 78 (0) 6 : 0.004 0.967 0.002 0.005 0.022
79 79 (0) 6 : 0.027 0.940 0.012 0.015 0.005
80 80 (0) 6 : 0.003 0.982 0.002 0.001 0.012
81 81 (0) 6 : 0.004 0.980 0.003 0.002 0.010
82 82 (0) 6 : 0.020 0.906 0.028 0.005 0.041
83 83 (0) 6 : 0.001 0.989 0.003 0.004 0.003
84 84 (0) 6 : 0.002 0.988 0.002 0.002 0.007
85 85 (0) 6 : 0.001 0.990 0.001 0.001 0.005
86 86 (0) 6 : 0.336 0.522 0.046 0.059 0.038
87 87 (0) 6 : 0.005 0.914 0.004 0.019 0.057
88 88 (0) 5 : 0.987 0.002 0.007 0.002 0.001
89 89 (0) 5 : 0.985 0.002 0.007 0.004 0.002
90 90 (0) 5 : 0.991 0.001 0.005 0.001 0.001
91 91 (0) 5 : 0.515 0.460 0.012 0.006 0.007
92 92 (0) 5 : 0.992 0.003 0.002 0.002 0.001
93 93 (0) 5 : 0.894 0.001 0.101 0.002 0.001
94 94 (2) 1 : 0.004 0.010 0.755 0.226 0.006
95 95 (3) 1 : 0.002 0.004 0.989 0.003 0.002
96 96 (2) 1 : 0.003 0.003 0.990 0.002 0.002
97 97 (0) 1 : 0.003 0.001 0.965 0.029 0.002
98 98 (1) 1 : 0.002 0.007 0.841 0.106 0.043
99 99 (6) 1 : 0.002 0.002 0.992 0.001 0.003
100 100 (11) 1 : 0.003 0.003 0.985 0.006 0.003
101 101 (3) 1 : 0.002 0.002 0.980 0.013 0.003
102 102 (2) 1 : 0.014 0.015 0.887 0.068 0.016
103 103 (5) 1 : 0.001 0.003 0.880 0.113 0.003
104 104 (1) 1 : 0.001 0.001 0.988 0.008 0.001
105 105 (0) 1 : 0.015 0.010 0.712 0.261 0.002
106 106 (1) 1 : 0.003 0.003 0.985 0.004 0.005
107 107 (6) 1 : 0.004 0.005 0.984 0.003 0.005
108 108 (1) 1 : 0.011 0.009 0.971 0.005 0.004
109 109 (18) 1 : 0.002 0.004 0.915 0.078 0.001
110 110 (2) 1 : 0.002 0.007 0.956 0.028 0.007
111 111 (1) 1 : 0.002 0.002 0.991 0.003 0.002
112 112 (2) 1 : 0.002 0.001 0.932 0.064 0.001
113 113 (2) 1 : 0.002 0.001 0.981 0.013 0.002
114 114 (3) 1 : 0.004 0.002 0.958 0.028 0.008
115 115 (2) 1 : 0.002 0.001 0.992 0.004 0.002
116 116 (1) 1 : 0.001 0.001 0.990 0.008 0.001
117 117 (1) 1 : 0.002 0.002 0.975 0.019 0.002
118 118 (3) 1 : 0.009 0.004 0.857 0.123 0.007
119 119 (2) 1 : 0.043 0.024 0.898 0.013 0.022
120 120 (3) 1 : 0.002 0.001 0.991 0.004 0.002
121 121 (0) 1 : 0.004 0.005 0.975 0.014 0.003
122 122 (1) 1 : 0.005 0.009 0.946 0.011 0.029
123 123 (3) 1 : 0.002 0.005 0.948 0.043 0.002
124 124 (3) 1 : 0.002 0.001 0.945 0.049 0.002
125 125 (2) 1 : 0.001 0.002 0.981 0.014 0.001
126 126 (3) 1 : 0.004 0.004 0.942 0.039 0.012
127 127 (1) 1 : 0.004 0.005 0.972 0.014 0.005
128 128 (5) 1 : 0.001 0.001 0.996 0.001 0.001
129 129 (1) 1 : 0.002 0.001 0.980 0.015 0.001
130 130 (5) 1 : 0.003 0.002 0.984 0.008 0.003
131 131 (10) 1 : 0.002 0.010 0.949 0.030 0.009
132 132 (2) 1 : 0.006 0.006 0.968 0.011 0.010
133 133 (4) 1 : 0.003 0.002 0.989 0.004 0.002
134 134 (2) 1 : 0.002 0.028 0.873 0.031 0.067
135 135 (18) 1 : 0.001 0.002 0.990 0.006 0.001
136 136 (3) 1 : 0.001 0.001 0.983 0.013 0.002
137 137 (0) 1 : 0.106 0.701 0.015 0.008 0.170
138 138 (6) 1 : 0.096 0.810 0.003 0.042 0.049
139 139 (17) 2 : 0.032 0.003 0.959 0.002 0.003
140 140 (2) 2 : 0.002 0.001 0.994 0.001 0.001
141 141 (3) 2 : 0.004 0.001 0.992 0.002 0.000
142 142 (0) 2 : 0.012 0.002 0.983 0.002 0.001
143 143 (4) 2 : 0.013 0.009 0.972 0.003 0.003
144 144 (1) 2 : 0.031 0.005 0.959 0.002 0.003
145 145 (8) 2 : 0.007 0.002 0.986 0.003 0.001
146 146 (4) 2 : 0.007 0.001 0.990 0.001 0.001
147 147 (1) 2 : 0.003 0.002 0.992 0.001 0.002
148 148 (17) 2 : 0.004 0.001 0.993 0.001 0.002
149 149 (8) 2 : 0.007 0.004 0.986 0.002 0.001
150 150 (3) 2 : 0.014 0.008 0.970 0.003 0.005
151 151 (0) 2 : 0.003 0.002 0.991 0.002 0.001
152 152 (0) 2 : 0.003 0.001 0.993 0.003 0.001
153 153 (3) 2 : 0.005 0.001 0.991 0.002 0.001
154 154 (1) 2 : 0.012 0.001 0.983 0.003 0.001
155 155 (1) 2 : 0.009 0.003 0.985 0.001 0.001
156 156 (15) 2 : 0.014 0.004 0.975 0.003 0.003
157 157 (3) 2 : 0.013 0.002 0.983 0.002 0.001
158 158 (2) 2 : 0.145 0.004 0.847 0.002 0.002
159 159 (7) 2 : 0.014 0.006 0.977 0.002 0.002
160 160 (4) 2 : 0.009 0.016 0.971 0.001 0.003
161 161 (1) 2 : 0.007 0.001 0.988 0.002 0.002
162 162 (14) 2 : 0.003 0.001 0.993 0.002 0.001
163 163 (15) 2 : 0.011 0.006 0.977 0.002 0.004
164 164 (11) 2 : 0.003 0.001 0.994 0.001 0.001
165 165 (1) 2 : 0.009 0.002 0.986 0.001 0.002
166 166 (8) 2 : 0.024 0.017 0.954 0.002 0.004
167 167 (6) 2 : 0.105 0.002 0.883 0.007 0.002
168 168 (3) 2 : 0.014 0.041 0.917 0.022 0.005
169 169 (6) 2 : 0.012 0.004 0.956 0.026 0.001
170 170 (4) 2 : 0.028 0.001 0.968 0.002 0.001
171 171 (2) 2 : 0.024 0.011 0.955 0.002 0.007
172 172 (6) 2 : 0.068 0.003 0.909 0.017 0.002
173 173 (1) 2 : 0.010 0.001 0.984 0.003 0.001
174 174 (3) 2 : 0.009 0.002 0.985 0.004 0.001
175 175 (2) 2 : 0.002 0.002 0.992 0.002 0.001
176 176 (4) 2 : 0.003 0.002 0.989 0.004 0.001
177 177 (2) 2 : 0.009 0.002 0.959 0.029 0.001
178 178 (3) 2 : 0.002 0.002 0.995 0.001 0.001
179 179 (1) 2 : 0.003 0.002 0.993 0.001 0.001
180 180 (7) 2 : 0.007 0.001 0.988 0.002 0.001
181 181 (0) 2 : 0.003 0.002 0.991 0.001 0.002
182 182 (0) 7 : 0.989 0.003 0.004 0.003 0.002
183 183 (0) 7 : 0.943 0.011 0.038 0.004 0.004
184 184 (1) 7 : 0.964 0.006 0.009 0.016 0.004
185 185 (0) 7 : 0.976 0.009 0.007 0.002 0.006
186 186 (2) 7 : 0.954 0.011 0.006 0.023 0.007
187 187 (0) 7 : 0.969 0.004 0.011 0.004 0.012
188 188 (1) 7 : 0.990 0.004 0.003 0.001 0.002
189 189 (1) 7 : 0.901 0.079 0.014 0.003 0.003
190 190 (0) 7 : 0.988 0.003 0.004 0.004 0.002
191 191 (0) 7 : 0.989 0.003 0.003 0.002 0.003
192 192 (2) 7 : 0.793 0.015 0.018 0.173 0.002
193 193 (1) 7 : 0.963 0.002 0.025 0.006 0.005
194 194 (1) 7 : 0.958 0.017 0.003 0.008 0.015
195 195 (0) 7 : 0.953 0.002 0.031 0.012 0.002
196 196 (0) 7 : 0.987 0.004 0.005 0.002 0.003
197 197 (1) 7 : 0.977 0.006 0.004 0.004 0.008
198 198 (1) 7 : 0.990 0.004 0.002 0.002 0.002
199 199 (0) 7 : 0.976 0.009 0.003 0.001 0.011
200 200 (0) 7 : 0.775 0.007 0.046 0.167 0.006
201 201 (1) 7 : 0.761 0.003 0.232 0.002 0.002
202 202 (0) 7 : 0.995 0.002 0.001 0.001 0.001
203 203 (1) 7 : 0.983 0.003 0.006 0.005 0.003
204 204 (1) 7 : 0.533 0.029 0.367 0.006 0.065
205 205 (0) 7 : 0.969 0.007 0.009 0.004 0.011
206 206 (2) 7 : 0.871 0.002 0.106 0.018 0.003
207 207 (2) 7 : 0.951 0.014 0.002 0.002 0.031
208 208 (2) 7 : 0.899 0.054 0.015 0.025 0.007
209 209 (0) 7 : 0.902 0.012 0.011 0.002 0.073
210 210 (1) 7 : 0.980 0.006 0.005 0.003 0.005
211 211 (0) 7 : 0.987 0.001 0.004 0.004 0.004
212 212 (10) 7 : 0.985 0.004 0.006 0.003 0.003
213 213 (1) 7 : 0.985 0.007 0.004 0.001 0.003
214 214 (0) 7 : 0.972 0.012 0.009 0.004 0.004
215 215 (2) 7 : 0.502 0.002 0.331 0.161 0.003
216 216 (1) 4 : 0.001 0.001 0.001 0.996 0.001
217 217 (1) 4 : 0.002 0.004 0.001 0.990 0.003
218 218 (1) 4 : 0.001 0.001 0.001 0.996 0.001
219 219 (1) 4 : 0.001 0.001 0.001 0.996 0.001
220 220 (1) 4 : 0.016 0.002 0.278 0.703 0.002
221 221 (1) 4 : 0.002 0.002 0.002 0.992 0.002
222 222 (10) 4 : 0.003 0.004 0.007 0.985 0.002
223 223 (2) 4 : 0.001 0.001 0.002 0.995 0.001
224 224 (0) 4 : 0.002 0.001 0.003 0.992 0.002
225 225 (2) 4 : 0.001 0.001 0.001 0.997 0.001
226 226 (0) 4 : 0.001 0.001 0.001 0.996 0.001
