1 1 (0) 3 : 0.001 0.001 0.001 0.995 0.001
2 2 (0) 3 : 0.003 0.003 0.002 0.987 0.005
3 3 (0) 3 : 0.001 0.001 0.001 0.996 0.001
4 4 (0) 3 : 0.001 0.001 0.001 0.995 0.002
5 5 (0) 3 : 0.001 0.001 0.001 0.997 0.001
6 6 (0) 3 : 0.001 0.002 0.001 0.993 0.003
7 7 (0) 3 : 0.002 0.001 0.001 0.995 0.001
8 8 (0) 3 : 0.001 0.001 0.001 0.997 0.001
9 9 (0) 3 : 0.001 0.001 0.001 0.997 0.001
10 10 (0) 3 : 0.004 0.004 0.002 0.985 0.006
11 11 (0) 3 : 0.001 0.001 0.001 0.994 0.002
12 12 (0) 3 : 0.003 0.003 0.001 0.992 0.002
13 13 (0) 3 : 0.001 0.001 0.000 0.997 0.001
14 14 (0) 3 : 0.001 0.002 0.001 0.995 0.001
15 15 (0) 3 : 0.001 0.001 0.001 0.995 0.001
16 16 (0) 3 : 0.001 0.001 0.001 0.997 0.001
17 17 (0) 3 : 0.001 0.001 0.001 0.996 0.001
18 18 (0) 3 : 0.001 0.007 0.012 0.969 0.011
19 19 (0) 3 : 0.001 0.001 0.001 0.997 0.001
20 20 (0) 3 : 0.001 0.001 0.001 0.995 0.002
21 21 (0) 3 : 0.001 0.001 0.001 0.994 0.002
22 22 (0) 3 : 0.001 0.002 0.003 0.990 0.004
23 23 (0) 3 : 0.001 0.001 0.000 0.997 0.001
24 24 (0) 3 : 0.001 0.001 0.001 0.996 0.001
25 25 (0) 3 : 0.002 0.002 0.002 0.992 0.003
26 26 (0) 3 : 0.001 0.002 0.002 0.992 0.003
27 27 (0) 3 : 0.001 0.001 0.001 0.997 0.001
28 28 (0) 3 : 0.001 0.004 0.001 0.992 0.001
29 29 (0) 3 : 0.001 0.001 0.001 0.996 0.001
30 30 (0) 3 : 0.001 0.001 0.001 0.996 0.001
31 31 (0) 3 : 0.001 0.002 0.002 0.992 0.003
32 32 (0) 3 : 0.001 0.001 0.001 0.994 0.002
33 33 (0) 3 : 0.001 0.001 0.001 0.997 0.001
34 34 (0) 3 : 0.001 0.001 0.000 0.997 0.001
35 35 (0) 3 : 0.001 0.001 0.001 0.996 0.001
36 36 (0) 5 : 0.015 0.030 0.009 0.140 0.806
37 37 (0) 5 : 0.004 0.003 0.019 0.004 0.969
38 38 (0) 6 : 0.010 0.009 0.228 0.731 0.023
39 39 (0) 6 : 0.011 0.005 0.004 0.426 0.554
40 40 (0) 6 : 0.006 0.023 0.005 0.524 0.443
41 41 (0) 6 : 0.003 0.002 0.003 0.425 0.566
42 42 (0) 6 : 0.002 0.009 0.035 0.487 0.467
43 43 (0) 5 : 0.004 0.002 0.052 0.002 0.941
44 44 (0) 5 : 0.003 0.012 0.023 0.505 0.458
45 45 (0) 5 : 0.036 0.003 0.018 0.001 0.941
46 46 (0) 5 : 0.005 0.014 0.009 0.004 0.968
47 47 (0) 5 : 0.004 0.003 0.005 0.082 0.907
48 48 (0) 5 : 0.008 0.003 0.006 0.306 0.677
49 49 (0) 5 : 0.004 0.004 0.002 0.395 0.594
50 50 (0) 5 : 0.002 0.152 0.070 0.002 0.774
51 51 (0) 5 : 0.007 0.008 0.007 0.002 0.976
52 52 (0) 6 : 0.004 0.002 0.002 0.593 0.398
53 53 (0) 6 : 0.017 0.004 0.167 0.583 0.228
54 54 (0) 6 : 0.007 0.175 0.047 0.685 0.085
55 55 (0) 6 : 0.010 0.221 0.022 0.393 0.354
56 56 (0) 6 : 0.006 0.004 0.021 0.781 0.187
57 57 (0) 6 : 0.001 0.003 0.008 0.522 0.465
58 58 (0) 6 : 0.077 0.092 0.086 0.642 0.104
59 59 (0) 6 : 0.020 0.137 0.048 0.426 0.369
60 60 (0) 6 : 0.015 0.005 0.006 0.583 0.392
61 61 (0) 6 : 0.003 0.002 0.009 0.602 0.384
62 62 (0) 6 : 0.003 0.002 0.012 0.514 0.469
63 63 (0) 6 : 0.012 0.019 0.003 0.548 0.418
64 64 (0) 6 : 0.014 0.015 0.160 0.806 0.006
65 65 (0) 6 : 0.019 0.029 0.012 0.694 0.247
66 66 (0) 6 : 0.002 0.002 0.006 0.632 0.359
67 67 (0) 6 : 0.001 0.007 0.025 0.623 0.344
68 68 (0) 6 : 0.003 0.003 0.033 0.589 0.372
69 69 (0) 6 : 0.002 0.002 0.015 0.665 0.317
70 70 (0) 6 : 0.014 0.010 0.122 0.677 0.177
71 71 (0) 6 : 0.020 0.002 0.035 0.755 0.187
72 72 (0) 6 : 0.007 0.002 0.011 0.588 0.392
73 73 (0) 6 : 0.048 0.177 0.068 0.688 0.019
74 74 (0) 6 : 0.020 0.005 0.038 0.550 0.386
75 75 (0) 6 : 0.003 0.004 0.002 0.497 0.494
76 76 (0) 6 : 0.008 0.003 0.284 0.551 0.154
77 77 (0) 6 : 0.203 0.008 0.133 0.547 0.109
78 78 (0) 6 : 0.025 0.003 0.134 0.679 0.159
79 79 (0) 6 : 0.006 0.002 0.279 0.599 0.114
80 80 (0) 6 : 0.013 0.012 0.204 0.670 0.100
81 81 (0) 6 : 0.010 0.066 0.010 0.551 0.362
82 82 (0) 6 : 0.007 0.017 0.204 0.598 0.173
83 83 (0) 6 : 0.032 0.007 0.199 0.668 0.094
84 84 (0) 6 : 0.005 0.006 0.198 0.719 0.072
85 85 (0) 6 : 0.003 0.002 0.009 0.619 0.367
86 86 (0) 6 : 0.085 0.017 0.009 0.345 0.544
87 87 (0) 6 : 0.143 0.013 0.059 0.644 0.141
88 88 (0) 5 : 0.004 0.004 0.037 0.002 0.953
89 89 (0) 5 : 0.004 0.004 0.027 0.003 0.962
90 90 (0) 5 : 0.002 0.003 0.006 0.002 0.987
91 91 (0) 5 : 0.005 0.025 0.003 0.293 0.674
92 92 (0) 5 : 0.002 0.002 0.003 0.001 0.992
93 93 (0) 5 : 0.004 0.027 0.106 0.001 0.861
94 94 (2) 1 : 0.064 0.919 0.004 0.009 0.004
95 95 (3) 1 : 0.002 0.991 0.003 0.002 0.003
96 96 (2) 1 : 0.001 0.994 0.002 0.001 0.002
97 97 (0) 1 : 0.007 0.984 0.005 0.001 0.002
98 98 (1) 1 : 0.014 0.949 0.005 0.027 0.006
99 99 (6) 1 : 0.002 0.988 0.004 0.002 0.003
100 100 (11) 1 : 0.002 0.990 0.002 0.001 0.004
101 101 (3) 1 : 0.005 0.989 0.002 0.002 0.002
102 102 (2) 1 : 0.014 0.971 0.002 0.005 0.007
103 103 (5) 1 : 0.029 0.955 0.010 0.001 0.005
104 104 (1) 1 : 0.003 0.990 0.004 0.001 0.002
105 105 (0) 1 : 0.076 0.888 0.004 0.004 0.028
106 106 (1) 1 : 0.002 0.979 0.005 0.010 0.004
107 107 (6) 1 : 0.002 0.986 0.005 0.003 0.004
108 108 (1) 1 : 0.003 0.916 0.009 0.002 0.069
109 109 (18) 1 : 0.023 0.961 0.007 0.002 0.006
110 110 (2) 1 : 0.007 0.976 0.011 0.003 0.004
111 111 (1) 1 : 0.001 0.994 0.002 0.001 0.003
112 112 (2) 1 : 0.004 0.991 0.002 0.001 0.001
113 113 (2) 1 : 0.004 0.985 0.006 0.002 0.003
114 114 (3) 1 : 0.004 0.983 0.004 0.004 0.004
115 115 (2) 1 : 0.001 0.991 0.005 0.001 0.002
116 116 (1) 1 : 0.003 0.992 0.003 0.001 0.001
117 117 (1) 1 : 0.004 0.986 0.006 0.002 0.002
118 118 (3) 1 : 0.042 0.928 0.006 0.008 0.016
119 119 (2) 1 : 0.016 0.824 0.037 0.011 0.112
120 120 (3) 1 : 0.002 0.985 0.011 0.001 0.002
121 121 (0) 1 : 0.002 0.990 0.004 0.001 0.003
122 122 (1) 1 : 0.003 0.964 0.006 0.021 0.006
123 123 (3) 1 : 0.005 0.987 0.002 0.002 0.003
124 124 (3) 1 : 0.010 0.977 0.006 0.002 0.005
125 125 (2) 1 : 0.020 0.830 0.144 0.001 0.004
126 126 (3) 1 : 0.005 0.982 0.004 0.005 0.004
127 127 (1) 1 : 0.003 0.990 0.002 0.002 0.003
128 128 (5) 1 : 0.001 0.989 0.007 0.001 0.002
129 129 (1) 1 : 0.005 0.988 0.004 0.001 0.001
130 130 (5) 1 : 0.002 0.993 0.002 0.002 0.002
131 131 (10) 1 : 0.044 0.908 0.034 0.006 0.008
132 132 (2) 1 : 0.006 0.946 0.025 0.008 0.015
133 133 (4) 1 : 0.007 0.898 0.065 0.001 0.028
134 134 (2) 1 : 0.007 0.957 0.003 0.028 0.005
135 135 (18) 1 : 0.002 0.988 0.006 0.001 0.003
136 136 (3) 1 : 0.010 0.957 0.028 0.002 0.003
137 137 (0) 1 : 0.006 0.005 0.007 0.562 0.420
138 138 (6) 1 : 0.067 0.001 0.006 0.493 0.433
139 139 (17) 2 : 0.004 0.006 0.982 0.003 0.005
140 140 (2) 2 : 0.001 0.009 0.986 0.001 0.002
141 141 (3) 2 : 0.001 0.002 0.994 0.001 0.002
142 142 (0) 2 : 0.004 0.003 0.988 0.002 0.003
143 143 (4) 2 : 0.003 0.004 0.987 0.004 0.002
144 144 (1) 2 : 0.002 0.009 0.972 0.002 0.014
145 145 (8) 2 : 0.009 0.005 0.982 0.001 0.002
146 146 (4) 2 : 0.002 0.005 0.988 0.001 0.004
147 147 (1) 2 : 0.002 0.023 0.968 0.004 0.003
148 148 (17) 2 : 0.001 0.003 0.993 0.001 0.002
149 149 (8) 2 : 0.005 0.016 0.973 0.002 0.004
150 150 (3) 2 : 0.002 0.002 0.988 0.003 0.005
151 151 (0) 2 : 0.003 0.003 0.992 0.001 0.002
152 152 (0) 2 : 0.004 0.007 0.985 0.001 0.003
153 153 (3) 2 : 0.003 0.009 0.983 0.001 0.003
154 154 (1) 2 : 0.006 0.004 0.981 0.001 0.008
155 155 (1) 2 : 0.003 0.004 0.987 0.003 0.003
156 156 (15) 2 : 0.002 0.002 0.991 0.002 0.003
157 157 (3) 2 : 0.002 0.004 0.988 0.001 0.005
158 158 (2) 2 : 0.002 0.003 0.969 0.003 0.022
159 159 (7) 2 : 0.010 0.017 0.934 0.009 0.030
160 160 (4) 2 : 0.006 0.010 0.965 0.011 0.009
161 161 (1) 2 : 0.004 0.007 0.982 0.002 0.004
162 162 (14) 2 : 0.002 0.002 0.993 0.001 0.002
163 163 (15) 2 : 0.002 0.004 0.986 0.003 0.005
164 164 (11) 2 : 0.001 0.004 0.992 0.001 0.002
165 165 (1) 2 : 0.003 0.007 0.982 0.002 0.006
166 166 (8) 2 : 0.004 0.008 0.964 0.008 0.016
167 167 (6) 2 : 0.012 0.004 0.968 0.002 0.013
168 168 (3) 2 : 0.047 0.011 0.910 0.017 0.015
169 169 (6) 2 : 0.071 0.013 0.894 0.002 0.019
170 170 (4) 2 : 0.006 0.003 0.985 0.002 0.004
171 171 (2) 2 : 0.004 0.008 0.953 0.013 0.022
172 172 (6) 2 : 0.025 0.002 0.965 0.003 0.004
173 173 (1) 2 : 0.006 0.009 0.978 0.001 0.006
174 174 (3) 2 : 0.003 0.003 0.989 0.001 0.004
175 175 (2) 2 : 0.009 0.028 0.956 0.001 0.006
176 176 (4) 2 : 0.027 0.045 0.924 0.002 0.002
177 177 (2) 2 : 0.070 0.054 0.861 0.003 0.013
178 178 (3) 2 : 0.002 0.004 0.991 0.001 0.002
179 179 (1) 2 : 0.005 0.006 0.986 0.002 0.002
180 180 (7) 2 : 0.004 0.006 0.985 0.002 0.003
181 181 (0) 2 : 0.003 0.005 0.987 0.001 0.003
182 182 (0) 7 : 0.003 0.003 0.006 0.003 0.985
183 183 (0) 7 : 0.004 0.025 0.016 0.004 0.951
184 184 (1) 7 : 0.010 0.007 0.007 0.008 0.968
185 185 (0) 7 : 0.004 0.008 0.003 0.007 0.977
186 186 (2) 7 : 0.021 0.006 0.006 0.007 0.960
187 187 (0) 7 : 0.003 0.009 0.020 0.022 0.947
188 188 (1) 7 : 0.002 0.004 0.004 0.004 0.986
189 189 (1) 7 : 0.005 0.003 0.031 0.012 0.949
190 190 (0) 7 : 0.008 0.002 0.014 0.003 0.972
191 191 (0) 7 : 0.002 0.008 0.002 0.004 0.984
192 192 (2) 7 : 0.176 0.010 0.005 0.004 0.805
193 193 (1) 7 : 0.003 0.028 0.012 0.006 0.952
194 194 (1) 7 : 0.007 0.004 0.002 0.034 0.953
195 195 (0) 7 : 0.014 0.023 0.017 0.002 0.943
196 196 (0) 7 : 0.001 0.010 0.005 0.003 0.981
197 197 (1) 7 : 0.003 0.007 0.005 0.009 0.976
198 198 (1) 7 : 0.002 0.002 0.004 0.004 0.988
199 199 (0) 7 : 0.002 0.003 0.004 0.016 0.975
200 200 (0) 7 : 0.039 0.278 0.003 0.011 0.670
201 201 (1) 7 : 0.003 0.034 0.223 0.003 0.737
202 202 (0) 7 : 0.001 0.001 0.002 0.003 0.992
203 203 (1) 7 : 0.002 0.006 0.011 0.007 0.974
204 204 (1) 7 : 0.011 0.263 0.016 0.034 0.676
205 205 (0) 7 : 0.004 0.011 0.005 0.014 0.966
206 206 (2) 7 : 0.011 0.007 0.256 0.006 0.720
207 207 (2) 7 : 0.002 0.002 0.002 0.107 0.886
208 208 (2) 7 : 0.011 0.010 0.009 0.010 0.960
209 209 (0) 7 : 0.002 0.005 0.010 0.069 0.914
210 210 (1) 7 : 0.005 0.005 0.004 0.014 0.973
211 211 (0) 7 : 0.004 0.002 0.020 0.004 0.970
212 212 (10) 7 : 0.004 0.002 0.083 0.005 0.905
213 213 (1) 7 : 0.002 0.004 0.005 0.005 0.984
214 214 (0) 7 : 0.003 0.006 0.011 0.004 0.975
215 215 (2) 7 : 0.148 0.277 0.019 0.005 0.551
216 216 (1) 4 : 0.996 0.001 0.001 0.001 0.001
217 217 (1) 4 : 0.989 0.001 0.004 0.003 0.002
218 218 (1) 4 : 0.996 0.001 0.001 0.001 0.001
219 219 (1) 4 : 0.995 0.002 0.001 0.001 0.001
220 220 (1) 4 : 0.714 0.042 0.222 0.002 0.020
221 221 (1) 4 : 0.990 0.003 0.002 0.002 0.003
222 222 (10) 4 : 0.984 0.006 0.004 0.004 0.002
223 223 (2) 4 : 0.990 0.006 0.002 0.001 0.001
224 224 (0) 4 : 0.985 0.007 0.002 0.002 0.005
225 225 (2) 4 : 0.995 0.002 0.001 0.001 0.001
226 226 (0) 4 : 0.993 0.002 0.002 0.001 0.002
1 1 (0) 3 : 0.001 0.003 0.993 0.002 0.001
2 2 (0) 3 : 0.003 0.015 0.973 0.008 0.001
3 3 (0) 3 : 0.001 0.001 0.996 0.001 0.001
4 4 (0) 3 : 0.001 0.002 0.995 0.001 0.001
5 5 (0) 3 : 0.001 0.001 0.997 0.001 0.000
6 6 (0) 3 : 0.001 0.002 0.993 0.003 0.001
7 7 (0) 3 : 0.001 0.002 0.995 0.001 0.001
8 8 (0) 3 : 0.001 0.008 0.988 0.003 0.001
9 9 (0) 3 : 0.001 0.006 0.992 0.001 0.000
10 10 (0) 3 : 0.007 0.018 0.969 0.005 0.001
11 11 (0) 3 : 0.001 0.044 0.946 0.008 0.001
12 12 (0) 3 : 0.002 0.012 0.981 0.004 0.002
13 13 (0) 3 : 0.000 0.001 0.998 0.000 0.000
14 14 (0) 3 : 0.001 0.009 0.987 0.002 0.001
15 15 (0) 3 : 0.001 0.001 0.996 0.001 0.001
16 16 (0) 3 : 0.000 0.004 0.994 0.001 0.000
17 17 (0) 3 : 0.000 0.027 0.972 0.001 0.001
18 18 (0) 3 : 0.006 0.012 0.957 0.013 0.012
19 19 (0) 3 : 0.001 0.002 0.997 0.001 0.000
20 20 (0) 3 : 0.001 0.003 0.994 0.001 0.001
21 21 (0) 3 : 0.001 0.006 0.990 0.002 0.001
22 22 (0) 3 : 0.002 0.009 0.982 0.005 0.002
23 23 (0) 3 : 0.001 0.002 0.996 0.001 0.001
24 24 (0) 3 : 0.001 0.003 0.995 0.001 0.001
25 25 (0) 3 : 0.001 0.003 0.992 0.002 0.002
26 26 (0) 3 : 0.001 0.001 0.996 0.001 0.001
27 27 (0) 3 : 0.001 0.001 0.997 0.001 0.001
28 28 (0) 3 : 0.003 0.004 0.990 0.003 0.001
29 29 (0) 3 : 0.001 0.001 0.997 0.001 0.000
30 30 (0) 3 : 0.001 0.001 0.997 0.001 0.001
31 31 (0) 3 : 0.002 0.005 0.983 0.008 0.003
32 32 (0) 3 : 0.001 0.003 0.992 0.002 0.001
33 33 (0) 3 : 0.000 0.002 0.997 0.001 0.001
34 34 (0) 3 : 0.001 0.001 0.997 0.001 0.001
35 35 (0) 3 : 0.001 0.002 0.995 0.001 0.001
36 36 (0) 5 : 0.022 0.051 0.087 0.838 0.002
37 37 (0) 5 : 0.005 0.005 0.003 0.956 0.031
38 38 (0) 6 : 0.002 0.992 0.004 0.001 0.001
39 39 (0) 6 : 0.005 0.009 0.401 0.583 0.002
40 40 (0) 6 : 0.015 0.010 0.486 0.483 0.006
41 41 (0) 6 : 0.005 0.723 0.003 0.266 0.003
42 42 (0) 6 : 0.010 0.858 0.015 0.100 0.018
43 43 (0) 5 : 0.004 0.005 0.001 0.940 0.050
44 44 (0) 5 : 0.006 0.876 0.011 0.089 0.018
45 45 (0) 5 : 0.006 0.004 0.001 0.975 0.014
46 46 (0) 5 : 0.008 0.002 0.001 0.981 0.007
47 47 (0) 5 : 0.004 0.152 0.010 0.830 0.004
48 48 (0) 5 : 0.003 0.031 0.247 0.713 0.005
49 49 (0) 5 : 0.007 0.650 0.011 0.328 0.005
50 50 (0) 5 : 0.088 0.006 0.002 0.812 0.092
51 51 (0) 5 : 0.004 0.005 0.003 0.981 0.007
52 52 (0) 6 : 0.001 0.898 0.091 0.008 0.002
53 53 (0) 6 : 0.006 0.694 0.166 0.054 0.080
54 54 (0) 6 : 0.009 0.952 0.018 0.015 0.006
55 55 (0) 6 : 0.238 0.705 0.004 0.051 0.002
56 56 (0) 6 : 0.001 0.972 0.025 0.001 0.001
57 57 (0) 6 : 0.003 0.915 0.037 0.038 0.007
58 58 (0) 6 : 0.013 0.973 0.005 0.004 0.004
59 59 (0) 6 : 0.123 0.317 0.181 0.361 0.019
60 60 (0) 6 : 0.001 0.992 0.004 0.002 0.001
61 61 (0) 6 : 0.002 0.992 0.004 0.002 0.001
62 62 (0) 6 : 0.002 0.985 0.004 0.007 0.003
63 63 (0) 6 : 0.003 0.987 0.008 0.002 0.001
64 64 (0) 6 : 0.008 0.543 0.437 0.004 0.007
65 65 (0) 6 : 0.006 0.632 0.338 0.021 0.002
66 66 (0) 6 : 0.002 0.028 0.574 0.394 0.003
67 67 (0) 6 : 0.004 0.126 0.541 0.310 0.019
68 68 (0) 6 : 0.002 0.991 0.003 0.002 0.002
69 69 (0) 6 : 0.002 0.197 0.545 0.248 0.007
70 70 (0) 6 : 0.002 0.985 0.009 0.002 0.002
71 71 (0) 6 : 0.001 0.991 0.006 0.001 0.001
72 72 (0) 6 : 0.001 0.990 0.005 0.003 0.002
73 73 (0) 6 : 0.013 0.974 0.008 0.002 0.004
74 74 (0) 6 : 0.008 0.957 0.007 0.021 0.008
75 75 (0) 6 : 0.008 0.881 0.091 0.015 0.005
76 76 (0) 6 : 0.014 0.825 0.020 0.085 0.056
77 77 (0) 6 : 0.031 0.949 0.003 0.003 0.014
78 78 (0) 6 : 0.001 0.983 0.011 0.003 0.002
79 79 (0) 6 : 0.002 0.907 0.005 0.047 0.040
80 80 (0) 6 : 0.004 0.987 0.005 0.003 0.002
81 81 (0) 6 : 0.004 0.979 0.011 0.004 0.002
82 82 (0) 6 : 0.021 0.882 0.049 0.021 0.027
83 83 (0) 6 : 0.001 0.986 0.005 0.004 0.003
84 84 (0) 6 : 0.003 0.989 0.005 0.002 0.002
85 85 (0) 6 : 0.001 0.989 0.006 0.003 0.001
86 86 (0) 6 : 0.083 0.467 0.077 0.370 0.004
87 87 (0) 6 : 0.012 0.924 0.052 0.006 0.006
88 88 (0) 5 : 0.004 0.004 0.001 0.936 0.055
89 89 (0) 5 : 0.006 0.003 0.003 0.967 0.021
90 90 (0) 5 : 0.002 0.002 0.001 0.992 0.003
91 91 (0) 5 : 0.013 0.450 0.005 0.530 0.002
92 92 (0) 5 : 0.001 0.003 0.001 0.990 0.004
93 93 (0) 5 : 0.024 0.001 0.002 0.857 0.117
94 94 (2) 1 : 0.987 0.005 0.003 0.003 0.002
95 95 (3) 1 : 0.993 0.002 0.002 0.002 0.002
96 96 (2) 1 : 0.992 0.002 0.001 0.003 0.002
97 97 (0) 1 : 0.987 0.001 0.001 0.002 0.009
98 98 (1) 1 : 0.978 0.004 0.013 0.003 0.002
99 99 (6) 1 : 0.983 0.002 0.001 0.002 0.011
100 100 (11) 1 : 0.989 0.002 0.002 0.005 0.002
101 101 (3) 1 : 0.993 0.001 0.001 0.001 0.004
102 102 (2) 1 : 0.987 0.002 0.003 0.006 0.002
103 103 (5) 1 : 0.993 0.001 0.001 0.002 0.003
104 104 (1) 1 : 0.993 0.001 0.001 0.001 0.004
105 105 (0) 1 : 0.981 0.004 0.002 0.010 0.003
106 106 (1) 1 : 0.971 0.003 0.005 0.008 0.013
107 107 (6) 1 : 0.987 0.003 0.003 0.004 0.003
108 108 (1) 1 : 0.952 0.005 0.002 0.031 0.009
109 109 (18) 1 : 0.990 0.002 0.001 0.002 0.006
110 110 (2) 1 : 0.991 0.001 0.001 0.003 0.003
111 111 (1) 1 : 0.993 0.001 0.001 0.001 0.004
112 112 (2) 1 : 0.995 0.001 0.001 0.001 0.003
113 113 (2) 1 : 0.991 0.002 0.001 0.003 0.003
114 114 (3) 1 : 0.991 0.001 0.001 0.003 0.004
115 115 (2) 1 : 0.989 0.001 0.001 0.003 0.006
116 116 (1) 1 : 0.994 0.001 0.001 0.001 0.003
117 117 (1) 1 : 0.992 0.002 0.001 0.001 0.004
118 118 (3) 1 : 0.982 0.005 0.006 0.004 0.003
119 119 (2) 1 : 0.902 0.012 0.009 0.050 0.027
120 120 (3) 1 : 0.980 0.001 0.001 0.001 0.017
121 121 (0) 1 : 0.994 0.001 0.001 0.002 0.003
122 122 (1) 1 : 0.974 0.007 0.009 0.007 0.003
123 123 (3) 1 : 0.990 0.002 0.001 0.002 0.005
124 124 (3) 1 : 0.981 0.001 0.001 0.002 0.015
125 125 (2) 1 : 0.908 0.001 0.001 0.003 0.087
126 126 (3) 1 : 0.991 0.003 0.002 0.002 0.002
127 127 (1) 1 : 0.994 0.001 0.001 0.002 0.002
128 128 (5) 1 : 0.983 0.001 0.001 0.001 0.014
129 129 (1) 1 : 0.995 0.001 0.001 0.002 0.002
130 130 (5) 1 : 0.994 0.002 0.002 0.002 0.001
131 131 (10) 1 : 0.977 0.003 0.003 0.006 0.012
132 132 (2) 1 : 0.965 0.004 0.004 0.008 0.019
133 133 (4) 1 : 0.948 0.002 0.001 0.011 0.038
134 134 (2) 1 : 0.977 0.005 0.011 0.004 0.003
135 135 (18) 1 : 0.988 0.001 0.001 0.001 0.008
136 136 (3) 1 : 0.985 0.001 0.001 0.001 0.011
137 137 (0) 1 : 0.017 0.721 0.171 0.074 0.018
138 138 (6) 1 : 0.006 0.802 0.042 0.147 0.003
139 139 (17) 2 : 0.004 0.001 0.001 0.007 0.987
140 140 (2) 2 : 0.003 0.001 0.001 0.002 0.993
141 141 (3) 2 : 0.001 0.001 0.000 0.002 0.996
142 142 (0) 2 : 0.005 0.001 0.001 0.004 0.989
143 143 (4) 2 : 0.004 0.002 0.003 0.002 0.988
144 144 (1) 2 : 0.003 0.004 0.003 0.005 0.986
145 145 (8) 2 : 0.006 0.001 0.002 0.002 0.989
146 146 (4) 2 : 0.003 0.001 0.001 0.003 0.992
147 147 (1) 2 : 0.015 0.004 0.002 0.001 0.978
148 148 (17) 2 : 0.002 0.001 0.001 0.001 0.996
149 149 (8) 2 : 0.010 0.002 0.002 0.009 0.977
150 150 (3) 2 : 0.002 0.002 0.002 0.005 0.990
151 151 (0) 2 : 0.004 0.002 0.001 0.002 0.991
152 152 (0) 2 : 0.007 0.001 0.001 0.002 0.989
153 153 (3) 2 : 0.009 0.001 0.001 0.002 0.987
154 154 (1) 2 : 0.006 0.002 0.001 0.004 0.987
155 155 (1) 2 : 0.002 0.003 0.002 0.003 0.991
156 156 (15) 2 : 0.003 0.002 0.002 0.002 0.992
157 157 (3) 2 : 0.002 0.002 0.001 0.003 0.992
158 158 (2) 2 : 0.003 0.005 0.002 0.012 0.977
159 159 (7) 2 : 0.021 0.008 0.007 0.018 0.945
160 160 (4) 2 : 0.006 0.020 0.006 0.004 0.964
161 161 (1) 2 : 0.006 0.003 0.002 0.005 0.986
162 162 (14) 2 : 0.004 0.001 0.001 0.002 0.992
163 163 (15) 2 : 0.002 0.002 0.003 0.003 0.989
164 164 (11) 2 : 0.003 0.001 0.001 0.002 0.993
165 165 (1) 2 : 0.005 0.001 0.001 0.005 0.987
166 166 (8) 2 : 0.012 0.012 0.005 0.002 0.968
167 167 (6) 2 : 0.005 0.002 0.003 0.015 0.975
168 168 (3) 2 : 0.026 0.033 0.006 0.004 0.931
169 169 (6) 2 : 0.035 0.011 0.003 0.013 0.938
170 170 (4) 2 : 0.003 0.002 0.001 0.004 0.990
171 171 (2) 2 : 0.008 0.008 0.005 0.009 0.971
172 172 (6) 2 : 0.008 0.003 0.002 0.008 0.979
173 173 (1) 2 : 0.006 0.002 0.001 0.003 0.989
174 174 (3) 2 : 0.001 0.001 0.001 0.003 0.994
175 175 (2) 2 : 0.027 0.003 0.001 0.002 0.967
176 176 (4) 2 : 0.046 0.002 0.001 0.001 0.949
177 177 (2) 2 : 0.165 0.002 0.002 0.006 0.824
178 178 (3) 2 : 0.003 0.001 0.001 0.001 0.994
179 179 (1) 2 : 0.003 0.001 0.002 0.001 0.994
180 180 (7) 2 : 0.002 0.002 0.001 0.004 0.990
181 181 (0) 2 : 0.007 0.002 0.001 0.001 0.989
182 182 (0) 7 : 0.003 0.003 0.001 0.989 0.004
183 183 (0) 7 : 0.016 0.009 0.003 0.950 0.023
184 184 (1) 7 : 0.008 0.009 0.006 0.972 0.006
185 185 (0) 7 : 0.005 0.007 0.007 0.978 0.004
186 186 (2) 7 : 0.011 0.013 0.005 0.964 0.007
187 187 (0) 7 : 0.006 0.009 0.014 0.956 0.015
188 188 (1) 7 : 0.002 0.006 0.002 0.987 0.003
189 189 (1) 7 : 0.004 0.090 0.005 0.832 0.068
190 190 (0) 7 : 0.003 0.003 0.001 0.985 0.008
191 191 (0) 7 : 0.007 0.003 0.003 0.984 0.002
192 192 (2) 7 : 0.090 0.014 0.003 0.874 0.018
193 193 (1) 7 : 0.022 0.002 0.004 0.961 0.010
194 194 (1) 7 : 0.005 0.013 0.014 0.968 0.001
195 195 (0) 7 : 0.022 0.003 0.002 0.957 0.017
196 196 (0) 7 : 0.002 0.003 0.003 0.988 0.002
197 197 (1) 7 : 0.004 0.005 0.009 0.977 0.004
198 198 (1) 7 : 0.002 0.002 0.003 0.991 0.003
199 199 (0) 7 : 0.002 0.010 0.008 0.978 0.002
200 200 (0) 7 : 0.346 0.013 0.004 0.637 0.001
201 201 (1) 7 : 0.008 0.002 0.003 0.706 0.282
202 202 (0) 7 : 0.001 0.001 0.001 0.994 0.002
203 203 (1) 7 : 0.004 0.002 0.004 0.983 0.007
204 204 (1) 7 : 0.283 0.029 0.017 0.666 0.006
205 205 (0) 7 : 0.006 0.009 0.008 0.973 0.003
206 206 (2) 7 : 0.006 0.003 0.005 0.741 0.245
207 207 (2) 7 : 0.001 0.014 0.061 0.922 0.002
208 208 (2) 7 : 0.025 0.084 0.003 0.873 0.014
209 209 (0) 7 : 0.005 0.014 0.036 0.940 0.006
210 210 (1) 7 : 0.006 0.006 0.006 0.981 0.002
211 211 (0) 7 : 0.003 0.001 0.002 0.987 0.006
212 212 (10) 7 : 0.002 0.004 0.003 0.885 0.106
213 213 (1) 7 : 0.002 0.003 0.003 0.987 0.005
214 214 (0) 7 : 0.004 0.007 0.002 0.974 0.012
215 215 (2) 7 : 0.459 0.002 0.003 0.521 0.016
216 216 (1) 4 : 0.951 0.022 0.004 0.019 0.004
217 217 (1) 4 : 0.765 0.192 0.004 0.027 0.011
218 218 (1) 4 : 0.938 0.039 0.019 0.003 0.001
219 219 (1) 4 : 0.961 0.023 0.006 0.006 0.003
220 220 (1) 4 : 0.785 0.028 0.003 0.107 0.077
221 221 (1) 4 : 0.852 0.123 0.008 0.013 0.004
222 222 (10) 4 : 0.875 0.107 0.002 0.005 0.011
223 223 (2) 4 : 0.966 0.013 0.008 0.012 0.002
224 224 (0) 4 : 0.984 0.005 0.002 0.007 0.001
225 225 (2) 4 : 0.929 0.041 0.006 0.019 0.005
226 226 (0) 4 : 0.987 0.004 0.002 0.003 0.005
1 1 (0) 3 : 0.002 0.001 0.001 0.995 0.001
2 2 (0) 3 : 0.002 0.003 0.001 0.988 0.006
3 3 (0) 3 : 0.001 0.001 0.001 0.995 0.001
4 4 (0) 3 : 0.001 0.001 0.001 0.995 0.001
5 5 (0) 3 : 0.001 0.001 0.001 0.997 0.001
6 6 (0) 3 : 0.002 0.001 0.002 0.993 0.002
7 7 (0) 3 : 0.001 0.001 0.001 0.995 0.002
8 8 (0) 3 : 0.001 0.001 0.001 0.996 0.002
9 9 (0) 3 : 0.001 0.001 0.001 0.996 0.002
10 10 (0) 3 : 0.004 0.005 0.002 0.985 0.004
11 11 (0) 3 : 0.001 0.001 0.001 0.994 0.003
12 12 (0) 3 : 0.002 0.002 0.001 0.991 0.003
13 13 (0) 3 : 0.001 0.001 0.000 0.998 0.001
14 14 (0) 3 : 0.001 0.002 0.001 0.995 0.001
15 15 (0) 3 : 0.001 0.001 0.001 0.995 0.002
16 16 (0) 3 : 0.001 0.001 0.001 0.997 0.001
17 17 (0) 3 : 0.002 0.001 0.001 0.996 0.001
18 18 (0) 3 : 0.002 0.009 0.008 0.970 0.010
19 19 (0) 3 : 0.001 0.001 0.001 0.997 0.001
20 20 (0) 3 : 0.001 0.001 0.001 0.995 0.001
21 21 (0) 3 : 0.001 0.001 0.001 0.994 0.002
22 22 (0) 3 : 0.002 0.002 0.003 0.990 0.003
23 23 (0) 3 : 0.001 0.001 0.001 0.997 0.001
24 24 (0) 3 : 0.001 0.001 0.001 0.996 0.001
25 25 (0) 3 : 0.002 0.002 0.002 0.990 0.004
26 26 (0) 3 : 0.001 0.001 0.001 0.993 0.003
27 27 (0) 3 : 0.001 0.001 0.001 0.996 0.001
28 28 (0) 3 : 0.001 0.003 0.001 0.993 0.002
29 29 (0) 3 : 0.001 0.001 0.001 0.996 0.001
30 30 (0) 3 : 0.001 0.001 0.001 0.997 0.001
31 31 (0) 3 : 0.001 0.001 0.002 0.991 0.004
32 32 (0) 3 : 0.001 0.001 0.001 0.993 0.003
33 33 (0) 3 : 0.001 0.001 0.001 0.997 0.001
34 34 (0) 3 : 0.001 0.001 0.001 0.997 0.001
35 35 (0) 3 : 0.001 0.001 0.001 0.995 0.001
36 36 (0) 5 : 0.012 0.019 0.011 0.141 0.817
37 37 (0) 5 : 0.003 0.003 0.011 0.004 0.980
38 38 (0) 6 : 0.008 0.014 0.209 0.729 0.040
39 39 (0) 6 : 0.009 0.003 0.002 0.427 0.560
40 40 (0) 6 : 0.006 0.020 0.003 0.520 0.451
41 41 (0) 6 : 0.004 0.003 0.003 0.427 0.563
42 42 (0) 6 : 0.002 0.011 0.014 0.477 0.496
43 43 (0) 5 : 0.004 0.004 0.053 0.002 0.937
44 44 (0) 5 : 0.002 0.018 0.026 0.513 0.442
45 45 (0) 5 : 0.034 0.007 0.022 0.002 0.935
46 46 (0) 5 : 0.002 0.018 0.015 0.003 0.962
47 47 (0) 5 : 0.004 0.002 0.008 0.080 0.906
48 48 (0) 5 : 0.005 0.006 0.009 0.309 0.671
49 49 (0) 5 : 0.004 0.006 0.014 0.397 0.579
50 50 (0) 5 : 0.002 0.112 0.065 0.004 0.817
51 51 (0) 5 : 0.011 0.007 0.008 0.004 0.971
52 52 (0) 6 : 0.006 0.003 0.003 0.594 0.394
53 53 (0) 6 : 0.019 0.003 0.205 0.615 0.158
54 54 (0) 6 : 0.010 0.135 0.032 0.659 0.164
55 55 (0) 6 : 0.028 0.206 0.006 0.393 0.367
56 56 (0) 6 : 0.007 0.013 0.018 0.796 0.166
57 57 (0) 6 : 0.002 0.003 0.006 0.529 0.460
58 58 (0) 6 : 0.059 0.125 0.103 0.656 0.058
59 59 (0) 6 : 0.016 0.108 0.076 0.420 0.380
60 60 (0) 6 : 0.014 0.006 0.016 0.601 0.363
61 61 (0) 6 : 0.005 0.004 0.005 0.597 0.389
62 62 (0) 6 : 0.002 0.002 0.010 0.510 0.475
63 63 (0) 6 : 0.018 0.032 0.010 0.566 0.374
64 64 (0) 6 : 0.028 0.015 0.144 0.798 0.015
65 65 (0) 6 : 0.018 0.015 0.009 0.693 0.265
66 66 (0) 6 : 0.002 0.002 0.006 0.631 0.359
67 67 (0) 6 : 0.001 0.012 0.008 0.618 0.361
68 68 (0) 6 : 0.003 0.004 0.029 0.601 0.363
69 69 (0) 6 : 0.005 0.002 0.008 0.674 0.311
70 70 (0) 6 : 0.004 0.023 0.119 0.679 0.175
71 71 (0) 6 : 0.021 0.005 0.040 0.758 0.177
72 72 (0) 6 : 0.008 0.002 0.011 0.605 0.374
73 73 (0) 6 : 0.020 0.211 0.063 0.686 0.021
74 74 (0) 6 : 0.024 0.003 0.019 0.548 0.407
75 75 (0) 6 : 0.005 0.003 0.003 0.500 0.488
76 76 (0) 6 : 0.005 0.007 0.242 0.538 0.208
77 77 (0) 6 : 0.232 0.009 0.099 0.545 0.115
78 78 (0) 6 : 0.060 0.008 0.135 0.704 0.094
79 79 (0) 6 : 0.010 0.002 0.320 0.620 0.047
80 80 (0) 6 : 0.011 0.009 0.241 0.685 0.054
81 81 (0) 6 : 0.016 0.041 0.010 0.546 0.387
82 82 (0) 6 : 0.006 0.009 0.165 0.576 0.245
83 83 (0) 6 : 0.023 0.006 0.238 0.698 0.036
84 84 (0) 6 : 0.004 0.008 0.215 0.733 0.040
85 85 (0) 6 : 0.004 0.002 0.007 0.632 0.355
86 86 (0) 6 : 0.046 0.028 0.012 0.345 0.570
87 87 (0) 6 : 0.156 0.021 0.060 0.652 0.109
88 88 (0) 5 : 0.005 0.005 0.081 0.002 0.907
89 89 (0) 5 : 0.011 0.004 0.025 0.003 0.957
90 90 (0) 5 : 0.001 0.002 0.005 0.002 0.989
91 91 (0) 5 : 0.003 0.025 0.002 0.298 0.672
92 92 (0) 5 : 0.002 0.002 0.004 0.003 0.989
93 93 (0) 5 : 0.004 0.024 0.079 0.002 0.891
94 94 (2) 1 : 0.099 0.885 0.004 0.008 0.003
95 95 (3) 1 : 0.002 0.991 0.003 0.002 0.002
96 96 (2) 1 : 0.001 0.994 0.002 0.001 0.002
97 97 (0) 1 : 0.006 0.984 0.006 0.001 0.002
98 98 (1) 1 : 0.018 0.945 0.006 0.026 0.006
99 99 (6) 1 : 0.001 0.986 0.007 0.002 0.004
100 100 (11) 1 : 0.003 0.988 0.003 0.003 0.004
101 101 (3) 1 : 0.002 0.990 0.004 0.002 0.002
102 102 (2) 1 : 0.015 0.965 0.005 0.006 0.008
103 103 (5) 1 : 0.022 0.963 0.009 0.002 0.004
104 104 (1) 1 : 0.004 0.988 0.004 0.001 0.003
105 105 (0) 1 : 0.087 0.879 0.005 0.003 0.026
106 106 (1) 1 : 0.002 0.971 0.012 0.008 0.008
107 107 (6) 1 : 0.001 0.988 0.003 0.004 0.003
108 108 (1) 1 : 0.003 0.929 0.010 0.002 0.057
109 109 (18) 1 : 0.032 0.951 0.008 0.001 0.007
110 110 (2) 1 : 0.008 0.977 0.008 0.002 0.004
111 111 (1) 1 : 0.002 0.993 0.002 0.001 0.001
112 112 (2) 1 : 0.006 0.990 0.002 0.001 0.001
113 113 (2) 1 : 0.002 0.989 0.004 0.001 0.003
114 114 (3) 1 : 0.003 0.987 0.004 0.002 0.003
115 115 (2) 1 : 0.001 0.989 0.006 0.001 0.003
116 116 (1) 1 : 0.003 0.991 0.005 0.001 0.001
117 117 (1) 1 : 0.004 0.988 0.004 0.001 0.003
118 118 (3) 1 : 0.043 0.920 0.009 0.013 0.016
119 119 (2) 1 : 0.018 0.814 0.052 0.013 0.103
120 120 (3) 1 : 0.002 0.985 0.010 0.002 0.001
121 121 (0) 1 : 0.003 0.990 0.003 0.001 0.002
122 122 (1) 1 : 0.003 0.965 0.007 0.015 0.010
123 123 (3) 1 : 0.007 0.985 0.003 0.003 0.002
124 124 (3) 1 : 0.011 0.977 0.005 0.001 0.006
125 125 (2) 1 : 0.013 0.840 0.143 0.001 0.003
126 126 (3) 1 : 0.006 0.986 0.003 0.004 0.002
127 127 (1) 1 : 0.004 0.990 0.002 0.001 0.002
128 128 (5) 1 : 0.002 0.987 0.008 0.001 0.002
129 129 (1) 1 : 0.003 0.988 0.004 0.001 0.003
130 130 (5) 1 : 0.002 0.993 0.002 0.002 0.001
131 131 (10) 1 : 0.039 0.924 0.030 0.004 0.003
132 132 (2) 1 : 0.009 0.947 0.022 0.010 0.012
133 133 (4) 1 : 0.003 0.900 0.069 0.001 0.027
134 134 (2) 1 : 0.007 0.955 0.002 0.031 0.005
135 135 (18) 1 : 0.003 0.984 0.010 0.001 0.002
136 136 (3) 1 : 0.011 0.965 0.019 0.002 0.003
137 137 (0) 1 : 0.011 0.004 0.009 0.570 0.406
138 138 (6) 1 : 0.075 0.002 0.004 0.502 0.417
139 139 (17) 2 : 0.005 0.003 0.981 0.003 0.007
140 140 (2) 2 : 0.001 0.011 0.984 0.001 0.002
141 141 (3) 2 : 0.001 0.001 0.996 0.001 0.001
142 142 (0) 2 : 0.006 0.006 0.983 0.002 0.004
143 143 (4) 2 : 0.003 0.003 0.989 0.003 0.002
144 144 (1) 2 : 0.001 0.007 0.974 0.005 0.013
145 145 (8) 2 : 0.009 0.006 0.978 0.002 0.004
146 146 (4) 2 : 0.002 0.004 0.991 0.001 0.002
147 147 (1) 2 : 0.003 0.026 0.965 0.003 0.003
148 148 (17) 2 : 0.001 0.002 0.994 0.001 0.002
149 149 (8) 2 : 0.003 0.010 0.982 0.002 0.004
150 150 (3) 2 : 0.003 0.003 0.985 0.004 0.005
151 151 (0) 2 : 0.002 0.004 0.990 0.001 0.002
152 152 (0) 2 : 0.005 0.003 0.988 0.001 0.003
153 153 (3) 2 : 0.003 0.008 0.986 0.001 0.002
154 154 (1) 2 : 0.004 0.007 0.983 0.001 0.005
155 155 (1) 2 : 0.002 0.003 0.990 0.002 0.003
156 156 (15) 2 : 0.003 0.002 0.991 0.002 0.002
157 157 (3) 2 : 0.002 0.003 0.988 0.001 0.005
158 158 (2) 2 : 0.003 0.005 0.963 0.004 0.025
159 159 (7) 2 : 0.007 0.017 0.935 0.014 0.027
160 160 (4) 2 : 0.006 0.012 0.961 0.010 0.010
161 161 (1) 2 : 0.007 0.006 0.979 0.002 0.006
162 162 (14) 2 : 0.002 0.003 0.992 0.001 0.002
163 163 (15) 2 : 0.004 0.004 0.986 0.002 0.004
164 164 (11) 2 : 0.002 0.004 0.991 0.001 0.002
165 165 (1) 2 : 0.003 0.009 0.979 0.002 0.007
166 166 (8) 2 : 0.003 0.010 0.966 0.008 0.012
167 167 (6) 2 : 0.007 0.003 0.971 0.005 0.014
168 168 (3) 2 : 0.064 0.014 0.894 0.019 0.009
169 169 (6) 2 : 0.078 0.008 0.902 0.003 0.009
170 170 (4) 2 : 0.004 0.004 0.984 0.001 0.008
171 171 (2) 2 : 0.004 0.007 0.965 0.015 0.010
172 172 (6) 2 : 0.029 0.003 0.960 0.002 0.006
173 173 (1) 2 : 0.007 0.007 0.979 0.002 0.005
174 174 (3) 2 : 0.004 0.003 0.988 0.001 0.004
175 175 (2) 2 : 0.006 0.052 0.936 0.002 0.004
176 176 (4) 2 : 0.032 0.053 0.911 0.002 0.002
177 177 (2) 2 : 0.053 0.070 0.866 0.002 0.009
178 178 (3) 2 : 0.001 0.005 0.991 0.001 0.002
179 179 (1) 2 : 0.004 0.006 0.987 0.001 0.002
180 180 (7) 2 : 0.003 0.005 0.985 0.001 0.005
181 181 (0) 2 : 0.003 0.004 0.988 0.002 0.003
182 182 (0) 7 : 0.002 0.003 0.004 0.003 0.988
183 183 (0) 7 : 0.003 0.013 0.026 0.009 0.948
184 184 (1) 7 : 0.011 0.006 0.008 0.005 0.970
185 185 (0) 7 : 0.005 0.003 0.004 0.014 0.974
186 186 (2) 7 : 0.019 0.006 0.007 0.009 0.958
187 187 (0) 7 : 0.009 0.007 0.019 0.025 0.939
188 188 (1) 7 : 0.001 0.003 0.002 0.003 0.991
189 189 (1) 7 : 0.005 0.005 0.029 0.010 0.950
190 190 (0) 7 : 0.004 0.003 0.014 0.004 0.975
191 191 (0) 7 : 0.002 0.007 0.003 0.004 0.984
192 192 (2) 7 : 0.176 0.019 0.012 0.009 0.784
193 193 (1) 7 : 0.003 0.030 0.015 0.004 0.948
194 194 (1) 7 : 0.013 0.005 0.003 0.032 0.948
195 195 (0) 7 : 0.013 0.023 0.020 0.002 0.942
196 196 (0) 7 : 0.001 0.006 0.003 0.005 0.984
197 197 (1) 7 : 0.004 0.007 0.004 0.017 0.968
198 198 (1) 7 : 0.001 0.002 0.003 0.004 0.989
199 199 (0) 7 : 0.001 0.002 0.003 0.015 0.978
200 200 (0) 7 : 0.051 0.242 0.003 0.007 0.697
201 201 (1) 7 : 0.002 0.015 0.284 0.003 0.696
202 202 (0) 7 : 0.001 0.001 0.003 0.002 0.993
203 203 (1) 7 : 0.003 0.006 0.016 0.004 0.972
204 204 (1) 7 : 0.023 0.243 0.014 0.035 0.685
205 205 (0) 7 : 0.006 0.012 0.005 0.016 0.960
206 206 (2) 7 : 0.011 0.009 0.217 0.009 0.754
207 207 (2) 7 : 0.002 0.002 0.004 0.124 0.869
208 208 (2) 7 : 0.023 0.007 0.009 0.012 0.949
209 209 (0) 7 : 0.002 0.004 0.014 0.101 0.879
210 210 (1) 7 : 0.004 0.008 0.002 0.006 0.980
211 211 (0) 7 : 0.004 0.004 0.015 0.004 0.973
212 212 (10) 7 : 0.004 0.003 0.080 0.005 0.908
213 213 (1) 7 : 0.001 0.003 0.007 0.006 0.983
214 214 (0) 7 : 0.003 0.003 0.019 0.003 0.973
215 215 (2) 7 : 0.138 0.280 0.026 0.005 0.552
216 216 (1) 4 : 0.996 0.001 0.001 0.001 0.001
217 217 (1) 4 : 0.990 0.001 0.003 0.004 0.002
218 218 (1) 4 : 0.995 0.002 0.001 0.001 0.001
219 219 (1) 4 : 0.996 0.001 0.001 0.001 0.001
220 220 (1) 4 : 0.726 0.050 0.206 0.003 0.015
221 221 (1) 4 : 0.988 0.004 0.003 0.003 0.003
222 222 (10) 4 : 0.985 0.006 0.004 0.004 0.002
223 223 (2) 4 : 0.992 0.004 0.002 0.001 0.001
224 224 (0) 4 : 0.980 0.012 0.002 0.002 0.003
225 225 (2) 4 : 0.995 0.001 0.001 0.001 0.001
226 226 (0) 4 : 0.995 0.002 0.002 0.001 0.001
1 1 (0) 3 : 0.001 0.995 0.001 0.001 0.001
2 2 (0) 3 : 0.007 0.986 0.001 0.003 0.003
3 3 (0) 3 : 0.002 0.995 0.001 0.001 0.001
4 4 (0) 3 : 0.002 0.995 0.001 0.001 0.001
5 5 (0) 3 : 0.001 0.997 0.001 0.001 0.001
6 6 (0) 3 : 0.003 0.991 0.002 0.002 0.002
7 7 (0) 3 : 0.002 0.996 0.001 0.002 0.001
8 8 (0) 3 : 0.001 0.997 0.001 0.001 0.001
9 9 (0) 3 : 0.001 0.996 0.001 0.001 0.001
10 10 (0) 3 : 0.004 0.988 0.001 0.003 0.004
11 11 (0) 3 : 0.005 0.991 0.001 0.001 0.002
12 12 (0) 3 : 0.003 0.990 0.001 0.003 0.002
13 13 (0) 3 : 0.001 0.997 0.001 0.001 0.001
14 14 (0) 3 : 0.001 0.995 0.001 0.001 0.001
15 15 (0) 3 : 0.001 0.994 0.001 0.002 0.002
16 16 (0) 3 : 0.002 0.996 0.001 0.001 0.001
17 17 (0) 3 : 0.001 0.996 0.001 0.001 0.001
18 18 (0) 3 : 0.006 0.977 0.009 0.002 0.006
19 19 (0) 3 : 0.001 0.997 0.001 0.001 0.001
20 20 (0) 3 : 0.002 0.995 0.001 0.001 0.001
21 21 (0) 3 : 0.003 0.993 0.001 0.001 0.001
22 22 (0) 3 : 0.003 0.990 0.003 0.002 0.002
23 23 (0) 3 : 0.001 0.997 0.001 0.001 0.001
24 24 (0) 3 : 0.001 0.996 0.001 0.001 0.001
25 25 (0) 3 : 0.003 0.992 0.002 0.002 0.002
26 26 (0) 3 : 0.003 0.992 0.002 0.001 0.002
27 27 (0) 3 : 0.001 0.997 0.001 0.001 0.001
28 28 (0) 3 : 0.002 0.993 0.001 0.002 0.003
29 29 (0) 3 : 0.001 0.996 0.001 0.001 0.001
30 30 (0) 3 : 0.001 0.997 0.001 0.001 0.001
31 31 (0) 3 : 0.003 0.992 0.002 0.002 0.002
32 32 (0) 3 : 0.002 0.993 0.001 0.001 0.002
33 33 (0) 3 : 0.001 0.997 0.001 0.001 0.001
34 34 (0) 3 : 0.001 0.997 0.001 0.001 0.001
35 35 (0) 3 : 0.001 0.996 0.001 0.001 0.001
36 36 (0) 5 : 0.815 0.141 0.005 0.022 0.017
37 37 (0) 5 : 0.975 0.007 0.012 0.003 0.003
38 38 (0) 6 : 0.060 0.717 0.207 0.008 0.008
39 39 (0) 6 : 0.569 0.420 0.003 0.005 0.002
40 40 (0) 6 : 0.429 0.517 0.005 0.006 0.043
41 41 (0) 6 : 0.564 0.425 0.004 0.003 0.004
42 42 (0) 6 : 0.465 0.484 0.024 0.002 0.024
43 43 (0) 5 : 0.933 0.002 0.056 0.005 0.003
44 44 (0) 5 : 0.465 0.503 0.023 0.002 0.006
45 45 (0) 5 : 0.946 0.002 0.012 0.035 0.004
46 46 (0) 5 : 0.971 0.004 0.007 0.005 0.013
47 47 (0) 5 : 0.902 0.085 0.007 0.003 0.003
48 48 (0) 5 : 0.670 0.299 0.019 0.006 0.005
49 49 (0) 5 : 0.581 0.393 0.012 0.009 0.005
50 50 (0) 5 : 0.820 0.002 0.060 0.002 0.115
51 51 (0) 5 : 0.970 0.004 0.008 0.008 0.010
52 52 (0) 6 : 0.394 0.589 0.006 0.007 0.004
53 53 (0) 6 : 0.195 0.601 0.181 0.020 0.002
54 54 (0) 6 : 0.248 0.634 0.026 0.005 0.086
55 55 (0) 6 : 0.335 0.397 0.045 0.008 0.216
56 56 (0) 6 : 0.196 0.779 0.008 0.008 0.009
57 57 (0) 6 : 0.466 0.522 0.004 0.002 0.005
58 58 (0) 6 : 0.069 0.655 0.130 0.069 0.077
59 59 (0) 6 : 0.269 0.465 0.161 0.015 0.091
60 60 (0) 6 : 0.383 0.589 0.007 0.015 0.006
61 61 (0) 6 : 0.356 0.612 0.026 0.003 0.003
62 62 (0) 6 : 0.464 0.513 0.018 0.003 0.002
63 63 (0) 6 : 0.382 0.557 0.021 0.011 0.029
64 64 (0) 6 : 0.022 0.793 0.139 0.029 0.017
65 65 (0) 6 : 0.198 0.709 0.011 0.026 0.056
66 66 (0) 6 : 0.345 0.638 0.013 0.001 0.002
67 67 (0) 6 : 0.322 0.634 0.030 0.002 0.012
68 68 (0) 6 : 0.353 0.603 0.038 0.002 0.004
69 69 (0) 6 : 0.319 0.665 0.011 0.003 0.002
70 70 (0) 6 : 0.161 0.683 0.119 0.012 0.025
71 71 (0) 6 : 0.205 0.748 0.031 0.014 0.003
72 72 (0) 6 : 0.383 0.600 0.008 0.008 0.002
73 73 (0) 6 : 0.015 0.693 0.099 0.061 0.131
74 74 (0) 6 : 0.429 0.536 0.015 0.014 0.005
75 75 (0) 6 : 0.483 0.497 0.004 0.006 0.010
76 76 (0) 6 : 0.313 0.495 0.181 0.005 0.007
77 77 (0) 6 : 0.088 0.552 0.149 0.204 0.007
78 78 (0) 6 : 0.099 0.703 0.155 0.040 0.003
79 79 (0) 6 : 0.046 0.626 0.319 0.008 0.002
80 80 (0) 6 : 0.085 0.675 0.229 0.009 0.002
81 81 (0) 6 : 0.418 0.528 0.017 0.013 0.023
82 82 (0) 6 : 0.196 0.592 0.191 0.005 0.016
83 83 (0) 6 : 0.005 0.703 0.267 0.022 0.003
84 84 (0) 6 : 0.035 0.726 0.225 0.006 0.007
85 85 (0) 6 : 0.365 0.624 0.005 0.003 0.002
86 86 (0) 6 : 0.535 0.348 0.020 0.064 0.033
87 87 (0) 6 : 0.120 0.657 0.072 0.126 0.025
88 88 (0) 5 : 0.940 0.001 0.052 0.004 0.003
89 89 (0) 5 : 0.964 0.002 0.019 0.009 0.006
90 90 (0) 5 : 0.989 0.002 0.005 0.001 0.003
91 91 (0) 5 : 0.681 0.295 0.004 0.004 0.016
92 92 (0) 5 : 0.991 0.003 0.003 0.002 0.001
93 93 (0) 5 : 0.876 0.002 0.105 0.003 0.014
94 94 (2) 1 : 0.005 0.007 0.004 0.078 0.906
95 95 (3) 1 : 0.002 0.002 0.002 0.001 0.993
96 96 (2) 1 : 0.002 0.001 0.002 0.002 0.993
97 97 (0) 1 : 0.002 0.001 0.006 0.011 0.981
98 98 (1) 1 : 0.006 0.026 0.004 0.014 0.950
99 99 (6) 1 : 0.002 0.002 0.007 0.002 0.987
100 100 (11) 1 : 0.003 0.002 0.002 0.002 0.991
101 101 (3) 1 : 0.002 0.001 0.003 0.004 0.989
102 102 (2) 1 : 0.006 0.006 0.005 0.014 0.968
103 103 (5) 1 : 0.006 0.002 0.008 0.028 0.956
104 104 (1) 1 : 0.002 0.001 0.003 0.003 0.991
105 105 (0) 1 : 0.033 0.004 0.003 0.053 0.907
106 106 (1) 1 : 0.007 0.007 0.009 0.002 0.975
107 107 (6) 1 : 0.004 0.003 0.002 0.002 0.989
108 108 (1) 1 : 0.068 0.003 0.009 0.003 0.918
109 109 (18) 1 : 0.009 0.001 0.009 0.031 0.949
110 110 (2) 1 : 0.004 0.003 0.008 0.008 0.977
111 111 (1) 1 : 0.001 0.001 0.002 0.001 0.994
112 112 (2) 1 : 0.002 0.001 0.003 0.004 0.991
113 113 (2) 1 : 0.004 0.001 0.005 0.004 0.986
114 114 (3) 1 : 0.005 0.002 0.005 0.003 0.984
115 115 (2) 1 : 0.003 0.001 0.004 0.001 0.991
116 116 (1) 1 : 0.001 0.001 0.004 0.003 0.991
117 117 (1) 1 : 0.002 0.002 0.009 0.003 0.984
118 118 (3) 1 : 0.018 0.007 0.005 0.052 0.917
119 119 (2) 1 : 0.114 0.012 0.039 0.007 0.829
120 120 (3) 1 : 0.002 0.002 0.010 0.001 0.985
121 121 (0) 1 : 0.002 0.001 0.003 0.003 0.991
122 122 (1) 1 : 0.007 0.023 0.004 0.004 0.962
123 123 (3) 1 : 0.003 0.002 0.003 0.007 0.985
124 124 (3) 1 : 0.005 0.002 0.009 0.009 0.975
125 125 (2) 1 : 0.003 0.001 0.180 0.011 0.805
126 126 (3) 1 : 0.005 0.003 0.002 0.005 0.986
127 127 (1) 1 : 0.002 0.001 0.001 0.002 0.993
128 128 (5) 1 : 0.002 0.001 0.011 0.002 0.984
129 129 (1) 1 : 0.002 0.001 0.003 0.004 0.990
130 130 (5) 1 : 0.002 0.002 0.002 0.002 0.993
131 131 (10) 1 : 0.008 0.005 0.037 0.044 0.906
132 132 (2) 1 : 0.016 0.009 0.017 0.009 0.949
133 133 (4) 1 : 0.014 0.001 0.078 0.006 0.900
134 134 (2) 1 : 0.006 0.027 0.002 0.004 0.961
135 135 (18) 1 : 0.003 0.001 0.009 0.003 0.984
136 136 (3) 1 : 0.004 0.003 0.021 0.006 0.966
137 137 (0) 1 : 0.418 0.566 0.004 0.008 0.004
138 138 (6) 1 : 0.459 0.496 0.003 0.040 0.002
139 139 (17) 2 : 0.013 0.002 0.979 0.004 0.002
140 140 (2) 2 : 0.003 0.001 0.987 0.002 0.006
141 141 (3) 2 : 0.001 0.000 0.995 0.001 0.001
142 142 (0) 2 : 0.004 0.002 0.986 0.004 0.003
143 143 (4) 2 : 0.005 0.004 0.984 0.004 0.004
144 144 (1) 2 : 0.012 0.003 0.977 0.002 0.007
145 145 (8) 2 : 0.002 0.002 0.983 0.006 0.007
146 146 (4) 2 : 0.002 0.001 0.990 0.003 0.004
147 147 (1) 2 : 0.004 0.002 0.972 0.004 0.018
148 148 (17) 2 : 0.003 0.001 0.994 0.001 0.001
149 149 (8) 2 : 0.005 0.002 0.974 0.005 0.014
150 150 (3) 2 : 0.005 0.002 0.988 0.003 0.002
151 151 (0) 2 : 0.004 0.002 0.988 0.002 0.005
152 152 (0) 2 : 0.002 0.001 0.991 0.005 0.002
153 153 (3) 2 : 0.002 0.001 0.988 0.003 0.006
154 154 (1) 2 : 0.007 0.001 0.984 0.004 0.004
155 155 (1) 2 : 0.003 0.003 0.989 0.003 0.002
156 156 (15) 2 : 0.002 0.002 0.990 0.002 0.003
157 157 (3) 2 : 0.005 0.001 0.988 0.002 0.004
158 158 (2) 2 : 0.024 0.002 0.966 0.003 0.004
159 159 (7) 2 : 0.046 0.011 0.925 0.005 0.013
160 160 (4) 2 : 0.010 0.010 0.966 0.005 0.009
161 161 (1) 2 : 0.006 0.003 0.976 0.007 0.007
162 162 (14) 2 : 0.002 0.002 0.992 0.002 0.003
163 163 (15) 2 : 0.008 0.006 0.980 0.003 0.003
164 164 (11) 2 : 0.003 0.001 0.991 0.002 0.003
165 165 (1) 2 : 0.007 0.002 0.978 0.004 0.010
166 166 (8) 2 : 0.010 0.007 0.968 0.004 0.010
167 167 (6) 2 : 0.019 0.003 0.969 0.007 0.002
168 168 (3) 2 : 0.013 0.018 0.907 0.052 0.010
169 169 (6) 2 : 0.011 0.003 0.924 0.048 0.015
170 170 (4) 2 : 0.006 0.001 0.987 0.004 0.002
171 171 (2) 2 : 0.019 0.016 0.957 0.004 0.005
172 172 (6) 2 : 0.005 0.002 0.962 0.028 0.004
173 173 (1) 2 : 0.005 0.002 0.980 0.008 0.006
174 174 (3) 2 : 0.004 0.001 0.988 0.005 0.002
175 175 (2) 2 : 0.003 0.002 0.956 0.010 0.029
176 176 (4) 2 : 0.003 0.001 0.912 0.036 0.048
177 177 (2) 2 : 0.013 0.002 0.858 0.061 0.067
178 178 (3) 2 : 0.001 0.001 0.991 0.002 0.006
179 179 (1) 2 : 0.001 0.001 0.990 0.003 0.004
180 180 (7) 2 : 0.004 0.001 0.988 0.003 0.003
181 181 (0) 2 : 0.002 0.003 0.986 0.004 0.005
182 182 (0) 7 : 0.987 0.002 0.004 0.003 0.004
183 183 (0) 7 : 0.946 0.007 0.022 0.005 0.021
184 184 (1) 7 : 0.961 0.006 0.011 0.016 0.006
185 185 (0) 7 : 0.970 0.012 0.004 0.004 0.010
186 186 (2) 7 : 0.947 0.011 0.010 0.026 0.006
187 187 (0) 7 : 0.952 0.018 0.011 0.009 0.010
188 188 (1) 7 : 0.984 0.005 0.004 0.002 0.006
189 189 (1) 7 : 0.955 0.011 0.026 0.004 0.005
190 190 (0) 7 : 0.974 0.003 0.017 0.004 0.003
191 191 (0) 7 : 0.983 0.006 0.003 0.003 0.006
192 192 (2) 7 : 0.786 0.007 0.009 0.187 0.012
193 193 (1) 7 : 0.940 0.005 0.013 0.004 0.038
194 194 (1) 7 : 0.956 0.029 0.002 0.010 0.003
195 195 (0) 7 : 0.938 0.003 0.017 0.015 0.027
196 196 (0) 7 : 0.986 0.004 0.003 0.001 0.007
197 197 (1) 7 : 0.975 0.010 0.008 0.002 0.005
198 198 (1) 7 : 0.990 0.003 0.004 0.001 0.002
199 199 (0) 7 : 0.976 0.014 0.003 0.002 0.004
200 200 (0) 7 : 0.688 0.009 0.003 0.067 0.233
201 201 (1) 7 : 0.745 0.002 0.226 0.002 0.025
202 202 (0) 7 : 0.992 0.002 0.003 0.002 0.001
203 203 (1) 7 : 0.974 0.003 0.015 0.003 0.005
204 204 (1) 7 : 0.668 0.034 0.029 0.014 0.255
205 205 (0) 7 : 0.972 0.011 0.005 0.004 0.008
206 206 (2) 7 : 0.743 0.005 0.230 0.011 0.010
207 207 (2) 7 : 0.895 0.099 0.003 0.002 0.002
208 208 (2) 7 : 0.943 0.012 0.013 0.018 0.014
209 209 (0) 7 : 0.886 0.093 0.013 0.003 0.005
210 210 (1) 7 : 0.983 0.006 0.002 0.003 0.006
211 211 (0) 7 : 0.982 0.003 0.009 0.003 0.003
212 212 (10) 7 : 0.919 0.005 0.068 0.006 0.002
213 213 (1) 7 : 0.983 0.008 0.005 0.002 0.003
214 214 (0) 7 : 0.970 0.005 0.018 0.004 0.003
215 215 (2) 7 : 0.538 0.005 0.026 0.142 0.289
216 216 (1) 4 : 0.001 0.001 0.001 0.997 0.001
217 217 (1) 4 : 0.003 0.005 0.002 0.989 0.001
218 218 (1) 4 : 0.001 0.001 0.001 0.995 0.001
219 219 (1) 4 : 0.001 0.001 0.001 0.996 0.001
220 220 (1) 4 : 0.014 0.003 0.207 0.722 0.053
221 221 (1) 4 : 0.002 0.003 0.003 0.988 0.003
222 222 (10) 4 : 0.003 0.004 0.004 0.983 0.007
223 223 (2) 4 : 0.001 0.001 0.002 0.992 0.004
224 224 (0) 4 : 0.003 0.002 0.003 0.983 0.009
225 225 (2) 4 : 0.001 0.001 0.001 0.996 0.002
226 226 (0) 4 : 0.002 0.001 0.001 0.995 0.002
1 1 (0) 3 : 0.994 0.001 0.002 0.001 0.001
2 2 (0) 3 : 0.986 0.006 0.001 0.003 0.004
3 3 (0) 3 : 0.996 0.001 0.001 0.001 0.001
4 4 (0) 3 : 0.995 0.002 0.002 0.001 0.001
5 5 (0) 3 : 0.997 0.001 0.001 0.001 0.001
6 6 (0) 3 : 0.993 0.003 0.001 0.002 0.001
7 7 (0) 3 : 0.996 0.001 0.001 0.001 0.001
8 8 (0) 3 : 0.997 0.001 0.001 0.001 0.001
9 9 (0) 3 : 0.996 0.002 0.001 0.001 0.002
10 10 (0) 3 : 0.985 0.004 0.001 0.003 0.006
11 11 (0) 3 : 0.992 0.004 0.001 0.001 0.002
12 12 (0) 3 : 0.991 0.004 0.001 0.002 0.002
13 13 (0) 3 : 0.998 0.001 0.000 0.000 0.001
14 14 (0) 3 : 0.996 0.001 0.001 0.001 0.001
15 15 (0) 3 : 0.995 0.002 0.001 0.001 0.001
16 16 (0) 3 : 0.997 0.001 0.001 0.001 0.001
17 17 (0) 3 : 0.996 0.001 0.001 0.001 0.001
18 18 (0) 3 : 0.974 0.009 0.006 0.003 0.008
19 19 (0) 3 : 0.997 0.001 0.001 0.001 0.001
20 20 (0) 3 : 0.995 0.001 0.001 0.001 0.002
21 21 (0) 3 : 0.993 0.002 0.001 0.002 0.001
22 22 (0) 3 : 0.991 0.003 0.003 0.002 0.002
23 23 (0) 3 : 0.997 0.001 0.001 0.001 0.001
24 24 (0) 3 : 0.996 0.001 0.001 0.001 0.001
25 25 (0) 3 : 0.991 0.003 0.002 0.002 0.002
26 26 (0) 3 : 0.993 0.003 0.002 0.001 0.001
27 27 (0) 3 : 0.996 0.001 0.001 0.001 0.001
28 28 (0) 3 : 0.993 0.002 0.001 0.002 0.002
29 29 (0) 3 : 0.996 0.001 0.001 0.001 0.001
30 30 (0) 3 : 0.996 0.001 0.001 0.001 0.001
31 31 (0) 3 : 0.993 0.003 0.002 0.001 0.001
32 32 (0) 3 : 0.992 0.004 0.001 0.001 0.001
33 33 (0) 3 : 0.997 0.001 0.001 0.001 0.001
34 34 (0) 3 : 0.997 0.001 0.001 0.001 0.001
35 35 (0) 3 : 0.996 0.001 0.001 0.001 0.001
36 36 (0) 5 : 0.141 0.803 0.008 0.030 0.019
37 37 (0) 5 : 0.005 0.969 0.021 0.003 0.002
38 38 (0) 6 : 0.734 0.017 0.228 0.011 0.011
39 39 (0) 6 : 0.424 0.565 0.002 0.007 0.002
40 40 (0) 6 : 0.514 0.455 0.003 0.008 0.020
41 41 (0) 6 : 0.425 0.565 0.004 0.003 0.003
42 42 (0) 6 : 0.478 0.484 0.025 0.002 0.011
43 43 (0) 5 : 0.001 0.940 0.051 0.004 0.004
44 44 (0) 5 : 0.502 0.462 0.021 0.003 0.012
45 45 (0) 5 : 0.001 0.944 0.018 0.034 0.003
46 46 (0) 5 : 0.003 0.975 0.010 0.003 0.009
47 47 (0) 5 : 0.083 0.900 0.011 0.002 0.005
48 48 (0) 5 : 0.275 0.706 0.010 0.004 0.004
49 49 (0) 5 : 0.400 0.575 0.016 0.006 0.003
50 50 (0) 5 : 0.003 0.837 0.047 0.003 0.110
51 51 (0) 5 : 0.002 0.969 0.009 0.011 0.009
52 52 (0) 6 : 0.598 0.387 0.005 0.006 0.003
53 53 (0) 6 : 0.574 0.250 0.137 0.037 0.002
54 54 (0) 6 : 0.646 0.195 0.037 0.007 0.115
55 55 (0) 6 : 0.374 0.421 0.027 0.015 0.163
56 56 (0) 6 : 0.798 0.162 0.018 0.013 0.009
57 57 (0) 6 : 0.534 0.442 0.018 0.001 0.005
58 58 (0) 6 : 0.659 0.066 0.181 0.060 0.034
59 59 (0) 6 : 0.404 0.438 0.025 0.021 0.111
60 60 (0) 6 : 0.597 0.375 0.006 0.018 0.005
61 61 (0) 6 : 0.604 0.381 0.007 0.004 0.004
62 62 (0) 6 : 0.519 0.464 0.010 0.004 0.003
63 63 (0) 6 : 0.566 0.370 0.018 0.019 0.026
64 64 (0) 6 : 0.796 0.018 0.130 0.035 0.022
65 65 (0) 6 : 0.692 0.258 0.004 0.015 0.031
66 66 (0) 6 : 0.631 0.359 0.005 0.002 0.004
67 67 (0) 6 : 0.617 0.359 0.011 0.001 0.011
68 68 (0) 6 : 0.604 0.341 0.048 0.003 0.004
69 69 (0) 6 : 0.658 0.331 0.004 0.005 0.001
70 70 (0) 6 : 0.703 0.106 0.167 0.013 0.011
71 71 (0) 6 : 0.756 0.192 0.039 0.010 0.003
72 72 (0) 6 : 0.604 0.385 0.006 0.003 0.002
73 73 (0) 6 : 0.696 0.010 0.141 0.017 0.136
74 74 (0) 6 : 0.549 0.387 0.037 0.022 0.005
75 75 (0) 6 : 0.519 0.450 0.021 0.003 0.008
76 76 (0) 6 : 0.522 0.236 0.229 0.005 0.009
77 77 (0) 6 : 0.549 0.108 0.095 0.229 0.019
78 78 (0) 6 : 0.717 0.048 0.194 0.034 0.006
79 79 (0) 6 : 0.622 0.050 0.320 0.006 0.001
80 80 (0) 6 : 0.668 0.110 0.200 0.020 0.003
81 81 (0) 6 : 0.533 0.403 0.006 0.016 0.041
82 82 (0) 6 : 0.571 0.252 0.161 0.005 0.012
83 83 (0) 6 : 0.677 0.078 0.216 0.025 0.005
84 84 (0) 6 : 0.740 0.013 0.228 0.003 0.015
85 85 (0) 6 : 0.632 0.360 0.004 0.003 0.001
86 86 (0) 6 : 0.346 0.524 0.015 0.085 0.030
87 87 (0) 6 : 0.614 0.231 0.010 0.127 0.017
88 88 (0) 5 : 0.002 0.949 0.044 0.002 0.002
89 89 (0) 5 : 0.002 0.957 0.031 0.006 0.004
90 90 (0) 5 : 0.001 0.991 0.003 0.002 0.002
91 91 (0) 5 : 0.293 0.671 0.004 0.009 0.024
92 92 (0) 5 : 0.003 0.991 0.003 0.002 0.002
93 93 (0) 5 : 0.002 0.896 0.073 0.002 0.028
94 94 (2) 1 : 0.004 0.004 0.004 0.064 0.924
95 95 (3) 1 : 0.002 0.003 0.002 0.002 0.991
96 96 (2) 1 : 0.001 0.002 0.002 0.001 0.993
97 97 (0) 1 : 0.001 0.002 0.008 0.007 0.983
98 98 (1) 1 : 0.021 0.005 0.005 0.019 0.949
99 99 (6) 1 : 0.003 0.003 0.012 0.002 0.980
100 100 (11) 1 : 0.003 0.004 0.003 0.003 0.987
101 101 (3) 1 : 0.002 0.003 0.005 0.004 0.986
102 102 (2) 1 : 0.004 0.008 0.004 0.019 0.965
103 103 (5) 1 : 0.002 0.005 0.010 0.018 0.965
104 104 (1) 1 : 0.001 0.002 0.005 0.004 0.988
105 105 (0) 1 : 0.005 0.029 0.004 0.045 0.917
106 106 (1) 1 : 0.008 0.006 0.008 0.002 0.976
107 107 (6) 1 : 0.004 0.006 0.004 0.002 0.985
108 108 (1) 1 : 0.004 0.072 0.011 0.002 0.910
109 109 (18) 1 : 0.002 0.005 0.009 0.020 0.964
110 110 (2) 1 : 0.002 0.005 0.007 0.012 0.974
111 111 (1) 1 : 0.001 0.001 0.002 0.002 0.994
112 112 (2) 1 : 0.001 0.002 0.004 0.006 0.988
113 113 (2) 1 : 0.002 0.005 0.008 0.005 0.981
114 114 (3) 1 : 0.003 0.002 0.003 0.007 0.985
115 115 (2) 1 : 0.001 0.003 0.003 0.001 0.992
116 116 (1) 1 : 0.001 0.002 0.004 0.003 0.991
117 117 (1) 1 : 0.001 0.002 0.006 0.004 0.987
118 118 (3) 1 : 0.011 0.015 0.007 0.041 0.925
119 119 (2) 1 : 0.013 0.140 0.041 0.008 0.799
120 120 (3) 1 : 0.001 0.003 0.009 0.001 0.986
121 121 (0) 1 : 0.001 0.002 0.001 0.002 0.993
122 122 (1) 1 : 0.022 0.007 0.003 0.002 0.967
123 123 (3) 1 : 0.002 0.004 0.004 0.007 0.984
124 124 (3) 1 : 0.002 0.005 0.016 0.012 0.965
125 125 (2) 1 : 0.002 0.004 0.158 0.017 0.819
126 126 (3) 1 : 0.005 0.003 0.004 0.006 0.982
127 127 (1) 1 : 0.002 0.002 0.002 0.003 0.991
128 128 (5) 1 : 0.001 0.003 0.010 0.002 0.984
129 129 (1) 1 : 0.001 0.003 0.003 0.004 0.990
130 130 (5) 1 : 0.002 0.001 0.001 0.002 0.994
131 131 (10) 1 : 0.006 0.007 0.041 0.035 0.912
132 132 (2) 1 : 0.006 0.011 0.028 0.005 0.950
133 133 (4) 1 : 0.001 0.022 0.060 0.004 0.913
134 134 (2) 1 : 0.025 0.005 0.003 0.003 0.964
135 135 (18) 1 : 0.001 0.003 0.010 0.003 0.983
136 136 (3) 1 : 0.003 0.004 0.020 0.008 0.965
137 137 (0) 1 : 0.560 0.420 0.005 0.008 0.007
138 138 (6) 1 : 0.495 0.457 0.004 0.042 0.002
139 139 (17) 2 : 0.002 0.009 0.982 0.005 0.003
140 140 (2) 2 : 0.001 0.001 0.988 0.002 0.008
141 141 (3) 2 : 0.000 0.002 0.995 0.001 0.001
142 142 (0) 2 : 0.001 0.005 0.983 0.006 0.005
143 143 (4) 2 : 0.003 0.002 0.988 0.004 0.003
144 144 (1) 2 : 0.003 0.012 0.977 0.001 0.006
145 145 (8) 2 : 0.002 0.004 0.977 0.012 0.005
146 146 (4) 2 : 0.001 0.003 0.991 0.002 0.004
147 147 (1) 2 : 0.003 0.004 0.969 0.002 0.022
148 148 (17) 2 : 0.001 0.002 0.994 0.001 0.001
149 149 (8) 2 : 0.002 0.005 0.979 0.003 0.011
150 150 (3) 2 : 0.003 0.003 0.987 0.005 0.002
151 151 (0) 2 : 0.002 0.002 0.991 0.003 0.002
152 152 (0) 2 : 0.001 0.002 0.981 0.006 0.010
153 153 (3) 2 : 0.001 0.002 0.988 0.003 0.006
154 154 (1) 2 : 0.001 0.005 0.984 0.003 0.007
155 155 (1) 2 : 0.003 0.003 0.989 0.003 0.002
156 156 (15) 2 : 0.002 0.003 0.990 0.003 0.002
157 157 (3) 2 : 0.001 0.004 0.988 0.002 0.004
158 158 (2) 2 : 0.003 0.017 0.975 0.002 0.003
159 159 (7) 2 : 0.010 0.035 0.930 0.006 0.019
160 160 (4) 2 : 0.016 0.008 0.961 0.005 0.009
161 161 (1) 2 : 0.002 0.005 0.980 0.004 0.008
162 162 (14) 2 : 0.001 0.001 0.992 0.003 0.003
163 163 (15) 2 : 0.004 0.004 0.985 0.003 0.005
164 164 (11) 2 : 0.001 0.001 0.990 0.002 0.006
165 165 (1) 2 : 0.002 0.005 0.984 0.003 0.006
166 166 (8) 2 : 0.008 0.013 0.970 0.003 0.006
167 167 (6) 2 : 0.005 0.018 0.969 0.006 0.003
168 168 (3) 2 : 0.014 0.008 0.900 0.070 0.008
169 169 (6) 2 : 0.002 0.006 0.902 0.076 0.013
170 170 (4) 2 : 0.001 0.006 0.983 0.005 0.005
171 171 (2) 2 : 0.015 0.016 0.960 0.004 0.005
172 172 (6) 2 : 0.002 0.007 0.959 0.030 0.002
173 173 (1) 2 : 0.001 0.007 0.976 0.008 0.007
174 174 (3) 2 : 0.001 0.005 0.987 0.003 0.003
175 175 (2) 2 : 0.001 0.003 0.960 0.005 0.030
176 176 (4) 2 : 0.002 0.002 0.921 0.021 0.054
177 177 (2) 2 : 0.002 0.011 0.862 0.056 0.070
178 178 (3) 2 : 0.001 0.002 0.991 0.002 0.005
179 179 (1) 2 : 0.001 0.002 0.990 0.004 0.003
180 180 (7) 2 : 0.001 0.006 0.985 0.003 0.004
181 181 (0) 2 : 0.002 0.002 0.983 0.003 0.011
182 182 (0) 7 : 0.002 0.987 0.003 0.003 0.005
183 183 (0) 7 : 0.006 0.957 0.015 0.005 0.017
184 184 (1) 7 : 0.004 0.967 0.012 0.010 0.007
185 185 (0) 7 : 0.009 0.975 0.004 0.006 0.007
186 186 (2) 7 : 0.008 0.958 0.006 0.023 0.005
187 187 (0) 7 : 0.023 0.941 0.023 0.007 0.007
188 188 (1) 7 : 0.003 0.991 0.003 0.001 0.002
189 189 (1) 7 : 0.015 0.949 0.030 0.003 0.003
190 190 (0) 7 : 0.003 0.975 0.014 0.004 0.004
191 191 (0) 7 : 0.008 0.982 0.003 0.002 0.005
192 192 (2) 7 : 0.005 0.791 0.010 0.178 0.015
193 193 (1) 7 : 0.005 0.941 0.010 0.003 0.041
194 194 (1) 7 : 0.020 0.966 0.002 0.007 0.005
195 195 (0) 7 : 0.002 0.940 0.017 0.021 0.020
196 196 (0) 7 : 0.006 0.984 0.003 0.002 0.006
197 197 (1) 7 : 0.015 0.969 0.005 0.004 0.008
198 198 (1) 7 : 0.002 0.992 0.003 0.002 0.001
199 199 (0) 7 : 0.011 0.982 0.003 0.001 0.002
200 200 (0) 7 : 0.006 0.700 0.001 0.039 0.252
201 201 (1) 7 : 0.003 0.784 0.192 0.004 0.017
202 202 (0) 7 : 0.002 0.991 0.004 0.001 0.001
203 203 (1) 7 : 0.004 0.978 0.012 0.002 0.004
204 204 (1) 7 : 0.030 0.687 0.012 0.020 0.251
205 205 (0) 7 : 0.012 0.968 0.005 0.004 0.011
206 206 (2) 7 : 0.010 0.723 0.248 0.008 0.011
207 207 (2) 7 : 0.110 0.882 0.003 0.002 0.002
208 208 (2) 7 : 0.009 0.948 0.007 0.025 0.011
209 209 (0) 7 : 0.071 0.912 0.010 0.001 0.005
210 210 (1) 7 : 0.006 0.982 0.003 0.004 0.005
211 211 (0) 7 : 0.002 0.983 0.006 0.006 0.002
212 212 (10) 7 : 0.005 0.901 0.088 0.004 0.002
213 213 (1) 7 : 0.007 0.977 0.010 0.002 0.004
214 214 (0) 7 : 0.004 0.979 0.010 0.005 0.002
215 215 (2) 7 : 0.004 0.547 0.036 0.134 0.280
216 216 (1) 4 : 0.001 0.001 0.001 0.996 0.001
217 217 (1) 4 : 0.005 0.002 0.003 0.990 0.001
218 218 (1) 4 : 0.001 0.001 0.001 0.994 0.002
219 219 (1) 4 : 0.001 0.001 0.001 0.996 0.002
220 220 (1) 4 : 0.003 0.027 0.184 0.728 0.059
221 221 (1) 4 : 0.002 0.002 0.002 0.988 0.005
222 222 (10) 4 : 0.003 0.002 0.005 0.986 0.004
223 223 (2) 4 : 0.001 0.001 0.002 0.992 0.003
224 224 (0) 4 : 0.002 0.004 0.002 0.984 0.008
225 225 (2) 4 : 0.001 0.002 0.001 0.995 0.001
226 226 (0) 4 : 0.001 0.001 0.002 0.994 0.003
1 1 (0) 3 : 0.995 0.001 0.002 0.001 0.001
2 2 (0) 3 : 0.987 0.002 0.002 0.005 0.003
3 3 (0) 3 : 0.994 0.001 0.001 0.003 0.001
4 4 (0) 3 : 0.995 0.001 0.001 0.001 0.001
5 5 (0) 3 : 0.997 0.001 0.001 0.001 0.001
6 6 (0) 3 : 0.993 0.001 0.002 0.003 0.001
7 7 (0) 3 : 0.996 0.001 0.001 0.001 0.001
8 8 (0) 3 : 0.997 0.001 0.001 0.001 0.001
9 9 (0) 3 : 0.996 0.001 0.001 0.002 0.001
10 10 (0) 3 : 0.984 0.002 0.004 0.006 0.004
11 11 (0) 3 : 0.991 0.002 0.001 0.005 0.002
12 12 (0) 3 : 0.990 0.001 0.002 0.004 0.003
13 13 (0) 3 : 0.997 0.001 0.001 0.001 0.001
14 14 (0) 3 : 0.995 0.001 0.001 0.002 0.001
15 15 (0) 3 : 0.994 0.001 0.002 0.001 0.002
16 16 (0) 3 : 0.997 0.001 0.001 0.001 0.001
17 17 (0) 3 : 0.997 0.001 0.001 0.001 0.001
18 18 (0) 3 : 0.967 0.011 0.004 0.010 0.008
19 19 (0) 3 : 0.996 0.001 0.001 0.001 0.001
20 20 (0) 3 : 0.994 0.001 0.001 0.002 0.002
21 21 (0) 3 : 0.993 0.002 0.002 0.003 0.001
22 22 (0) 3 : 0.991 0.002 0.002 0.003 0.002
23 23 (0) 3 : 0.997 0.001 0.001 0.001 0.001
24 24 (0) 3 : 0.997 0.001 0.001 0.001 0.001
25 25 (0) 3 : 0.991 0.003 0.002 0.003 0.002
26 26 (0) 3 : 0.993 0.001 0.001 0.003 0.002
27 27 (0) 3 : 0.996 0.001 0.001 0.002 0.001
28 28 (0) 3 : 0.994 0.001 0.001 0.002 0.002
29 29 (0) 3 : 0.996 0.001 0.001 0.001 0.001
30 30 (0) 3 : 0.996 0.001 0.001 0.001 0.001
31 31 (0) 3 : 0.992 0.003 0.001 0.003 0.001
32 32 (0) 3 : 0.992 0.001 0.002 0.004 0.001
33 33 (0) 3 : 0.997 0.001 0.001 0.001 0.000
34 34 (0) 3 : 0.997 0.001 0.001 0.001 0.001
35 35 (0) 3 : 0.996 0.001 0.001 0.001 0.001
36 36 (0) 5 : 0.148 0.010 0.013 0.811 0.019
37 37 (0) 5 : 0.007 0.021 0.003 0.967 0.002
38 38 (0) 6 : 0.712 0.189 0.012 0.078 0.010
39 39 (0) 6 : 0.433 0.003 0.005 0.557 0.002
40 40 (0) 6 : 0.513 0.005 0.005 0.464 0.013
41 41 (0) 6 : 0.423 0.002 0.004 0.568 0.003
42 42 (0) 6 : 0.476 0.026 0.002 0.474 0.021
43 43 (0) 5 : 0.002 0.075 0.005 0.916 0.002
44 44 (0) 5 : 0.508 0.029 0.004 0.450 0.008
45 45 (0) 5 : 0.001 0.027 0.034 0.932 0.005
46 46 (0) 5 : 0.004 0.008 0.005 0.963 0.020
47 47 (0) 5 : 0.073 0.006 0.003 0.915 0.004
48 48 (0) 5 : 0.301 0.011 0.004 0.678 0.007
49 49 (0) 5 : 0.398 0.029 0.011 0.557 0.006
50 50 (0) 5 : 0.004 0.035 0.002 0.817 0.142
51 51 (0) 5 : 0.004 0.009 0.012 0.965 0.010
52 52 (0) 6 : 0.581 0.003 0.004 0.407 0.005
53 53 (0) 6 : 0.596 0.191 0.014 0.196 0.003
54 54 (0) 6 : 0.618 0.012 0.007 0.288 0.075
55 55 (0) 6 : 0.393 0.024 0.013 0.354 0.216
56 56 (0) 6 : 0.761 0.009 0.006 0.219 0.005
57 57 (0) 6 : 0.525 0.008 0.001 0.459 0.007
58 58 (0) 6 : 0.639 0.111 0.063 0.102 0.085
59 59 (0) 6 : 0.407 0.030 0.019 0.423 0.121
60 60 (0) 6 : 0.581 0.004 0.017 0.393 0.004
61 61 (0) 6 : 0.609 0.024 0.007 0.356 0.004
62 62 (0) 6 : 0.501 0.009 0.004 0.485 0.002
63 63 (0) 6 : 0.546 0.011 0.015 0.417 0.011
64 64 (0) 6 : 0.799 0.124 0.034 0.008 0.035
65 65 (0) 6 : 0.674 0.009 0.014 0.296 0.007
66 66 (0) 6 : 0.620 0.003 0.002 0.372 0.002
67 67 (0) 6 : 0.643 0.048 0.002 0.291 0.016
68 68 (0) 6 : 0.588 0.024 0.004 0.381 0.003
69 69 (0) 6 : 0.656 0.004 0.004 0.334 0.003
70 70 (0) 6 : 0.687 0.129 0.008 0.147 0.029
71 71 (0) 6 : 0.743 0.025 0.013 0.216 0.004
72 72 (0) 6 : 0.594 0.007 0.003 0.393 0.003
73 73 (0) 6 : 0.673 0.087 0.032 0.062 0.146
74 74 (0) 6 : 0.533 0.019 0.023 0.420 0.005
75 75 (0) 6 : 0.492 0.003 0.003 0.495 0.007
76 76 (0) 6 : 0.437 0.073 0.011 0.471 0.008
77 77 (0) 6 : 0.526 0.080 0.227 0.142 0.024
78 78 (0) 6 : 0.676 0.122 0.022 0.176 0.004
79 79 (0) 6 : 0.600 0.279 0.008 0.111 0.002
80 80 (0) 6 : 0.666 0.221 0.011 0.096 0.006
81 81 (0) 6 : 0.527 0.018 0.007 0.423 0.025
82 82 (0) 6 : 0.584 0.197 0.010 0.200 0.009
83 83 (0) 6 : 0.644 0.132 0.023 0.194 0.008
84 84 (0) 6 : 0.706 0.154 0.003 0.132 0.005
85 85 (0) 6 : 0.619 0.011 0.005 0.364 0.001
86 86 (0) 6 : 0.344 0.013 0.077 0.535 0.031
87 87 (0) 6 : 0.637 0.075 0.122 0.143 0.022
88 88 (0) 5 : 0.001 0.075 0.005 0.914 0.005
89 89 (0) 5 : 0.005 0.032 0.010 0.948 0.004
90 90 (0) 5 : 0.002 0.004 0.002 0.990 0.003
91 91 (0) 5 : 0.288 0.003 0.006 0.689 0.014
92 92 (0) 5 : 0.002 0.004 0.001 0.990 0.002
93 93 (0) 5 : 0.002 0.112 0.002 0.859 0.026
94 94 (2) 1 : 0.008 0.005 0.065 0.006 0.916
95 95 (3) 1 : 0.002 0.002 0.002 0.001 0.993
96 96 (2) 1 : 0.001 0.002 0.001 0.002 0.994
97 97 (0) 1 : 0.002 0.005 0.007 0.003 0.983
98 98 (1) 1 : 0.022 0.005 0.016 0.005 0.951
99 99 (6) 1 : 0.002 0.009 0.001 0.002 0.986
100 100 (11) 1 : 0.004 0.003 0.002 0.005 0.986
101 101 (3) 1 : 0.003 0.004 0.006 0.002 0.985
102 102 (2) 1 : 0.004 0.004 0.011 0.007 0.975
103 103 (5) 1 : 0.002 0.011 0.018 0.006 0.964
104 104 (1) 1 : 0.001 0.005 0.003 0.002 0.989
105 105 (0) 1 : 0.004 0.002 0.077 0.015 0.903
106 106 (1) 1 : 0.008 0.007 0.002 0.005 0.978
107 107 (6) 1 : 0.002 0.004 0.003 0.004 0.987
108 108 (1) 1 : 0.002 0.009 0.003 0.061 0.924
109 109 (18) 1 : 0.002 0.012 0.029 0.008 0.950
110 110 (2) 1 : 0.001 0.005 0.007 0.005 0.982
111 111 (1) 1 : 0.001 0.003 0.002 0.002 0.993
112 112 (2) 1 : 0.001 0.004 0.003 0.001 0.991
113 113 (2) 1 : 0.002 0.007 0.006 0.002 0.984
114 114 (3) 1 : 0.002 0.004 0.006 0.005 0.983
115 115 (2) 1 : 0.001 0.003 0.001 0.002 0.992
116 116 (1) 1 : 0.001 0.004 0.004 0.001 0.989
117 117 (1) 1 : 0.001 0.004 0.005 0.003 0.987
118 118 (3) 1 : 0.011 0.005 0.038 0.016 0.930
119 119 (2) 1 : 0.012 0.027 0.013 0.113 0.835
120 120 (3) 1 : 0.001 0.007 0.002 0.001 0.988
121 121 (0) 1 : 0.001 0.003 0.002 0.002 0.992
122 122 (1) 1 : 0.018 0.006 0.003 0.007 0.966
123 123 (3) 1 : 0.002 0.003 0.005 0.004 0.986
124 124 (3) 1 : 0.001 0.009 0.013 0.004 0.973
125 125 (2) 1 : 0.001 0.152 0.010 0.003 0.834
126 126 (3) 1 : 0.004 0.002 0.005 0.005 0.983
127 127 (1) 1 : 0.002 0.002 0.003 0.003 0.990
128 128 (5) 1 : 0.001 0.009 0.001 0.002 0.986
129 129 (1) 1 : 0.001 0.005 0.004 0.002 0.988
130 130 (5) 1 : 0.001 0.002 0.002 0.001 0.994
131 131 (10) 1 : 0.005 0.042 0.033 0.011 0.908
132 132 (2) 1 : 0.007 0.015 0.007 0.016 0.956
133 133 (4) 1 : 0.002 0.070 0.004 0.017 0.907
134 134 (2) 1 : 0.026 0.003 0.005 0.003 0.963
135 135 (18) 1 : 0.001 0.008 0.004 0.002 0.984
136 136 (3) 1 : 0.002 0.020 0.009 0.002 0.966
137 137 (0) 1 : 0.566 0.007 0.007 0.410 0.009
138 138 (6) 1 : 0.501 0.003 0.053 0.440 0.003
139 139 (17) 2 : 0.002 0.987 0.005 0.005 0.002
140 140 (2) 2 : 0.001 0.989 0.002 0.002 0.006
141 141 (3) 2 : 0.001 0.995 0.002 0.001 0.002
142 142 (0) 2 : 0.001 0.983 0.004 0.004 0.008
143 143 (4) 2 : 0.003 0.987 0.003 0.003 0.004
144 144 (1) 2 : 0.004 0.978 0.001 0.010 0.007
145 145 (8) 2 : 0.001 0.984 0.009 0.002 0.004
146 146 (4) 2 : 0.001 0.988 0.002 0.003 0.006
147 147 (1) 2 : 0.003 0.963 0.006 0.003 0.025
148 148 (17) 2 : 0.001 0.995 0.001 0.002 0.002
149 149 (8) 2 : 0.002 0.972 0.005 0.004 0.016
150 150 (3) 2 : 0.003 0.986 0.003 0.005 0.002
151 151 (0) 2 : 0.001 0.990 0.002 0.002 0.004
152 152 (0) 2 : 0.001 0.987 0.006 0.002 0.004
153 153 (3) 2 : 0.001 0.984 0.003 0.005 0.006
154 154 (1) 2 : 0.001 0.980 0.005 0.008 0.007
155 155 (1) 2 : 0.003 0.989 0.001 0.004 0.003
156 156 (15) 2 : 0.002 0.991 0.002 0.003 0.003
157 157 (3) 2 : 0.001 0.986 0.002 0.007 0.004
158 158 (2) 2 : 0.004 0.964 0.002 0.024 0.005
159 159 (7) 2 : 0.011 0.935 0.009 0.031 0.014
160 160 (4) 2 : 0.013 0.963 0.005 0.006 0.013
161 161 (1) 2 : 0.003 0.972 0.008 0.005 0.013
162 162 (14) 2 : 0.002 0.991 0.002 0.002 0.004
163 163 (15) 2 : 0.005 0.978 0.004 0.007 0.005
164 164 (11) 2 : 0.001 0.991 0.002 0.002 0.005
165 165 (1) 2 : 0.002 0.977 0.005 0.008 0.008
166 166 (8) 2 : 0.009 0.964 0.004 0.015 0.008
167 167 (6) 2 : 0.003 0.959 0.012 0.023 0.004
168 168 (3) 2 : 0.012 0.879 0.084 0.013 0.012
169 169 (6) 2 : 0.002 0.893 0.080 0.013 0.012
170 170 (4) 2 : 0.001 0.982 0.007 0.006 0.004
171 171 (2) 2 : 0.012 0.959 0.006 0.019 0.003
172 172 (6) 2 : 0.002 0.960 0.028 0.008 0.002
173 173 (1) 2 : 0.001 0.977 0.006 0.009 0.005
174 174 (3) 2 : 0.002 0.987 0.004 0.004 0.003
175 175 (2) 2 : 0.002 0.947 0.006 0.002 0.043
176 176 (4) 2 : 0.003 0.920 0.038 0.002 0.037
177 177 (2) 2 : 0.002 0.856 0.070 0.005 0.067
178 178 (3) 2 : 0.001 0.991 0.002 0.002 0.005
179 179 (1) 2 : 0.002 0.988 0.003 0.001 0.006
180 180 (7) 2 : 0.002 0.984 0.004 0.005 0.005
181 181 (0) 2 : 0.003 0.981 0.003 0.003 0.010
182 182 (0) 7 : 0.002 0.005 0.003 0.986 0.004
183 183 (0) 7 : 0.004 0.015 0.004 0.964 0.014
184 184 (1) 7 : 0.006 0.010 0.016 0.963 0.005
185 185 (0) 7 : 0.007 0.003 0.007 0.977 0.007
186 186 (2) 7 : 0.008 0.007 0.034 0.942 0.010
187 187 (0) 7 : 0.018 0.017 0.005 0.953 0.007
188 188 (1) 7 : 0.004 0.004 0.002 0.985 0.005
189 189 (1) 7 : 0.010 0.026 0.005 0.956 0.003
190 190 (0) 7 : 0.002 0.012 0.005 0.978 0.004
191 191 (0) 7 : 0.005 0.003 0.002 0.979 0.012
192 192 (2) 7 : 0.006 0.015 0.173 0.801 0.005
193 193 (1) 7 : 0.007 0.011 0.006 0.943 0.034
194 194 (1) 7 : 0.022 0.002 0.018 0.956 0.003
195 195 (0) 7 : 0.002 0.018 0.015 0.946 0.018
196 196 (0) 7 : 0.003 0.003 0.001 0.985 0.007
197 197 (1) 7 : 0.013 0.005 0.004 0.970 0.008
198 198 (1) 7 : 0.004 0.002 0.001 0.990 0.003
199 199 (0) 7 : 0.023 0.005 0.002 0.967 0.003
200 200 (0) 7 : 0.006 0.003 0.034 0.683 0.274
201 201 (1) 7 : 0.004 0.250 0.003 0.725 0.018
202 202 (0) 7 : 0.002 0.003 0.002 0.992 0.001
203 203 (1) 7 : 0.003 0.011 0.003 0.978 0.004
204 204 (1) 7 : 0.030 0.024 0.007 0.676 0.264
205 205 (0) 7 : 0.013 0.006 0.006 0.963 0.011
206 206 (2) 7 : 0.005 0.204 0.011 0.767 0.012
207 207 (2) 7 : 0.099 0.002 0.002 0.896 0.002
208 208 (2) 7 : 0.010 0.007 0.017 0.954 0.011
209 209 (0) 7 : 0.109 0.020 0.002 0.865 0.004
210 210 (1) 7 : 0.008 0.004 0.004 0.974 0.010
211 211 (0) 7 : 0.003 0.014 0.004 0.977 0.002
212 212 (10) 7 : 0.003 0.078 0.005 0.912 0.002
213 213 (1) 7 : 0.009 0.006 0.002 0.982 0.002
214 214 (0) 7 : 0.004 0.011 0.003 0.977 0.004
215 215 (2) 7 : 0.007 0.023 0.127 0.547 0.296
216 216 (1) 4 : 0.001 0.001 0.995 0.001 0.001
217 217 (1) 4 : 0.003 0.003 0.991 0.002 0.001
218 218 (1) 4 : 0.001 0.001 0.995 0.001 0.002
219 219 (1) 4 : 0.001 0.001 0.995 0.001 0.002
220 220 (1) 4 : 0.002 0.239 0.722 0.018 0.018
221 221 (1) 4 : 0.002 0.002 0.990 0.003 0.003
222 222 (10) 4 : 0.005 0.003 0.984 0.002 0.005
223 223 (2) 4 : 0.001 0.002 0.991 0.002 0.004
224 224 (0) 4 : 0.001 0.002 0.983 0.002 0.011
225 225 (2) 4 : 0.001 0.001 0.996 0.001 0.001
226 226 (0) 4 : 0.001 0.001 0.995 0.001 0.002
1 1 (0) 3 : 0.001 0.001 0.996 0.001 0.001
2 2 (0) 3 : 0.004 0.005 0.987 0.002 0.002
3 3 (0) 3 : 0.001 0.002 0.995 0.001 0.001
4 4 (0) 3 : 0.001 0.002 0.995 0.001 0.001
5 5 (0) 3 : 0.001 0.001 0.997 0.001 0.001
6 6 (0) 3 : 0.001 0.003 0.993 0.002 0.001
7 7 (0) 3 : 0.001 0.001 0.996 0.001 0.001
8 8 (0) 3 : 0.001 0.001 0.996 0.001 0.001
9 9 (0) 3 : 0.001 0.002 0.996 0.001 0.001
10 10 (0) 3 : 0.006 0.005 0.983 0.004 0.002
11 11 (0) 3 : 0.001 0.006 0.990 0.001 0.001
12 12 (0) 3 : 0.002 0.004 0.990 0.003 0.001
13 13 (0) 3 : 0.001 0.001 0.997 0.001 0.001
14 14 (0) 3 : 0.001 0.001 0.995 0.002 0.001
15 15 (0) 3 : 0.001 0.002 0.995 0.002 0.001
16 16 (0) 3 : 0.001 0.001 0.996 0.001 0.000
17 17 (0) 3 : 0.001 0.001 0.997 0.001 0.001
18 18 (0) 3 : 0.007 0.007 0.973 0.003 0.011
19 19 (0) 3 : 0.001 0.001 0.997 0.001 0.001
20 20 (0) 3 : 0.001 0.002 0.995 0.001 0.001
21 21 (0) 3 : 0.001 0.002 0.995 0.001 0.001
22 22 (0) 3 : 0.002 0.003 0.991 0.002 0.002
23 23 (0) 3 : 0.001 0.001 0.997 0.001 0.001
24 24 (0) 3 : 0.001 0.001 0.997 0.001 0.001
25 25 (0) 3 : 0.002 0.002 0.991 0.002 0.002
26 26 (0) 3 : 0.002 0.003 0.994 0.001 0.001
27 27 (0) 3 : 0.001 0.001 0.996 0.001 0.001
28 28 (0) 3 : 0.002 0.002 0.994 0.001 0.001
29 29 (0) 3 : 0.001 0.001 0.996 0.001 0.001
30 30 (0) 3 : 0.001 0.001 0.997 0.001 0.001
31 31 (0) 3 : 0.002 0.005 0.989 0.002 0.002
32 32 (0) 3 : 0.001 0.002 0.994 0.001 0.001
33 33 (0) 3 : 0.000 0.001 0.998 0.001 0.001
34 34 (0) 3 : 0.001 0.001 0.997 0.001 0.001
35 35 (0) 3 : 0.001 0.001 0.996 0.001 0.001
36 36 (0) 5 : 0.017 0.818 0.143 0.017 0.005
37 37 (0) 5 : 0.004 0.971 0.004 0.003 0.018
38 38 (0) 6 : 0.008 0.047 0.723 0.012 0.210
39 39 (0) 6 : 0.003 0.561 0.427 0.006 0.003
40 40 (0) 6 : 0.027 0.444 0.517 0.008 0.003
41 41 (0) 6 : 0.003 0.559 0.428 0.006 0.004
42 42 (0) 6 : 0.016 0.469 0.490 0.001 0.025
43 43 (0) 5 : 0.003 0.932 0.002 0.003 0.060
44 44 (0) 5 : 0.008 0.471 0.501 0.004 0.016
45 45 (0) 5 : 0.005 0.939 0.001 0.039 0.015
46 46 (0) 5 : 0.013 0.969 0.003 0.005 0.010
47 47 (0) 5 : 0.003 0.915 0.068 0.003 0.011
48 48 (0) 5 : 0.006 0.698 0.285 0.004 0.007
49 49 (0) 5 : 0.006 0.587 0.389 0.009 0.008
50 50 (0) 5 : 0.180 0.783 0.004 0.002 0.031
51 51 (0) 5 : 0.008 0.970 0.005 0.007 0.010
52 52 (0) 6 : 0.006 0.383 0.592 0.008 0.011
53 53 (0) 6 : 0.001 0.151 0.609 0.022 0.216
54 54 (0) 6 : 0.139 0.158 0.661 0.006 0.036
55 55 (0) 6 : 0.187 0.421 0.373 0.005 0.014
56 56 (0) 6 : 0.017 0.184 0.780 0.003 0.016
57 57 (0) 6 : 0.004 0.466 0.521 0.002 0.008
58 58 (0) 6 : 0.097 0.061 0.652 0.076 0.114
59 59 (0) 6 : 0.093 0.403 0.419 0.014 0.070
60 60 (0) 6 : 0.005 0.391 0.579 0.019 0.006
61 61 (0) 6 : 0.002 0.397 0.590 0.004 0.007
62 62 (0) 6 : 0.002 0.466 0.513 0.005 0.013
63 63 (0) 6 : 0.025 0.395 0.556 0.011 0.013
64 64 (0) 6 : 0.026 0.014 0.799 0.017 0.144
65 65 (0) 6 : 0.024 0.253 0.689 0.016 0.017
66 66 (0) 6 : 0.003 0.367 0.623 0.002 0.004
67 67 (0) 6 : 0.005 0.365 0.613 0.001 0.016
68 68 (0) 6 : 0.003 0.343 0.598 0.004 0.052
69 69 (0) 6 : 0.002 0.326 0.661 0.005 0.006
70 70 (0) 6 : 0.024 0.173 0.675 0.009 0.119
71 71 (0) 6 : 0.002 0.241 0.731 0.014 0.012
72 72 (0) 6 : 0.002 0.393 0.593 0.006 0.006
73 73 (0) 6 : 0.182 0.017 0.687 0.037 0.077
74 74 (0) 6 : 0.003 0.378 0.555 0.019 0.045
75 75 (0) 6 : 0.006 0.483 0.504 0.004 0.003
76 76 (0) 6 : 0.005 0.292 0.504 0.005 0.193
77 77 (0) 6 : 0.004 0.053 0.568 0.190 0.185
78 78 (0) 6 : 0.004 0.095 0.695 0.019 0.186
79 79 (0) 6 : 0.002 0.056 0.618 0.007 0.317
80 80 (0) 6 : 0.009 0.149 0.655 0.009 0.179
81 81 (0) 6 : 0.047 0.397 0.537 0.015 0.004
82 82 (0) 6 : 0.009 0.200 0.590 0.006 0.195
83 83 (0) 6 : 0.006 0.160 0.650 0.026 0.158
84 84 (0) 6 : 0.011 0.050 0.723 0.006 0.211
85 85 (0) 6 : 0.001 0.380 0.613 0.003 0.004
86 86 (0) 6 : 0.021 0.539 0.350 0.067 0.023
87 87 (0) 6 : 0.019 0.104 0.655 0.173 0.050
88 88 (0) 5 : 0.003 0.918 0.002 0.003 0.074
89 89 (0) 5 : 0.004 0.960 0.002 0.011 0.022
90 90 (0) 5 : 0.003 0.989 0.002 0.001 0.005
91 91 (0) 5 : 0.016 0.689 0.287 0.005 0.003
92 92 (0) 5 : 0.002 0.990 0.002 0.003 0.003
93 93 (0) 5 : 0.016 0.903 0.002 0.004 0.075
94 94 (2) 1 : 0.913 0.004 0.007 0.073 0.003
95 95 (3) 1 : 0.989 0.004 0.002 0.002 0.003
96 96 (2) 1 : 0.993 0.002 0.001 0.001 0.002
97 97 (0) 1 : 0.984 0.002 0.002 0.007 0.005
98 98 (1) 1 : 0.949 0.006 0.030 0.012 0.004
99 99 (6) 1 : 0.989 0.003 0.002 0.002 0.004
100 100 (11) 1 : 0.986 0.005 0.003 0.004 0.003
101 101 (3) 1 : 0.988 0.002 0.001 0.004 0.004
102 102 (2) 1 : 0.965 0.008 0.004 0.018 0.004
103 103 (5) 1 : 0.968 0.005 0.002 0.016 0.009
104 104 (1) 1 : 0.989 0.001 0.001 0.005 0.004
105 105 (0) 1 : 0.913 0.012 0.005 0.065 0.005
106 106 (1) 1 : 0.966 0.006 0.009 0.002 0.018
107 107 (6) 1 : 0.986 0.006 0.003 0.002 0.003
108 108 (1) 1 : 0.938 0.045 0.003 0.005 0.009
109 109 (18) 1 : 0.952 0.010 0.002 0.029 0.008
110 110 (2) 1 : 0.979 0.003 0.002 0.010 0.006
111 111 (1) 1 : 0.993 0.001 0.001 0.003 0.001
112 112 (2) 1 : 0.990 0.001 0.001 0.005 0.003
113 113 (2) 1 : 0.988 0.003 0.001 0.003 0.004
114 114 (3) 1 : 0.985 0.004 0.003 0.004 0.004
115 115 (2) 1 : 0.993 0.003 0.001 0.001 0.003
116 116 (1) 1 : 0.993 0.002 0.001 0.002 0.003
117 117 (1) 1 : 0.989 0.002 0.001 0.003 0.005
118 118 (3) 1 : 0.926 0.019 0.012 0.037 0.006
119 119 (2) 1 : 0.825 0.123 0.015 0.011 0.026
120 120 (3) 1 : 0.985 0.002 0.001 0.002 0.009
121 121 (0) 1 : 0.992 0.001 0.002 0.002 0.003
122 122 (1) 1 : 0.967 0.008 0.020 0.002 0.003
123 123 (3) 1 : 0.985 0.002 0.002 0.006 0.005
124 124 (3) 1 : 0.977 0.005 0.002 0.007 0.009
125 125 (2) 1 : 0.806 0.003 0.001 0.012 0.177
126 126 (3) 1 : 0.985 0.003 0.004 0.005 0.003
127 127 (1) 1 : 0.992 0.003 0.001 0.003 0.001
128 128 (5) 1 : 0.988 0.002 0.001 0.002 0.008
129 129 (1) 1 : 0.988 0.002 0.001 0.006 0.003
130 130 (5) 1 : 0.993 0.001 0.002 0.002 0.002
131 131 (10) 1 : 0.914 0.007 0.007 0.046 0.025
132 132 (2) 1 : 0.956 0.015 0.007 0.003 0.019
133 133 (4) 1 : 0.904 0.018 0.002 0.004 0.073
134 134 (2) 1 : 0.958 0.005 0.028 0.005 0.004
135 135 (18) 1 : 0.985 0.003 0.001 0.004 0.006
136 136 (3) 1 : 0.954 0.002 0.002 0.009 0.033
137 137 (0) 1 : 0.007 0.410 0.565 0.007 0.012
138 138 (6) 1 : 0.002 0.454 0.500 0.041 0.003
139 139 (17) 2 : 0.004 0.008 0.003 0.005 0.980
140 140 (2) 2 : 0.008 0.002 0.001 0.003 0.986
141 141 (3) 2 : 0.001 0.001 0.001 0.002 0.995
142 142 (0) 2 : 0.009 0.006 0.002 0.005 0.978
143 143 (4) 2 : 0.002 0.003 0.004 0.003 0.988
144 144 (1) 2 : 0.006 0.006 0.004 0.001 0.983
145 145 (8) 2 : 0.006 0.003 0.001 0.004 0.985
146 146 (4) 2 : 0.005 0.002 0.001 0.002 0.990
147 147 (1) 2 : 0.017 0.003 0.003 0.004 0.973
148 148 (17) 2 : 0.001 0.001 0.001 0.001 0.996
149 149 (8) 2 : 0.011 0.007 0.002 0.004 0.976
150 150 (3) 2 : 0.002 0.006 0.002 0.004 0.986
151 151 (0) 2 : 0.004 0.001 0.001 0.002 0.990
152 152 (0) 2 : 0.006 0.002 0.001 0.004 0.987
153 153 (3) 2 : 0.010 0.004 0.001 0.002 0.982
154 154 (1) 2 : 0.006 0.005 0.001 0.004 0.985
155 155 (1) 2 : 0.004 0.002 0.002 0.002 0.989
156 156 (15) 2 : 0.004 0.003 0.002 0.002 0.989
157 157 (3) 2 : 0.003 0.004 0.001 0.002 0.989
158 158 (2) 2 : 0.004 0.019 0.003 0.002 0.972
159 159 (7) 2 : 0.011 0.043 0.010 0.005 0.931
160 160 (4) 2 : 0.007 0.005 0.017 0.005 0.966
161 161 (1) 2 : 0.005 0.005 0.002 0.006 0.982
162 162 (14) 2 : 0.003 0.002 0.001 0.002 0.993
163 163 (15) 2 : 0.004 0.006 0.003 0.004 0.983
164 164 (11) 2 : 0.003 0.002 0.001 0.001 0.993
165 165 (1) 2 : 0.010 0.007 0.002 0.003 0.978
166 166 (8) 2 : 0.008 0.015 0.008 0.001 0.969
167 167 (6) 2 : 0.002 0.014 0.003 0.008 0.973
168 168 (3) 2 : 0.012 0.010 0.014 0.061 0.903
169 169 (6) 2 : 0.010 0.011 0.004 0.062 0.914
170 170 (4) 2 : 0.003 0.006 0.001 0.006 0.984
171 171 (2) 2 : 0.008 0.011 0.016 0.003 0.962
172 172 (6) 2 : 0.003 0.005 0.002 0.034 0.955
173 173 (1) 2 : 0.010 0.006 0.001 0.007 0.975
174 174 (3) 2 : 0.003 0.004 0.001 0.006 0.987
175 175 (2) 2 : 0.033 0.003 0.002 0.004 0.958
176 176 (4) 2 : 0.048 0.003 0.002 0.030 0.917
177 177 (2) 2 : 0.053 0.013 0.002 0.088 0.844
178 178 (3) 2 : 0.008 0.003 0.001 0.002 0.987
179 179 (1) 2 : 0.004 0.002 0.002 0.004 0.988
180 180 (7) 2 : 0.004 0.004 0.001 0.003 0.988
181 181 (0) 2 : 0.006 0.002 0.002 0.002 0.987
182 182 (0) 7 : 0.007 0.982 0.003 0.003 0.004
183 183 (0) 7 : 0.019 0.944 0.006 0.005 0.025
184 184 (1) 7 : 0.005 0.966 0.004 0.017 0.008
185 185 (0) 7 : 0.009 0.975 0.007 0.005 0.004
186 186 (2) 7 : 0.007 0.949 0.011 0.027 0.007
187 187 (0) 7 : 0.005 0.953 0.021 0.007 0.014
188 188 (1) 7 : 0.004 0.984 0.005 0.002 0.005
189 189 (1) 7 : 0.003 0.963 0.009 0.003 0.022
190 190 (0) 7 : 0.005 0.978 0.003 0.004 0.010
191 191 (0) 7 : 0.006 0.984 0.004 0.003 0.003
192 192 (2) 7 : 0.016 0.785 0.008 0.180 0.010
193 193 (1) 7 : 0.036 0.948 0.005 0.004 0.007
194 194 (1) 7 : 0.004 0.952 0.030 0.012 0.002
195 195 (0) 7 : 0.019 0.954 0.002 0.013 0.011
196 196 (0) 7 : 0.008 0.982 0.005 0.001 0.004
197 197 (1) 7 : 0.009 0.972 0.012 0.004 0.003
198 198 (1) 7 : 0.002 0.989 0.003 0.001 0.004
199 199 (0) 7 : 0.005 0.977 0.014 0.001 0.003
200 200 (0) 7 : 0.266 0.687 0.009 0.035 0.003
201 201 (1) 7 : 0.014 0.705 0.004 0.002 0.275
202 202 (0) 7 : 0.001 0.991 0.002 0.002 0.004
203 203 (1) 7 : 0.005 0.977 0.004 0.004 0.009
204 204 (1) 7 : 0.269 0.670 0.038 0.013 0.011
205 205 (0) 7 : 0.011 0.971 0.010 0.005 0.003
206 206 (2) 7 : 0.010 0.717 0.004 0.010 0.259
207 207 (2) 7 : 0.001 0.888 0.105 0.002 0.003
208 208 (2) 7 : 0.008 0.949 0.014 0.020 0.008
209 209 (0) 7 : 0.005 0.885 0.090 0.002 0.018
210 210 (1) 7 : 0.008 0.978 0.005 0.006 0.003
211 211 (0) 7 : 0.003 0.978 0.004 0.004 0.010
212 212 (10) 7 : 0.002 0.917 0.003 0.004 0.074
213 213 (1) 7 : 0.004 0.983 0.008 0.001 0.004
214 214 (0) 7 : 0.003 0.977 0.004 0.003 0.014
215 215 (2) 7 : 0.264 0.555 0.005 0.153 0.024
216 216 (1) 4 : 0.001 0.001 0.001 0.996 0.001
217 217 (1) 4 : 0.001 0.003 0.006 0.988 0.002
218 218 (1) 4 : 0.002 0.001 0.001 0.994 0.001
219 219 (1) 4 : 0.001 0.001 0.001 0.996 0.001
220 220 (1) 4 : 0.055 0.005 0.003 0.724 0.215
221 221 (1) 4 : 0.003 0.002 0.003 0.990 0.002
222 222 (10) 4 : 0.008 0.003 0.003 0.980 0.006
223 223 (2) 4 : 0.004 0.001 0.001 0.992 0.002
224 224 (0) 4 : 0.008 0.004 0.003 0.984 0.002
225 225 (2) 4 : 0.001 0.001 0.001 0.995 0.001
226 226 (0) 4 : 0.002 0.002 0.001 0.994 0.002
1 1 (0) 3 : 0.002 0.001 0.001 0.995 0.001
2 2 (0) 3 : 0.002 0.003 0.006 0.986 0.003
3 3 (0) 3 : 0.001 0.001 0.002 0.995 0.001
4 4 (0) 3 : 0.001 0.001 0.002 0.995 0.001
5 5 (0) 3 : 0.001 0.001 0.001 0.997 0.001
6 6 (0) 3 : 0.003 0.002 0.002 0.993 0.002
7 7 (0) 3 : 0.001 0.001 0.001 0.995 0.001
8 8 (0) 3 : 0.001 0.001 0.001 0.997 0.001
9 9 (0) 3 : 0.001 0.001 0.002 0.996 0.001
10 10 (0) 3 : 0.004 0.006 0.003 0.985 0.002
11 11 (0) 3 : 0.001 0.002 0.003 0.992 0.001
12 12 (0) 3 : 0.002 0.002 0.002 0.992 0.001
13 13 (0) 3 : 0.001 0.001 0.001 0.998 0.001
14 14 (0) 3 : 0.001 0.001 0.002 0.995 0.001
15 15 (0) 3 : 0.001 0.001 0.001 0.995 0.001
16 16 (0) 3 : 0.001 0.001 0.001 0.996 0.001
17 17 (0) 3 : 0.001 0.001 0.001 0.997 0.001
18 18 (0) 3 : 0.002 0.006 0.012 0.970 0.010
19 19 (0) 3 : 0.001 0.001 0.001 0.997 0.000
20 20 (0) 3 : 0.001 0.001 0.001 0.995 0.001
21 21 (0) 3 : 0.002 0.002 0.003 0.993 0.001
22 22 (0) 3 : 0.001 0.002 0.002 0.992 0.003
23 23 (0) 3 : 0.001 0.001 0.001 0.997 0.001
24 24 (0) 3 : 0.001 0.001 0.001 0.996 0.001
25 25 (0) 3 : 0.002 0.002 0.003 0.991 0.002
26 26 (0) 3 : 0.001 0.002 0.003 0.994 0.001
27 27 (0) 3 : 0.001 0.001 0.001 0.996 0.001
28 28 (0) 3 : 0.001 0.003 0.002 0.993 0.001
29 29 (0) 3 : 0.001 0.001 0.001 0.996 0.001
30 30 (0) 3 : 0.001 0.001 0.001 0.997 0.001
31 31 (0) 3 : 0.001 0.002 0.004 0.991 0.002
32 32 (0) 3 : 0.002 0.001 0.001 0.994 0.002
33 33 (0) 3 : 0.001 0.001 0.001 0.997 0.001
34 34 (0) 3 : 0.001 0.001 0.001 0.997 0.001
35 35 (0) 3 : 0.001 0.001 0.001 0.997 0.001
36 36 (0) 5 : 0.018 0.017 0.795 0.161 0.009
37 37 (0) 5 : 0.003 0.004 0.963 0.007 0.024
38 38 (0) 6 : 0.008 0.005 0.053 0.719 0.215
39 39 (0) 6 : 0.009 0.003 0.569 0.417 0.001
40 40 (0) 6 : 0.007 0.035 0.434 0.520 0.004
41 41 (0) 6 : 0.004 0.005 0.564 0.423 0.004
42 42 (0) 6 : 0.002 0.015 0.495 0.471 0.016
43 43 (0) 5 : 0.003 0.004 0.948 0.002 0.043
44 44 (0) 5 : 0.002 0.008 0.479 0.496 0.015
45 45 (0) 5 : 0.047 0.007 0.918 0.001 0.026
46 46 (0) 5 : 0.004 0.019 0.964 0.002 0.010
47 47 (0) 5 : 0.004 0.003 0.877 0.107 0.010
48 48 (0) 5 : 0.007 0.007 0.685 0.292 0.009
49 49 (0) 5 : 0.010 0.002 0.575 0.396 0.017
50 50 (0) 5 : 0.002 0.108 0.825 0.003 0.063
51 51 (0) 5 : 0.014 0.006 0.964 0.005 0.011
52 52 (0) 6 : 0.007 0.004 0.398 0.587 0.004
53 53 (0) 6 : 0.026 0.003 0.301 0.564 0.106
54 54 (0) 6 : 0.010 0.096 0.234 0.631 0.029
55 55 (0) 6 : 0.011 0.175 0.438 0.366 0.010
56 56 (0) 6 : 0.005 0.007 0.195 0.774 0.020
57 57 (0) 6 : 0.002 0.006 0.468 0.517 0.007
58 58 (0) 6 : 0.102 0.076 0.081 0.644 0.096
59 59 (0) 6 : 0.012 0.118 0.434 0.403 0.032
60 60 (0) 6 : 0.020 0.005 0.384 0.585 0.007
61 61 (0) 6 : 0.004 0.003 0.388 0.596 0.009
62 62 (0) 6 : 0.005 0.003 0.455 0.516 0.022
63 63 (0) 6 : 0.018 0.023 0.387 0.555 0.017
64 64 (0) 6 : 0.026 0.049 0.012 0.800 0.113
65 65 (0) 6 : 0.033 0.035 0.214 0.704 0.014
66 66 (0) 6 : 0.001 0.002 0.365 0.626 0.006
67 67 (0) 6 : 0.001 0.018 0.321 0.628 0.032
68 68 (0) 6 : 0.004 0.003 0.371 0.590 0.032
69 69 (0) 6 : 0.004 0.003 0.292 0.677 0.025
70 70 (0) 6 : 0.009 0.012 0.136 0.688 0.155
71 71 (0) 6 : 0.009 0.004 0.224 0.741 0.023
72 72 (0) 6 : 0.005 0.001 0.399 0.590 0.005
73 73 (0) 6 : 0.041 0.179 0.049 0.677 0.055
74 74 (0) 6 : 0.019 0.006 0.426 0.537 0.012
75 75 (0) 6 : 0.003 0.010 0.490 0.495 0.003
76 76 (0) 6 : 0.010 0.003 0.206 0.533 0.248
77 77 (0) 6 : 0.205 0.009 0.107 0.553 0.127
78 78 (0) 6 : 0.029 0.004 0.065 0.711 0.192
79 79 (0) 6 : 0.010 0.002 0.119 0.598 0.271
80 80 (0) 6 : 0.016 0.010 0.057 0.680 0.237
81 81 (0) 6 : 0.016 0.027 0.430 0.522 0.004
82 82 (0) 6 : 0.009 0.010 0.273 0.561 0.147
83 83 (0) 6 : 0.029 0.003 0.200 0.645 0.124
84 84 (0) 6 : 0.004 0.004 0.056 0.726 0.209
85 85 (0) 6 : 0.002 0.002 0.370 0.620 0.007
86 86 (0) 6 : 0.083 0.017 0.555 0.339 0.006
87 87 (0) 6 : 0.130 0.021 0.192 0.627 0.030
88 88 (0) 5 : 0.006 0.003 0.911 0.002 0.079
89 89 (0) 5 : 0.010 0.003 0.966 0.003 0.018
90 90 (0) 5 : 0.001 0.002 0.990 0.001 0.005
91 91 (0) 5 : 0.006 0.021 0.674 0.296 0.003
92 92 (0) 5 : 0.002 0.001 0.992 0.002 0.003
93 93 (0) 5 : 0.002 0.032 0.899 0.002 0.065
94 94 (2) 1 : 0.066 0.919 0.002 0.009 0.004
95 95 (3) 1 : 0.001 0.992 0.002 0.002 0.002
96 96 (2) 1 : 0.001 0.994 0.002 0.001 0.002
97 97 (0) 1 : 0.005 0.987 0.002 0.001 0.005
98 98 (1) 1 : 0.011 0.956 0.003 0.023 0.005
99 99 (6) 1 : 0.002 0.983 0.002 0.002 0.012
100 100 (11) 1 : 0.004 0.989 0.003 0.002 0.003
101 101 (3) 1 : 0.005 0.989 0.002 0.001 0.003
102 102 (2) 1 : 0.016 0.969 0.009 0.003 0.004
103 103 (5) 1 : 0.022 0.962 0.006 0.002 0.008
104 104 (1) 1 : 0.003 0.987 0.003 0.001 0.005
105 105 (0) 1 : 0.041 0.932 0.019 0.005 0.002
106 106 (1) 1 : 0.002 0.971 0.007 0.008 0.012
107 107 (6) 1 : 0.002 0.988 0.004 0.003 0.003
108 108 (1) 1 : 0.004 0.927 0.056 0.003 0.010
109 109 (18) 1 : 0.028 0.955 0.006 0.002 0.009
110 110 (2) 1 : 0.006 0.979 0.007 0.002 0.006
111 111 (1) 1 : 0.002 0.993 0.002 0.001 0.002
112 112 (2) 1 : 0.006 0.989 0.002 0.001 0.002
113 113 (2) 1 : 0.003 0.986 0.004 0.002 0.006
114 114 (3) 1 : 0.005 0.986 0.003 0.003 0.003
115 115 (2) 1 : 0.001 0.991 0.003 0.001 0.004
116 116 (1) 1 : 0.002 0.991 0.002 0.001 0.005
117 117 (1) 1 : 0.003 0.989 0.003 0.002 0.003
118 118 (3) 1 : 0.047 0.923 0.018 0.007 0.004
119 119 (2) 1 : 0.021 0.836 0.109 0.010 0.024
120 120 (3) 1 : 0.002 0.986 0.003 0.001 0.008
121 121 (0) 1 : 0.002 0.993 0.002 0.002 0.002
122 122 (1) 1 : 0.002 0.968 0.009 0.016 0.004
123 123 (3) 1 : 0.005 0.988 0.003 0.003 0.002
124 124 (3) 1 : 0.014 0.969 0.005 0.001 0.011
125 125 (2) 1 : 0.012 0.808 0.003 0.002 0.176
126 126 (3) 1 : 0.006 0.983 0.003 0.005 0.003
127 127 (1) 1 : 0.004 0.990 0.002 0.002 0.002
128 128 (5) 1 : 0.002 0.987 0.002 0.001 0.009
129 129 (1) 1 : 0.003 0.990 0.002 0.001 0.005
130 130 (5) 1 : 0.002 0.992 0.001 0.002 0.002
131 131 (10) 1 : 0.044 0.907 0.011 0.005 0.033
132 132 (2) 1 : 0.005 0.942 0.010 0.008 0.035
133 133 (4) 1 : 0.005 0.904 0.012 0.001 0.078
134 134 (2) 1 : 0.007 0.961 0.007 0.022 0.003
135 135 (18) 1 : 0.006 0.978 0.003 0.001 0.011
136 136 (3) 1 : 0.008 0.963 0.002 0.002 0.025
137 137 (0) 1 : 0.013 0.006 0.421 0.557 0.004
138 138 (6) 1 : 0.065 0.002 0.439 0.492 0.002
139 139 (17) 2 : 0.004 0.003 0.004 0.004 0.985
140 140 (2) 2 : 0.003 0.008 0.002 0.001 0.986
141 141 (3) 2 : 0.002 0.001 0.001 0.001 0.995
142 142 (0) 2 : 0.004 0.004 0.004 0.002 0.986
143 143 (4) 2 : 0.002 0.003 0.003 0.003 0.989
144 144 (1) 2 : 0.002 0.005 0.005 0.003 0.985
145 145 (8) 2 : 0.008 0.004 0.003 0.002 0.983
146 146 (4) 2 : 0.002 0.005 0.003 0.001 0.990
147 147 (1) 2 : 0.006 0.021 0.002 0.005 0.966
148 148 (17) 2 : 0.001 0.002 0.002 0.001 0.994
149 149 (8) 2 : 0.004 0.009 0.005 0.002 0.979
150 150 (3) 2 : 0.003 0.003 0.007 0.003 0.984
151 151 (0) 2 : 0.002 0.007 0.002 0.002 0.987
152 152 (0) 2 : 0.005 0.007 0.002 0.001 0.985
153 153 (3) 2 : 0.003 0.005 0.004 0.001 0.987
154 154 (1) 2 : 0.005 0.006 0.005 0.001 0.983
155 155 (1) 2 : 0.003 0.002 0.003 0.002 0.990
156 156 (15) 2 : 0.002 0.002 0.003 0.003 0.991
157 157 (3) 2 : 0.002 0.004 0.004 0.001 0.988
158 158 (2) 2 : 0.002 0.005 0.015 0.003 0.973
159 159 (7) 2 : 0.009 0.021 0.020 0.010 0.941
160 160 (4) 2 : 0.005 0.009 0.011 0.013 0.962
161 161 (1) 2 : 0.005 0.008 0.005 0.003 0.978
162 162 (14) 2 : 0.002 0.003 0.002 0.001 0.992
163 163 (15) 2 : 0.003 0.003 0.005 0.004 0.985
164 164 (11) 2 : 0.002 0.005 0.002 0.001 0.991
165 165 (1) 2 : 0.003 0.010 0.007 0.002 0.978
166 166 (8) 2 : 0.004 0.009 0.013 0.012 0.962
167 167 (6) 2 : 0.006 0.004 0.019 0.003 0.968
168 168 (3) 2 : 0.073 0.009 0.018 0.017 0.883
169 169 (6) 2 : 0.071 0.009 0.009 0.003 0.908
170 170 (4) 2 : 0.008 0.005 0.004 0.001 0.982
171 171 (2) 2 : 0.005 0.006 0.014 0.013 0.962
172 172 (6) 2 : 0.029 0.002 0.006 0.001 0.962
173 173 (1) 2 : 0.007 0.009 0.005 0.001 0.978
174 174 (3) 2 : 0.003 0.003 0.004 0.001 0.989
175 175 (2) 2 : 0.008 0.022 0.002 0.002 0.967
176 176 (4) 2 : 0.038 0.035 0.003 0.002 0.922
177 177 (2) 2 : 0.073 0.065 0.011 0.003 0.847
178 178 (3) 2 : 0.002 0.003 0.002 0.001 0.992
179 179 (1) 2 : 0.004 0.006 0.002 0.001 0.987
180 180 (7) 2 : 0.004 0.007 0.003 0.001 0.985
181 181 (0) 2 : 0.003 0.010 0.004 0.002 0.981
182 182 (0) 7 : 0.003 0.004 0.987 0.002 0.004
183 183 (0) 7 : 0.004 0.016 0.954 0.005 0.021
184 184 (1) 7 : 0.016 0.004 0.970 0.004 0.006
185 185 (0) 7 : 0.006 0.005 0.979 0.006 0.004
186 186 (2) 7 : 0.037 0.008 0.941 0.009 0.005
187 187 (0) 7 : 0.010 0.004 0.940 0.024 0.023
188 188 (1) 7 : 0.002 0.004 0.989 0.003 0.003
189 189 (1) 7 : 0.005 0.003 0.954 0.011 0.027
190 190 (0) 7 : 0.005 0.003 0.980 0.003 0.009
191 191 (0) 7 : 0.003 0.004 0.984 0.006 0.004
192 192 (2) 7 : 0.185 0.012 0.791 0.006 0.006
193 193 (1) 7 : 0.004 0.052 0.932 0.004 0.008
194 194 (1) 7 : 0.013 0.004 0.930 0.051 0.002
195 195 (0) 7 : 0.015 0.018 0.944 0.002 0.021
196 196 (0) 7 : 0.001 0.006 0.983 0.004 0.006
197 197 (1) 7 : 0.005 0.007 0.976 0.007 0.005
198 198 (1) 7 : 0.001 0.002 0.990 0.003 0.004
199 199 (0) 7 : 0.002 0.004 0.982 0.010 0.002
200 200 (0) 7 : 0.032 0.286 0.670 0.009 0.002
201 201 (1) 7 : 0.002 0.019 0.725 0.003 0.251
202 202 (0) 7 : 0.002 0.002 0.990 0.003 0.004
203 203 (1) 7 : 0.002 0.004 0.977 0.005 0.011
204 204 (1) 7 : 0.019 0.231 0.665 0.049 0.035
205 205 (0) 7 : 0.005 0.007 0.971 0.014 0.003
206 206 (2) 7 : 0.012 0.007 0.705 0.010 0.265
207 207 (2) 7 : 0.002 0.002 0.910 0.083 0.003
208 208 (2) 7 : 0.018 0.012 0.952 0.012 0.006
209 209 (0) 7 : 0.002 0.005 0.884 0.090 0.019
210 210 (1) 7 : 0.004 0.013 0.975 0.005 0.003
211 211 (0) 7 : 0.004 0.002 0.967 0.005 0.023
212 212 (10) 7 : 0.003 0.002 0.930 0.003 0.061
213 213 (1) 7 : 0.001 0.004 0.982 0.008 0.005
214 214 (0) 7 : 0.005 0.003 0.975 0.005 0.013
215 215 (2) 7 : 0.131 0.281 0.571 0.003 0.014
216 216 (1) 4 : 0.995 0.001 0.001 0.001 0.002
217 217 (1) 4 : 0.989 0.002 0.002 0.005 0.002
218 218 (1) 4 : 0.995 0.002 0.001 0.001 0.001
219 219 (1) 4 : 0.995 0.001 0.001 0.001 0.001
220 220 (1) 4 : 0.723 0.026 0.010 0.002 0.239
221 221 (1) 4 : 0.990 0.004 0.002 0.003 0.002
222 222 (10) 4 : 0.984 0.005 0.002 0.002 0.006
223 223 (2) 4 : 0.993 0.004 0.001 0.001 0.002
224 224 (0) 4 : 0.982 0.012 0.002 0.002 0.002
225 225 (2) 4 : 0.996 0.001 0.001 0.001 0.001
226 226 (0) 4 : 0.995 0.002 0.001 0.001 0.001
1 1 (0) 3 : 0.002 0.994 0.002 0.002 0.002
2 2 (0) 3 : 0.002 0.989 0.003 0.004 0.002
3 3 (0) 3 : 0.001 0.995 0.001 0.001 0.001
4 4 (0) 3 : 0.001 0.994 0.001 0.002 0.001
5 5 (0) 3 : 0.001 0.997 0.001 0.001 0.001
6 6 (0) 3 : 0.001 0.994 0.002 0.001 0.002
7 7 (0) 3 : 0.001 0.996 0.001 0.001 0.001
8 8 (0) 3 : 0.001 0.996 0.001 0.001 0.001
9 9 (0) 3 : 0.001 0.996 0.001 0.001 0.001
10 10 (0) 3 : 0.001 0.985 0.004 0.007 0.003
11 11 (0) 3 : 0.001 0.992 0.002 0.004 0.002
12 12 (0) 3 : 0.001 0.991 0.002 0.004 0.002
13 13 (0) 3 : 0.000 0.997 0.001 0.001 0.001
14 14 (0) 3 : 0.001 0.995 0.001 0.001 0.001
15 15 (0) 3 : 0.001 0.995 0.001 0.002 0.001
16 16 (0) 3 : 0.001 0.997 0.000 0.001 0.001
17 17 (0) 3 : 0.001 0.996 0.001 0.001 0.001
18 18 (0) 3 : 0.007 0.971 0.007 0.013 0.003
19 19 (0) 3 : 0.001 0.997 0.001 0.001 0.001
20 20 (0) 3 : 0.001 0.995 0.001 0.001 0.001
21 21 (0) 3 : 0.001 0.994 0.001 0.002 0.002
22 22 (0) 3 : 0.002 0.992 0.002 0.003 0.001
23 23 (0) 3 : 0.001 0.996 0.001 0.001 0.001
24 24 (0) 3 : 0.001 0.996 0.001 0.001 0.001
25 25 (0) 3 : 0.002 0.992 0.002 0.002 0.002
26 26 (0) 3 : 0.001 0.994 0.001 0.002 0.001
27 27 (0) 3 : 0.001 0.996 0.001 0.001 0.001
28 28 (0) 3 : 0.001 0.992 0.004 0.002 0.002
29 29 (0) 3 : 0.001 0.997 0.001 0.001 0.001
30 30 (0) 3 : 0.001 0.997 0.001 0.001 0.001
31 31 (0) 3 : 0.003 0.990 0.002 0.003 0.002
32 32 (0) 3 : 0.002 0.993 0.002 0.002 0.002
33 33 (0) 3 : 0.001 0.997 0.000 0.001 0.001
34 34 (0) 3 : 0.001 0.997 0.001 0.001 0.001
35 35 (0) 3 : 0.001 0.996 0.001 0.001 0.001
36 36 (0) 5 : 0.005 0.136 0.012 0.828 0.018
37 37 (0) 5 : 0.011 0.003 0.004 0.978 0.004
38 38 (0) 6 : 0.239 0.733 0.007 0.013 0.008
39 39 (0) 6 : 0.003 0.420 0.003 0.566 0.008
40 40 (0) 6 : 0.008 0.520 0.021 0.443 0.007
41 41 (0) 6 : 0.004 0.429 0.003 0.556 0.007
42 42 (0) 6 : 0.031 0.490 0.019 0.457 0.002
43 43 (0) 5 : 0.028 0.001 0.004 0.964 0.003
44 44 (0) 5 : 0.023 0.503 0.012 0.459 0.002
45 45 (0) 5 : 0.020 0.001 0.004 0.937 0.038
46 46 (0) 5 : 0.011 0.004 0.016 0.966 0.004
47 47 (0) 5 : 0.004 0.062 0.003 0.926 0.004
48 48 (0) 5 : 0.004 0.289 0.005 0.696 0.006
49 49 (0) 5 : 0.007 0.397 0.003 0.583 0.010
50 50 (0) 5 : 0.034 0.002 0.147 0.815 0.002
51 51 (0) 5 : 0.011 0.003 0.013 0.961 0.013
52 52 (0) 6 : 0.004 0.596 0.004 0.392 0.005
53 53 (0) 6 : 0.226 0.622 0.002 0.127 0.023
54 54 (0) 6 : 0.020 0.611 0.062 0.300 0.005
55 55 (0) 6 : 0.020 0.380 0.182 0.409 0.008
56 56 (0) 6 : 0.014 0.786 0.012 0.183 0.006
57 57 (0) 6 : 0.063 0.556 0.004 0.376 0.002
58 58 (0) 6 : 0.139 0.649 0.064 0.083 0.065
59 59 (0) 6 : 0.047 0.412 0.107 0.419 0.015
60 60 (0) 6 : 0.006 0.596 0.005 0.373 0.020
61 61 (0) 6 : 0.008 0.603 0.002 0.382 0.005
62 62 (0) 6 : 0.021 0.525 0.002 0.447 0.006
63 63 (0) 6 : 0.015 0.557 0.020 0.402 0.007
64 64 (0) 6 : 0.136 0.799 0.028 0.009 0.028
65 65 (0) 6 : 0.012 0.692 0.022 0.256 0.018
66 66 (0) 6 : 0.003 0.627 0.002 0.367 0.001
67 67 (0) 6 : 0.047 0.638 0.012 0.301 0.003
68 68 (0) 6 : 0.023 0.592 0.003 0.379 0.003
69 69 (0) 6 : 0.016 0.663 0.002 0.314 0.005
70 70 (0) 6 : 0.204 0.717 0.011 0.061 0.007
71 71 (0) 6 : 0.064 0.767 0.003 0.145 0.021
72 72 (0) 6 : 0.012 0.605 0.002 0.377 0.004
73 73 (0) 6 : 0.090 0.677 0.162 0.031 0.040
74 74 (0) 6 : 0.022 0.545 0.003 0.415 0.016
75 75 (0) 6 : 0.005 0.509 0.009 0.475 0.002
76 76 (0) 6 : 0.167 0.484 0.008 0.337 0.004
77 77 (0) 6 : 0.231 0.594 0.015 0.010 0.150
78 78 (0) 6 : 0.133 0.684 0.002 0.148 0.034
79 79 (0) 6 : 0.313 0.615 0.002 0.063 0.007
80 80 (0) 6 : 0.217 0.674 0.007 0.090 0.011
81 81 (0) 6 : 0.008 0.526 0.037 0.422 0.008
82 82 (0) 6 : 0.218 0.598 0.010 0.168 0.006
83 83 (0) 6 : 0.200 0.681 0.005 0.089 0.025
84 84 (0) 6 : 0.208 0.723 0.005 0.060 0.005
85 85 (0) 6 : 0.002 0.620 0.002 0.371 0.004
86 86 (0) 6 : 0.007 0.341 0.014 0.557 0.081
87 87 (0) 6 : 0.075 0.647 0.024 0.132 0.121
88 88 (0) 5 : 0.053 0.001 0.002 0.940 0.004
89 89 (0) 5 : 0.026 0.002 0.007 0.956 0.009
90 90 (0) 5 : 0.003 0.002 0.004 0.990 0.001
91 91 (0) 5 : 0.004 0.290 0.019 0.681 0.005
92 92 (0) 5 : 0.003 0.003 0.001 0.990 0.003
93 93 (0) 5 : 0.124 0.002 0.018 0.854 0.003
94 94 (2) 1 : 0.005 0.008 0.928 0.003 0.056
95 95 (3) 1 : 0.003 0.002 0.991 0.002 0.002
96 96 (2) 1 : 0.002 0.001 0.993 0.003 0.001
97 97 (0) 1 : 0.004 0.001 0.986 0.004 0.005
98 98 (1) 1 : 0.009 0.024 0.944 0.005 0.017
99 99 (6) 1 : 0.007 0.002 0.987 0.003 0.002
100 100 (11) 1 : 0.004 0.002 0.988 0.004 0.002
101 101 (3) 1 : 0.002 0.002 0.990 0.002 0.004
102 102 (2) 1 : 0.004 0.004 0.962 0.010 0.020
103 103 (5) 1 : 0.009 0.002 0.956 0.007 0.027
104 104 (1) 1 : 0.002 0.001 0.990 0.002 0.005
105 105 (0) 1 : 0.005 0.004 0.891 0.019 0.081
106 106 (1) 1 : 0.008 0.007 0.977 0.005 0.002
107 107 (6) 1 : 0.003 0.003 0.988 0.004 0.002
108 108 (1) 1 : 0.005 0.002 0.927 0.062 0.003
109 109 (18) 1 : 0.010 0.002 0.955 0.008 0.025
110 110 (2) 1 : 0.009 0.002 0.976 0.003 0.010
111 111 (1) 1 : 0.002 0.001 0.994 0.001 0.001
112 112 (2) 1 : 0.003 0.001 0.988 0.002 0.006
113 113 (2) 1 : 0.010 0.001 0.982 0.003 0.004
114 114 (3) 1 : 0.004 0.003 0.983 0.004 0.007
115 115 (2) 1 : 0.003 0.001 0.990 0.004 0.002
116 116 (1) 1 : 0.004 0.001 0.991 0.001 0.003
117 117 (1) 1 : 0.004 0.002 0.988 0.002 0.004
118 118 (3) 1 : 0.010 0.010 0.926 0.017 0.037
119 119 (2) 1 : 0.046 0.008 0.829 0.110 0.007
120 120 (3) 1 : 0.011 0.001 0.984 0.002 0.002
121 121 (0) 1 : 0.002 0.001 0.991 0.004 0.002
122 122 (1) 1 : 0.003 0.021 0.963 0.007 0.005
123 123 (3) 1 : 0.002 0.003 0.987 0.003 0.006
124 124 (3) 1 : 0.012 0.001 0.971 0.005 0.010
125 125 (2) 1 : 0.186 0.001 0.797 0.003 0.012
126 126 (3) 1 : 0.003 0.005 0.984 0.003 0.005
127 127 (1) 1 : 0.001 0.001 0.992 0.003 0.003
128 128 (5) 1 : 0.012 0.001 0.983 0.002 0.002
129 129 (1) 1 : 0.004 0.001 0.989 0.001 0.004
130 130 (5) 1 : 0.002 0.001 0.993 0.002 0.003
131 131 (10) 1 : 0.030 0.003 0.917 0.006 0.045
132 132 (2) 1 : 0.022 0.007 0.948 0.016 0.007
133 133 (4) 1 : 0.080 0.001 0.897 0.016 0.005
134 134 (2) 1 : 0.002 0.028 0.962 0.004 0.005
135 135 (18) 1 : 0.011 0.002 0.982 0.002 0.003
136 136 (3) 1 : 0.024 0.002 0.967 0.002 0.005
137 137 (0) 1 : 0.009 0.570 0.009 0.405 0.007
138 138 (6) 1 : 0.003 0.502 0.002 0.448 0.045
139 139 (17) 2 : 0.985 0.003 0.003 0.004 0.006
140 140 (2) 2 : 0.988 0.001 0.007 0.002 0.002
141 141 (3) 2 : 0.995 0.001 0.001 0.002 0.002
142 142 (0) 2 : 0.986 0.002 0.004 0.003 0.005
143 143 (4) 2 : 0.988 0.004 0.002 0.003 0.004
144 144 (1) 2 : 0.977 0.004 0.007 0.010 0.002
145 145 (8) 2 : 0.982 0.001 0.005 0.003 0.008
146 146 (4) 2 : 0.988 0.001 0.006 0.004 0.002
147 147 (1) 2 : 0.975 0.003 0.012 0.004 0.005
148 148 (17) 2 : 0.995 0.001 0.001 0.001 0.001
149 149 (8) 2 : 0.980 0.002 0.010 0.004 0.004
150 150 (3) 2 : 0.987 0.003 0.002 0.003 0.005
151 151 (0) 2 : 0.991 0.001 0.004 0.003 0.002
152 152 (0) 2 : 0.986 0.001 0.006 0.002 0.005
153 153 (3) 2 : 0.981 0.001 0.012 0.003 0.002
154 154 (1) 2 : 0.985 0.001 0.004 0.007 0.004
155 155 (1) 2 : 0.989 0.003 0.003 0.002 0.003
156 156 (15) 2 : 0.990 0.003 0.002 0.003 0.003
157 157 (3) 2 : 0.989 0.001 0.004 0.004 0.002
158 158 (2) 2 : 0.971 0.004 0.004 0.019 0.002
159 159 (7) 2 : 0.932 0.012 0.015 0.034 0.007
160 160 (4) 2 : 0.964 0.015 0.006 0.008 0.007
161 161 (1) 2 : 0.982 0.003 0.006 0.003 0.005
162 162 (14) 2 : 0.991 0.001 0.003 0.002 0.003
163 163 (15) 2 : 0.986 0.003 0.003 0.005 0.003
164 164 (11) 2 : 0.993 0.001 0.003 0.002 0.001
165 165 (1) 2 : 0.980 0.002 0.008 0.006 0.005
166 166 (8) 2 : 0.966 0.006 0.011 0.015 0.003
167 167 (6) 2 : 0.963 0.003 0.004 0.022 0.008
168 168 (3) 2 : 0.904 0.013 0.013 0.013 0.056
169 169 (6) 2 : 0.910 0.003 0.014 0.009 0.063
170 170 (4) 2 : 0.985 0.001 0.002 0.008 0.004
171 171 (2) 2 : 0.952 0.014 0.007 0.022 0.005
172 172 (6) 2 : 0.954 0.002 0.003 0.005 0.036
173 173 (1) 2 : 0.971 0.002 0.008 0.012 0.006
174 174 (3) 2 : 0.988 0.001 0.003 0.004 0.003
175 175 (2) 2 : 0.962 0.002 0.023 0.003 0.010
176 176 (4) 2 : 0.928 0.002 0.031 0.003 0.036
177 177 (2) 2 : 0.857 0.001 0.049 0.012 0.080
178 178 (3) 2 : 0.990 0.001 0.006 0.002 0.002
179 179 (1) 2 : 0.985 0.002 0.007 0.003 0.004
180 180 (7) 2 : 0.986 0.002 0.004 0.005 0.004
181 181 (0) 2 : 0.986 0.002 0.007 0.003 0.002
182 182 (0) 7 : 0.005 0.001 0.003 0.988 0.003
183 183 (0) 7 : 0.020 0.006 0.011 0.958 0.005
184 184 (1) 7 : 0.011 0.006 0.004 0.967 0.012
185 185 (0) 7 : 0.005 0.015 0.010 0.966 0.004
186 186 (2) 7 : 0.007 0.008 0.005 0.952 0.029
187 187 (0) 7 : 0.019 0.024 0.007 0.944 0.006
188 188 (1) 7 : 0.005 0.002 0.005 0.986 0.002
189 189 (1) 7 : 0.030 0.007 0.004 0.956 0.003
190 190 (0) 7 : 0.012 0.002 0.002 0.977 0.007
191 191 (0) 7 : 0.003 0.005 0.008 0.982 0.002
192 192 (2) 7 : 0.009 0.006 0.024 0.792 0.170
193 193 (1) 7 : 0.011 0.004 0.035 0.947 0.004
194 194 (1) 7 : 0.002 0.030 0.003 0.952 0.012
195 195 (0) 7 : 0.016 0.005 0.020 0.937 0.022
196 196 (0) 7 : 0.003 0.003 0.005 0.987 0.002
197 197 (1) 7 : 0.008 0.013 0.006 0.970 0.003
198 198 (1) 7 : 0.003 0.005 0.002 0.989 0.001
199 199 (0) 7 : 0.004 0.014 0.002 0.978 0.002
200 200 (0) 7 : 0.002 0.009 0.277 0.676 0.036
201 201 (1) 7 : 0.266 0.005 0.015 0.713 0.002
202 202 (0) 7 : 0.003 0.002 0.002 0.992 0.001
203 203 (1) 7 : 0.011 0.005 0.005 0.977 0.002
204 204 (1) 7 : 0.020 0.031 0.264 0.671 0.014
205 205 (0) 7 : 0.004 0.011 0.009 0.973 0.003
206 206 (2) 7 : 0.265 0.007 0.006 0.720 0.003
207 207 (2) 7 : 0.003 0.100 0.002 0.893 0.002
208 208 (2) 7 : 0.008 0.015 0.011 0.946 0.021
209 209 (0) 7 : 0.013 0.096 0.002 0.888 0.001
210 210 (1) 7 : 0.004 0.010 0.010 0.972 0.003
211 211 (0) 7 : 0.013 0.003 0.005 0.976 0.002
212 212 (10) 7 : 0.087 0.004 0.002 0.902 0.006
213 213 (1) 7 : 0.011 0.007 0.003 0.979 0.001
214 214 (0) 7 : 0.014 0.005 0.005 0.973 0.002
215 215 (2) 7 : 0.023 0.003 0.323 0.561 0.090
216 216 (1) 4 : 0.001 0.001 0.002 0.001 0.996
217 217 (1) 4 : 0.002 0.004 0.002 0.002 0.991
218 218 (1) 4 : 0.001 0.001 0.001 0.001 0.996
219 219 (1) 4 : 0.001 0.001 0.001 0.001 0.996
220 220 (1) 4 : 0.193 0.002 0.058 0.021 0.725
221 221 (1) 4 : 0.002 0.003 0.002 0.003 0.990
222 222 (10) 4 : 0.005 0.004 0.007 0.003 0.982
223 223 (2) 4 : 0.002 0.001 0.003 0.002 0.993
224 224 (0) 4 : 0.002 0.002 0.010 0.004 0.982
225 225 (2) 4 : 0.001 0.001 0.002 0.001 0.996
226 226 (0) 4 : 0.001 0.001 0.003 0.001 0.994
