1 1 (0) 3 : 0.005 0.991 0.004
2 2 (0) 3 : 0.007 0.988 0.005
3 3 (0) 3 : 0.004 0.992 0.004
4 4 (0) 3 : 0.004 0.993 0.004
5 5 (0) 3 : 0.002 0.995 0.003
6 6 (0) 3 : 0.005 0.990 0.005
7 7 (0) 3 : 0.004 0.994 0.002
8 8 (0) 3 : 0.003 0.994 0.003
9 9 (0) 3 : 0.004 0.994 0.002
10 10 (0) 3 : 0.009 0.986 0.004
11 11 (0) 3 : 0.004 0.993 0.003
12 12 (0) 3 : 0.008 0.988 0.005
13 13 (0) 3 : 0.002 0.996 0.002
14 14 (0) 3 : 0.004 0.993 0.003
15 15 (0) 3 : 0.005 0.991 0.004
16 16 (0) 3 : 0.002 0.996 0.002
17 17 (0) 3 : 0.003 0.995 0.003
18 18 (0) 3 : 0.026 0.953 0.021
19 19 (0) 3 : 0.003 0.995 0.002
20 20 (0) 3 : 0.005 0.991 0.004
21 21 (0) 3 : 0.004 0.992 0.004
22 22 (0) 3 : 0.006 0.989 0.005
23 23 (0) 3 : 0.003 0.995 0.003
24 24 (0) 3 : 0.004 0.994 0.002
25 25 (0) 3 : 0.008 0.985 0.006
26 26 (0) 3 : 0.005 0.989 0.005
27 27 (0) 3 : 0.003 0.994 0.003
28 28 (0) 3 : 0.007 0.989 0.004
29 29 (0) 3 : 0.003 0.994 0.002
30 30 (0) 3 : 0.003 0.994 0.002
31 31 (0) 3 : 0.006 0.990 0.005
32 32 (0) 3 : 0.003 0.993 0.004
33 33 (0) 3 : 0.002 0.995 0.003
34 34 (0) 3 : 0.003 0.995 0.003
35 35 (0) 3 : 0.005 0.992 0.003
36 36 (0) 5 : 0.115 0.455 0.429
37 37 (0) 5 : 0.014 0.355 0.631
38 38 (0) 6 : 0.060 0.748 0.192
39 39 (0) 6 : 0.044 0.688 0.268
40 40 (0) 6 : 0.120 0.679 0.201
41 41 (0) 6 : 0.040 0.670 0.290
42 42 (0) 6 : 0.047 0.678 0.275
43 43 (0) 5 : 0.012 0.208 0.780
44 44 (0) 5 : 0.026 0.657 0.317
45 45 (0) 5 : 0.038 0.223 0.739
46 46 (0) 5 : 0.077 0.325 0.598
47 47 (0) 5 : 0.012 0.440 0.548
48 48 (0) 5 : 0.030 0.566 0.403
49 49 (0) 5 : 0.032 0.600 0.368
50 50 (0) 5 : 0.130 0.245 0.625
51 51 (0) 5 : 0.029 0.363 0.607
52 52 (0) 6 : 0.037 0.770 0.193
53 53 (0) 6 : 0.009 0.668 0.324
54 54 (0) 6 : 0.185 0.711 0.104
55 55 (0) 6 : 0.345 0.525 0.130
56 56 (0) 6 : 0.051 0.880 0.069
57 57 (0) 6 : 0.018 0.732 0.250
58 58 (0) 6 : 0.234 0.678 0.089
59 59 (0) 6 : 0.189 0.542 0.269
60 60 (0) 6 : 0.039 0.784 0.177
61 61 (0) 6 : 0.027 0.783 0.190
62 62 (0) 6 : 0.014 0.711 0.276
63 63 (0) 6 : 0.184 0.723 0.093
64 64 (0) 6 : 0.077 0.800 0.124
65 65 (0) 6 : 0.130 0.803 0.068
66 66 (0) 6 : 0.008 0.758 0.234
67 67 (0) 6 : 0.024 0.751 0.225
68 68 (0) 6 : 0.009 0.757 0.234
69 69 (0) 6 : 0.012 0.788 0.201
70 70 (0) 6 : 0.042 0.748 0.210
71 71 (0) 6 : 0.013 0.845 0.142
72 72 (0) 6 : 0.014 0.768 0.218
73 73 (0) 6 : 0.224 0.699 0.078
74 74 (0) 6 : 0.017 0.692 0.291
75 75 (0) 6 : 0.087 0.728 0.185
76 76 (0) 6 : 0.019 0.615 0.365
77 77 (0) 6 : 0.173 0.610 0.217
78 78 (0) 6 : 0.024 0.746 0.229
79 79 (0) 6 : 0.008 0.643 0.349
80 80 (0) 6 : 0.030 0.719 0.251
81 81 (0) 6 : 0.186 0.705 0.109
82 82 (0) 6 : 0.028 0.655 0.317
83 83 (0) 6 : 0.023 0.720 0.257
84 84 (0) 6 : 0.019 0.757 0.224
85 85 (0) 6 : 0.008 0.815 0.177
86 86 (0) 6 : 0.179 0.542 0.279
87 87 (0) 6 : 0.139 0.706 0.155
88 88 (0) 5 : 0.017 0.213 0.769
89 89 (0) 5 : 0.011 0.351 0.637
90 90 (0) 5 : 0.014 0.360 0.627
91 91 (0) 5 : 0.175 0.565 0.260
92 92 (0) 5 : 0.008 0.366 0.626
93 93 (0) 5 : 0.031 0.209 0.761
94 94 (2) 1 : 0.975 0.015 0.010
95 95 (3) 1 : 0.984 0.007 0.009
96 96 (2) 1 : 0.977 0.005 0.019
97 97 (0) 1 : 0.971 0.004 0.026
98 98 (1) 1 : 0.939 0.047 0.014
99 99 (6) 1 : 0.956 0.007 0.036
100 100 (11) 1 : 0.981 0.009 0.011
101 101 (3) 1 : 0.981 0.006 0.013
102 102 (2) 1 : 0.968 0.013 0.019
103 103 (5) 1 : 0.982 0.006 0.012
104 104 (1) 1 : 0.983 0.004 0.013
105 105 (0) 1 : 0.972 0.010 0.018
106 106 (1) 1 : 0.943 0.019 0.038
107 107 (6) 1 : 0.977 0.012 0.011
108 108 (1) 1 : 0.929 0.012 0.059
109 109 (18) 1 : 0.975 0.004 0.020
110 110 (2) 1 : 0.970 0.006 0.024
111 111 (1) 1 : 0.985 0.006 0.009
112 112 (2) 1 : 0.987 0.003 0.010
113 113 (2) 1 : 0.970 0.006 0.024
114 114 (3) 1 : 0.972 0.008 0.020
115 115 (2) 1 : 0.967 0.003 0.030
116 116 (1) 1 : 0.984 0.003 0.014
117 117 (1) 1 : 0.977 0.005 0.018
118 118 (3) 1 : 0.955 0.026 0.018
119 119 (2) 1 : 0.837 0.050 0.112
120 120 (3) 1 : 0.959 0.005 0.036
121 121 (0) 1 : 0.982 0.005 0.013
122 122 (1) 1 : 0.941 0.045 0.014
123 123 (3) 1 : 0.979 0.008 0.013
124 124 (3) 1 : 0.957 0.004 0.039
125 125 (2) 1 : 0.836 0.004 0.160
126 126 (3) 1 : 0.977 0.012 0.011
127 127 (1) 1 : 0.985 0.006 0.008
128 128 (5) 1 : 0.962 0.004 0.035
129 129 (1) 1 : 0.986 0.004 0.010
130 130 (5) 1 : 0.989 0.005 0.007
131 131 (10) 1 : 0.950 0.011 0.039
132 132 (2) 1 : 0.912 0.016 0.071
133 133 (4) 1 : 0.883 0.005 0.113
134 134 (2) 1 : 0.955 0.037 0.008
135 135 (18) 1 : 0.974 0.004 0.022
136 136 (3) 1 : 0.956 0.004 0.039
137 137 (0) 1 : 0.054 0.729 0.218
138 138 (6) 1 : 0.028 0.722 0.249
139 139 (17) 2 : 0.016 0.006 0.978
140 140 (2) 2 : 0.035 0.004 0.961
141 141 (3) 2 : 0.005 0.002 0.993
142 142 (0) 2 : 0.022 0.006 0.971
143 143 (4) 2 : 0.014 0.018 0.968
144 144 (1) 2 : 0.017 0.014 0.969
145 145 (8) 2 : 0.026 0.006 0.968
146 146 (4) 2 : 0.013 0.002 0.984
147 147 (1) 2 : 0.102 0.009 0.889
148 148 (17) 2 : 0.006 0.004 0.990
149 149 (8) 2 : 0.039 0.006 0.954
150 150 (3) 2 : 0.009 0.010 0.981
151 151 (0) 2 : 0.017 0.005 0.979
152 152 (0) 2 : 0.032 0.005 0.963
153 153 (3) 2 : 0.022 0.004 0.974
154 154 (1) 2 : 0.010 0.003 0.987
155 155 (1) 2 : 0.018 0.011 0.971
156 156 (15) 2 : 0.008 0.011 0.980
157 157 (3) 2 : 0.016 0.004 0.980
158 158 (2) 2 : 0.013 0.010 0.977
159 159 (7) 2 : 0.039 0.026 0.935
160 160 (4) 2 : 0.048 0.049 0.903
161 161 (1) 2 : 0.030 0.009 0.961
162 162 (14) 2 : 0.018 0.004 0.978
163 163 (15) 2 : 0.019 0.021 0.959
164 164 (11) 2 : 0.016 0.005 0.979
165 165 (1) 2 : 0.022 0.006 0.972
166 166 (8) 2 : 0.020 0.025 0.955
167 167 (6) 2 : 0.011 0.009 0.980
168 168 (3) 2 : 0.075 0.048 0.878
169 169 (6) 2 : 0.114 0.011 0.875
170 170 (4) 2 : 0.012 0.003 0.984
171 171 (2) 2 : 0.021 0.039 0.940
172 172 (6) 2 : 0.021 0.009 0.970
173 173 (1) 2 : 0.027 0.006 0.967
174 174 (3) 2 : 0.011 0.004 0.985
175 175 (2) 2 : 0.144 0.005 0.852
176 176 (4) 2 : 0.183 0.006 0.811
177 177 (2) 2 : 0.208 0.005 0.787
178 178 (3) 2 : 0.016 0.003 0.980
179 179 (1) 2 : 0.035 0.005 0.960
180 180 (7) 2 : 0.017 0.005 0.979
181 181 (0) 2 : 0.059 0.011 0.930
182 182 (0) 7 : 0.033 0.375 0.591
183 183 (0) 7 : 0.077 0.321 0.602
184 184 (1) 7 : 0.021 0.416 0.563
185 185 (0) 7 : 0.136 0.441 0.423
186 186 (2) 7 : 0.046 0.409 0.546
187 187 (0) 7 : 0.019 0.337 0.645
188 188 (1) 7 : 0.032 0.398 0.570
189 189 (1) 7 : 0.015 0.365 0.620
190 190 (0) 7 : 0.013 0.323 0.663
191 191 (0) 7 : 0.099 0.403 0.498
192 192 (2) 7 : 0.132 0.320 0.548
193 193 (1) 7 : 0.118 0.359 0.523
194 194 (1) 7 : 0.043 0.503 0.454
195 195 (0) 7 : 0.073 0.310 0.618
196 196 (0) 7 : 0.045 0.414 0.541
197 197 (1) 7 : 0.030 0.438 0.532
198 198 (1) 7 : 0.008 0.419 0.573
199 199 (0) 7 : 0.012 0.447 0.541
200 200 (0) 7 : 0.515 0.327 0.158
201 201 (1) 7 : 0.031 0.229 0.740
202 202 (0) 7 : 0.006 0.361 0.633
203 203 (1) 7 : 0.020 0.356 0.624
204 204 (1) 7 : 0.321 0.352 0.327
205 205 (0) 7 : 0.067 0.429 0.504
206 206 (2) 7 : 0.025 0.273 0.702
207 207 (2) 7 : 0.015 0.562 0.423
208 208 (2) 7 : 0.106 0.384 0.510
209 209 (0) 7 : 0.017 0.454 0.529
210 210 (1) 7 : 0.072 0.463 0.464
211 211 (0) 7 : 0.010 0.299 0.691
212 212 (10) 7 : 0.008 0.308 0.684
213 213 (1) 7 : 0.013 0.386 0.601
214 214 (0) 7 : 0.019 0.338 0.643
215 215 (2) 7 : 0.471 0.180 0.349
216 216 (1) 4 : 0.924 0.038 0.038
217 217 (1) 4 : 0.769 0.139 0.092
218 218 (1) 4 : 0.933 0.059 0.009
219 219 (1) 4 : 0.945 0.038 0.017
220 220 (1) 4 : 0.729 0.026 0.244
221 221 (1) 4 : 0.890 0.087 0.023
222 222 (10) 4 : 0.926 0.026 0.048
223 223 (2) 4 : 0.954 0.029 0.017
224 224 (0) 4 : 0.974 0.015 0.011
225 225 (2) 4 : 0.923 0.050 0.027
226 226 (0) 4 : 0.968 0.011 0.021
1 1 (0) 3 : 0.004 0.005 0.991
2 2 (0) 3 : 0.005 0.006 0.989
3 3 (0) 3 : 0.004 0.004 0.992
4 4 (0) 3 : 0.004 0.003 0.993
5 5 (0) 3 : 0.002 0.002 0.996
6 6 (0) 3 : 0.006 0.005 0.989
7 7 (0) 3 : 0.003 0.003 0.994
8 8 (0) 3 : 0.003 0.003 0.994
9 9 (0) 3 : 0.002 0.003 0.995
10 10 (0) 3 : 0.003 0.011 0.986
11 11 (0) 3 : 0.004 0.003 0.993
12 12 (0) 3 : 0.004 0.006 0.990
13 13 (0) 3 : 0.002 0.002 0.996
14 14 (0) 3 : 0.003 0.005 0.992
15 15 (0) 3 : 0.003 0.004 0.993
16 16 (0) 3 : 0.002 0.002 0.996
17 17 (0) 3 : 0.002 0.002 0.996
18 18 (0) 3 : 0.021 0.021 0.958
19 19 (0) 3 : 0.002 0.003 0.995
20 20 (0) 3 : 0.003 0.004 0.993
21 21 (0) 3 : 0.004 0.005 0.992
22 22 (0) 3 : 0.005 0.005 0.990
23 23 (0) 3 : 0.002 0.002 0.996
24 24 (0) 3 : 0.003 0.003 0.994
25 25 (0) 3 : 0.006 0.007 0.987
26 26 (0) 3 : 0.006 0.005 0.989
27 27 (0) 3 : 0.003 0.003 0.994
28 28 (0) 3 : 0.003 0.006 0.991
29 29 (0) 3 : 0.002 0.003 0.995
30 30 (0) 3 : 0.002 0.003 0.995
31 31 (0) 3 : 0.005 0.005 0.990
32 32 (0) 3 : 0.004 0.003 0.992
33 33 (0) 3 : 0.003 0.002 0.995
34 34 (0) 3 : 0.002 0.003 0.995
35 35 (0) 3 : 0.003 0.003 0.994
36 36 (0) 5 : 0.434 0.113 0.453
37 37 (0) 5 : 0.632 0.012 0.356
38 38 (0) 6 : 0.205 0.047 0.749
39 39 (0) 6 : 0.274 0.033 0.693
40 40 (0) 6 : 0.201 0.119 0.680
41 41 (0) 6 : 0.297 0.031 0.672
42 42 (0) 6 : 0.265 0.054 0.681
43 43 (0) 5 : 0.773 0.018 0.209
44 44 (0) 5 : 0.300 0.036 0.664
45 45 (0) 5 : 0.744 0.033 0.223
46 46 (0) 5 : 0.602 0.071 0.327
47 47 (0) 5 : 0.551 0.012 0.437
48 48 (0) 5 : 0.409 0.027 0.565
49 49 (0) 5 : 0.366 0.031 0.603
50 50 (0) 5 : 0.616 0.139 0.244
51 51 (0) 5 : 0.604 0.032 0.365
52 52 (0) 6 : 0.198 0.030 0.771
53 53 (0) 6 : 0.323 0.010 0.667
54 54 (0) 6 : 0.157 0.132 0.711
55 55 (0) 6 : 0.133 0.349 0.518
56 56 (0) 6 : 0.074 0.046 0.880
57 57 (0) 6 : 0.235 0.031 0.734
58 58 (0) 6 : 0.120 0.206 0.674
59 59 (0) 6 : 0.269 0.183 0.548
60 60 (0) 6 : 0.181 0.028 0.791
61 61 (0) 6 : 0.198 0.025 0.777
62 62 (0) 6 : 0.278 0.012 0.710
63 63 (0) 6 : 0.090 0.184 0.726
64 64 (0) 6 : 0.134 0.068 0.798
65 65 (0) 6 : 0.057 0.147 0.797
66 66 (0) 6 : 0.236 0.007 0.757
67 67 (0) 6 : 0.223 0.023 0.754
68 68 (0) 6 : 0.236 0.010 0.754
69 69 (0) 6 : 0.204 0.007 0.789
70 70 (0) 6 : 0.220 0.030 0.750
71 71 (0) 6 : 0.147 0.014 0.839
72 72 (0) 6 : 0.218 0.009 0.773
73 73 (0) 6 : 0.067 0.241 0.693
74 74 (0) 6 : 0.274 0.029 0.697
75 75 (0) 6 : 0.153 0.119 0.728
76 76 (0) 6 : 0.365 0.024 0.612
77 77 (0) 6 : 0.225 0.162 0.614
78 78 (0) 6 : 0.239 0.018 0.743
79 79 (0) 6 : 0.346 0.010 0.644
80 80 (0) 6 : 0.236 0.047 0.717
81 81 (0) 6 : 0.089 0.209 0.702
82 82 (0) 6 : 0.313 0.030 0.657
83 83 (0) 6 : 0.251 0.029 0.721
84 84 (0) 6 : 0.224 0.023 0.754
85 85 (0) 6 : 0.175 0.011 0.815
86 86 (0) 6 : 0.307 0.148 0.545
87 87 (0) 6 : 0.181 0.114 0.706
88 88 (0) 5 : 0.776 0.015 0.209
89 89 (0) 5 : 0.636 0.015 0.348
90 90 (0) 5 : 0.631 0.010 0.358
91 91 (0) 5 : 0.244 0.192 0.564
92 92 (0) 5 : 0.627 0.009 0.364
93 93 (0) 5 : 0.754 0.036 0.210
94 94 (2) 1 : 0.009 0.978 0.013
95 95 (3) 1 : 0.011 0.983 0.006
96 96 (2) 1 : 0.016 0.979 0.005
97 97 (0) 1 : 0.023 0.974 0.003
98 98 (1) 1 : 0.012 0.943 0.045
99 99 (6) 1 : 0.028 0.965 0.007
100 100 (11) 1 : 0.014 0.979 0.007
101 101 (3) 1 : 0.012 0.983 0.005
102 102 (2) 1 : 0.016 0.970 0.014
103 103 (5) 1 : 0.012 0.982 0.006
104 104 (1) 1 : 0.010 0.986 0.003
105 105 (0) 1 : 0.018 0.971 0.011
106 106 (1) 1 : 0.038 0.942 0.020
107 107 (6) 1 : 0.013 0.976 0.011
108 108 (1) 1 : 0.067 0.922 0.012
109 109 (18) 1 : 0.016 0.979 0.005
110 110 (2) 1 : 0.034 0.959 0.006
111 111 (1) 1 : 0.010 0.986 0.004
112 112 (2) 1 : 0.012 0.986 0.003
113 113 (2) 1 : 0.023 0.971 0.006
114 114 (3) 1 : 0.013 0.979 0.008
115 115 (2) 1 : 0.030 0.966 0.004
116 116 (1) 1 : 0.011 0.987 0.003
117 117 (1) 1 : 0.013 0.982 0.005
118 118 (3) 1 : 0.020 0.953 0.027
119 119 (2) 1 : 0.095 0.862 0.042
120 120 (3) 1 : 0.030 0.965 0.005
121 121 (0) 1 : 0.011 0.984 0.005
122 122 (1) 1 : 0.011 0.938 0.051
123 123 (3) 1 : 0.012 0.981 0.008
124 124 (3) 1 : 0.040 0.955 0.004
125 125 (2) 1 : 0.147 0.848 0.005
126 126 (3) 1 : 0.009 0.976 0.015
127 127 (1) 1 : 0.008 0.987 0.005
128 128 (5) 1 : 0.024 0.972 0.003
129 129 (1) 1 : 0.011 0.985 0.004
130 130 (5) 1 : 0.005 0.990 0.005
131 131 (10) 1 : 0.033 0.955 0.012
132 132 (2) 1 : 0.073 0.910 0.017
133 133 (4) 1 : 0.103 0.893 0.004
134 134 (2) 1 : 0.008 0.947 0.046
135 135 (18) 1 : 0.023 0.973 0.004
136 136 (3) 1 : 0.040 0.955 0.005
137 137 (0) 1 : 0.215 0.054 0.731
138 138 (6) 1 : 0.250 0.030 0.721
139 139 (17) 2 : 0.978 0.014 0.007
140 140 (2) 2 : 0.963 0.033 0.003
141 141 (3) 2 : 0.994 0.004 0.002
142 142 (0) 2 : 0.974 0.019 0.006
143 143 (4) 2 : 0.964 0.014 0.023
144 144 (1) 2 : 0.968 0.015 0.017
145 145 (8) 2 : 0.962 0.032 0.006
146 146 (4) 2 : 0.986 0.011 0.003
147 147 (1) 2 : 0.892 0.098 0.010
148 148 (17) 2 : 0.991 0.006 0.003
149 149 (8) 2 : 0.960 0.033 0.007
150 150 (3) 2 : 0.982 0.008 0.009
151 151 (0) 2 : 0.983 0.014 0.004
152 152 (0) 2 : 0.972 0.023 0.005
153 153 (3) 2 : 0.979 0.018 0.003
154 154 (1) 2 : 0.989 0.008 0.003
155 155 (1) 2 : 0.974 0.016 0.010
156 156 (15) 2 : 0.978 0.011 0.011
157 157 (3) 2 : 0.984 0.012 0.004
158 158 (2) 2 : 0.979 0.013 0.008
159 159 (7) 2 : 0.931 0.043 0.026
160 160 (4) 2 : 0.912 0.043 0.045
161 161 (1) 2 : 0.958 0.033 0.008
162 162 (14) 2 : 0.986 0.011 0.004
163 163 (15) 2 : 0.961 0.019 0.020
164 164 (11) 2 : 0.981 0.014 0.004
165 165 (1) 2 : 0.974 0.020 0.005
166 166 (8) 2 : 0.957 0.021 0.022
167 167 (6) 2 : 0.977 0.014 0.009
168 168 (3) 2 : 0.881 0.076 0.043
169 169 (6) 2 : 0.870 0.121 0.009
170 170 (4) 2 : 0.986 0.011 0.004
171 171 (2) 2 : 0.941 0.024 0.035
172 172 (6) 2 : 0.974 0.017 0.009
173 173 (1) 2 : 0.970 0.025 0.005
174 174 (3) 2 : 0.987 0.009 0.004
175 175 (2) 2 : 0.877 0.117 0.006
176 176 (4) 2 : 0.818 0.177 0.005
177 177 (2) 2 : 0.769 0.225 0.006
178 178 (3) 2 : 0.980 0.017 0.003
179 179 (1) 2 : 0.963 0.032 0.005
180 180 (7) 2 : 0.976 0.019 0.005
181 181 (0) 2 : 0.949 0.041 0.010
182 182 (0) 7 : 0.596 0.029 0.375
183 183 (0) 7 : 0.600 0.081 0.319
184 184 (1) 7 : 0.545 0.043 0.412
185 185 (0) 7 : 0.400 0.161 0.439
186 186 (2) 7 : 0.540 0.047 0.413
187 187 (0) 7 : 0.649 0.016 0.335
188 188 (1) 7 : 0.558 0.042 0.400
189 189 (1) 7 : 0.620 0.012 0.368
190 190 (0) 7 : 0.666 0.013 0.321
191 191 (0) 7 : 0.524 0.065 0.411
192 192 (2) 7 : 0.552 0.122 0.326
193 193 (1) 7 : 0.525 0.112 0.363
194 194 (1) 7 : 0.442 0.061 0.497
195 195 (0) 7 : 0.623 0.071 0.306
196 196 (0) 7 : 0.547 0.033 0.419
197 197 (1) 7 : 0.539 0.023 0.437
198 198 (1) 7 : 0.573 0.010 0.417
199 199 (0) 7 : 0.536 0.013 0.451
200 200 (0) 7 : 0.157 0.515 0.327
201 201 (1) 7 : 0.743 0.023 0.234
202 202 (0) 7 : 0.632 0.005 0.362
203 203 (1) 7 : 0.631 0.014 0.355
204 204 (1) 7 : 0.326 0.326 0.348
205 205 (0) 7 : 0.503 0.070 0.428
206 206 (2) 7 : 0.705 0.025 0.271
207 207 (2) 7 : 0.429 0.008 0.564
208 208 (2) 7 : 0.531 0.081 0.388
209 209 (0) 7 : 0.526 0.011 0.463
210 210 (1) 7 : 0.463 0.077 0.460
211 211 (0) 7 : 0.694 0.009 0.297
212 212 (10) 7 : 0.681 0.008 0.311
213 213 (1) 7 : 0.598 0.015 0.386
214 214 (0) 7 : 0.637 0.018 0.346
215 215 (2) 7 : 0.334 0.484 0.182
216 216 (1) 4 : 0.033 0.940 0.026
217 217 (1) 4 : 0.083 0.784 0.134
218 218 (1) 4 : 0.007 0.936 0.058
219 219 (1) 4 : 0.015 0.951 0.033
220 220 (1) 4 : 0.217 0.755 0.028
221 221 (1) 4 : 0.021 0.919 0.061
222 222 (10) 4 : 0.040 0.939 0.021
223 223 (2) 4 : 0.014 0.961 0.025
224 224 (0) 4 : 0.011 0.972 0.017
225 225 (2) 4 : 0.020 0.943 0.037
226 226 (0) 4 : 0.017 0.974 0.009
1 1 (0) 3 : 0.005 0.991 0.003
2 2 (0) 3 : 0.006 0.989 0.004
3 3 (0) 3 : 0.003 0.993 0.004
4 4 (0) 3 : 0.003 0.992 0.004
5 5 (0) 3 : 0.003 0.995 0.002
6 6 (0) 3 : 0.005 0.990 0.005
7 7 (0) 3 : 0.004 0.994 0.003
8 8 (0) 3 : 0.003 0.993 0.003
9 9 (0) 3 : 0.004 0.994 0.002
10 10 (0) 3 : 0.011 0.985 0.004
11 11 (0) 3 : 0.003 0.993 0.004
12 12 (0) 3 : 0.006 0.990 0.004
13 13 (0) 3 : 0.003 0.996 0.002
14 14 (0) 3 : 0.005 0.993 0.003
15 15 (0) 3 : 0.005 0.992 0.003
16 16 (0) 3 : 0.002 0.996 0.002
17 17 (0) 3 : 0.003 0.995 0.002
18 18 (0) 3 : 0.020 0.957 0.023
19 19 (0) 3 : 0.003 0.995 0.002
20 20 (0) 3 : 0.004 0.992 0.004
21 21 (0) 3 : 0.004 0.992 0.004
22 22 (0) 3 : 0.006 0.988 0.006
23 23 (0) 3 : 0.003 0.995 0.002
24 24 (0) 3 : 0.004 0.993 0.003
25 25 (0) 3 : 0.007 0.987 0.006
26 26 (0) 3 : 0.006 0.988 0.007
27 27 (0) 3 : 0.002 0.995 0.003
28 28 (0) 3 : 0.008 0.989 0.003
29 29 (0) 3 : 0.003 0.995 0.002
30 30 (0) 3 : 0.003 0.995 0.002
31 31 (0) 3 : 0.005 0.989 0.007
32 32 (0) 3 : 0.004 0.992 0.004
33 33 (0) 3 : 0.002 0.996 0.002
34 34 (0) 3 : 0.003 0.995 0.002
35 35 (0) 3 : 0.004 0.992 0.003
36 36 (0) 5 : 0.106 0.459 0.435
37 37 (0) 5 : 0.014 0.355 0.631
38 38 (0) 6 : 0.034 0.747 0.219
39 39 (0) 6 : 0.045 0.691 0.264
40 40 (0) 6 : 0.122 0.679 0.200
41 41 (0) 6 : 0.036 0.672 0.292
42 42 (0) 6 : 0.056 0.684 0.260
43 43 (0) 5 : 0.017 0.212 0.771
44 44 (0) 5 : 0.024 0.663 0.314
45 45 (0) 5 : 0.039 0.222 0.739
46 46 (0) 5 : 0.091 0.323 0.587
47 47 (0) 5 : 0.010 0.438 0.552
48 48 (0) 5 : 0.031 0.564 0.405
49 49 (0) 5 : 0.024 0.601 0.375
50 50 (0) 5 : 0.125 0.241 0.634
51 51 (0) 5 : 0.045 0.364 0.591
52 52 (0) 6 : 0.031 0.769 0.200
53 53 (0) 6 : 0.008 0.671 0.320
54 54 (0) 6 : 0.153 0.709 0.139
55 55 (0) 6 : 0.352 0.522 0.127
56 56 (0) 6 : 0.054 0.884 0.062
57 57 (0) 6 : 0.024 0.733 0.243
58 58 (0) 6 : 0.205 0.678 0.117
59 59 (0) 6 : 0.157 0.551 0.292
60 60 (0) 6 : 0.037 0.789 0.174
61 61 (0) 6 : 0.020 0.786 0.194
62 62 (0) 6 : 0.016 0.712 0.272
63 63 (0) 6 : 0.197 0.725 0.078
64 64 (0) 6 : 0.085 0.800 0.115
65 65 (0) 6 : 0.137 0.803 0.060
66 66 (0) 6 : 0.010 0.757 0.233
67 67 (0) 6 : 0.029 0.753 0.218
68 68 (0) 6 : 0.012 0.755 0.232
69 69 (0) 6 : 0.010 0.795 0.195
70 70 (0) 6 : 0.042 0.751 0.207
71 71 (0) 6 : 0.017 0.838 0.145
72 72 (0) 6 : 0.011 0.774 0.215
73 73 (0) 6 : 0.243 0.695 0.063
74 74 (0) 6 : 0.028 0.692 0.280
75 75 (0) 6 : 0.115 0.729 0.156
76 76 (0) 6 : 0.019 0.617 0.364
77 77 (0) 6 : 0.136 0.619 0.245
78 78 (0) 6 : 0.023 0.745 0.232
79 79 (0) 6 : 0.009 0.643 0.348
80 80 (0) 6 : 0.037 0.720 0.243
81 81 (0) 6 : 0.213 0.701 0.086
82 82 (0) 6 : 0.033 0.654 0.313
83 83 (0) 6 : 0.026 0.724 0.250
84 84 (0) 6 : 0.021 0.756 0.223
85 85 (0) 6 : 0.012 0.819 0.169
86 86 (0) 6 : 0.167 0.540 0.293
87 87 (0) 6 : 0.119 0.701 0.180
88 88 (0) 5 : 0.017 0.214 0.769
89 89 (0) 5 : 0.012 0.353 0.635
90 90 (0) 5 : 0.010 0.363 0.628
91 91 (0) 5 : 0.184 0.564 0.252
92 92 (0) 5 : 0.011 0.364 0.625
93 93 (0) 5 : 0.043 0.206 0.751
94 94 (2) 1 : 0.979 0.013 0.008
95 95 (3) 1 : 0.983 0.007 0.010
96 96 (2) 1 : 0.979 0.005 0.017
97 97 (0) 1 : 0.973 0.004 0.023
98 98 (1) 1 : 0.941 0.045 0.014
99 99 (6) 1 : 0.961 0.007 0.032
100 100 (11) 1 : 0.978 0.007 0.015
101 101 (3) 1 : 0.983 0.005 0.012
102 102 (2) 1 : 0.969 0.014 0.018
103 103 (5) 1 : 0.980 0.006 0.014
104 104 (1) 1 : 0.984 0.004 0.013
105 105 (0) 1 : 0.974 0.009 0.017
106 106 (1) 1 : 0.938 0.020 0.042
107 107 (6) 1 : 0.977 0.011 0.012
108 108 (1) 1 : 0.939 0.011 0.050
109 109 (18) 1 : 0.976 0.005 0.019
110 110 (2) 1 : 0.974 0.006 0.020
111 111 (1) 1 : 0.988 0.005 0.007
112 112 (2) 1 : 0.989 0.002 0.009
113 113 (2) 1 : 0.975 0.005 0.020
114 114 (3) 1 : 0.980 0.008 0.012
115 115 (2) 1 : 0.969 0.004 0.028
116 116 (1) 1 : 0.985 0.003 0.012
117 117 (1) 1 : 0.980 0.005 0.015
118 118 (3) 1 : 0.959 0.026 0.016
119 119 (2) 1 : 0.879 0.046 0.076
120 120 (3) 1 : 0.962 0.005 0.033
121 121 (0) 1 : 0.984 0.004 0.012
122 122 (1) 1 : 0.943 0.045 0.012
123 123 (3) 1 : 0.982 0.008 0.011
124 124 (3) 1 : 0.952 0.004 0.043
125 125 (2) 1 : 0.831 0.004 0.166
126 126 (3) 1 : 0.977 0.013 0.011
127 127 (1) 1 : 0.988 0.005 0.007
128 128 (5) 1 : 0.969 0.004 0.027
129 129 (1) 1 : 0.987 0.004 0.008
130 130 (5) 1 : 0.988 0.005 0.007
131 131 (10) 1 : 0.951 0.011 0.038
132 132 (2) 1 : 0.907 0.017 0.076
133 133 (4) 1 : 0.895 0.004 0.101
134 134 (2) 1 : 0.949 0.044 0.006
135 135 (18) 1 : 0.973 0.005 0.022
136 136 (3) 1 : 0.958 0.005 0.037
137 137 (0) 1 : 0.046 0.728 0.225
138 138 (6) 1 : 0.028 0.726 0.246
139 139 (17) 2 : 0.013 0.007 0.980
140 140 (2) 2 : 0.034 0.004 0.962
141 141 (3) 2 : 0.005 0.002 0.993
142 142 (0) 2 : 0.019 0.006 0.975
143 143 (4) 2 : 0.013 0.017 0.970
144 144 (1) 2 : 0.014 0.013 0.973
145 145 (8) 2 : 0.028 0.006 0.967
146 146 (4) 2 : 0.011 0.002 0.987
147 147 (1) 2 : 0.088 0.009 0.902
148 148 (17) 2 : 0.005 0.004 0.991
149 149 (8) 2 : 0.034 0.009 0.958
150 150 (3) 2 : 0.009 0.009 0.982
151 151 (0) 2 : 0.010 0.005 0.986
152 152 (0) 2 : 0.031 0.004 0.965
153 153 (3) 2 : 0.019 0.004 0.977
154 154 (1) 2 : 0.008 0.004 0.988
155 155 (1) 2 : 0.016 0.011 0.973
156 156 (15) 2 : 0.009 0.009 0.982
157 157 (3) 2 : 0.014 0.004 0.982
158 158 (2) 2 : 0.013 0.010 0.977
159 159 (7) 2 : 0.042 0.028 0.930
160 160 (4) 2 : 0.055 0.047 0.897
161 161 (1) 2 : 0.028 0.008 0.964
162 162 (14) 2 : 0.011 0.004 0.985
163 163 (15) 2 : 0.017 0.020 0.963
164 164 (11) 2 : 0.020 0.004 0.976
165 165 (1) 2 : 0.025 0.006 0.969
166 166 (8) 2 : 0.021 0.023 0.956
167 167 (6) 2 : 0.011 0.010 0.979
168 168 (3) 2 : 0.083 0.047 0.870
169 169 (6) 2 : 0.128 0.009 0.863
170 170 (4) 2 : 0.012 0.003 0.985
171 171 (2) 2 : 0.024 0.040 0.936
172 172 (6) 2 : 0.019 0.010 0.971
173 173 (1) 2 : 0.031 0.005 0.964
174 174 (3) 2 : 0.011 0.004 0.985
175 175 (2) 2 : 0.132 0.004 0.863
176 176 (4) 2 : 0.197 0.005 0.798
177 177 (2) 2 : 0.210 0.006 0.784
178 178 (3) 2 : 0.020 0.003 0.976
179 179 (1) 2 : 0.032 0.006 0.962
180 180 (7) 2 : 0.021 0.005 0.974
181 181 (0) 2 : 0.060 0.009 0.931
182 182 (0) 7 : 0.041 0.375 0.584
183 183 (0) 7 : 0.052 0.330 0.618
184 184 (1) 7 : 0.026 0.422 0.552
185 185 (0) 7 : 0.131 0.444 0.425
186 186 (2) 7 : 0.040 0.412 0.547
187 187 (0) 7 : 0.021 0.339 0.640
188 188 (1) 7 : 0.040 0.399 0.562
189 189 (1) 7 : 0.014 0.364 0.622
190 190 (0) 7 : 0.014 0.320 0.666
191 191 (0) 7 : 0.107 0.403 0.490
192 192 (2) 7 : 0.150 0.317 0.533
193 193 (1) 7 : 0.096 0.366 0.539
194 194 (1) 7 : 0.048 0.500 0.451
195 195 (0) 7 : 0.082 0.308 0.610
196 196 (0) 7 : 0.039 0.414 0.548
197 197 (1) 7 : 0.025 0.442 0.533
198 198 (1) 7 : 0.011 0.414 0.575
199 199 (0) 7 : 0.015 0.454 0.531
200 200 (0) 7 : 0.521 0.333 0.146
201 201 (1) 7 : 0.032 0.238 0.730
202 202 (0) 7 : 0.007 0.364 0.630
203 203 (1) 7 : 0.021 0.352 0.627
204 204 (1) 7 : 0.297 0.350 0.353
205 205 (0) 7 : 0.075 0.428 0.497
206 206 (2) 7 : 0.021 0.267 0.712
207 207 (2) 7 : 0.011 0.559 0.430
208 208 (2) 7 : 0.119 0.378 0.502
209 209 (0) 7 : 0.014 0.461 0.525
210 210 (1) 7 : 0.069 0.461 0.470
211 211 (0) 7 : 0.011 0.293 0.696
212 212 (10) 7 : 0.007 0.311 0.682
213 213 (1) 7 : 0.012 0.385 0.603
214 214 (0) 7 : 0.017 0.339 0.644
215 215 (2) 7 : 0.478 0.182 0.340
216 216 (1) 4 : 0.938 0.033 0.028
217 217 (1) 4 : 0.784 0.127 0.089
218 218 (1) 4 : 0.947 0.045 0.008
219 219 (1) 4 : 0.945 0.035 0.020
220 220 (1) 4 : 0.760 0.033 0.207
221 221 (1) 4 : 0.911 0.067 0.022
222 222 (10) 4 : 0.943 0.024 0.033
223 223 (2) 4 : 0.956 0.028 0.017
224 224 (0) 4 : 0.975 0.014 0.011
225 225 (2) 4 : 0.924 0.043 0.033
226 226 (0) 4 : 0.973 0.010 0.016
1 1 (0) 3 : 0.990 0.005 0.005
2 2 (0) 3 : 0.987 0.008 0.004
3 3 (0) 3 : 0.993 0.004 0.003
4 4 (0) 3 : 0.993 0.003 0.003
5 5 (0) 3 : 0.996 0.002 0.002
6 6 (0) 3 : 0.991 0.004 0.004
7 7 (0) 3 : 0.994 0.003 0.003
8 8 (0) 3 : 0.994 0.003 0.003
9 9 (0) 3 : 0.994 0.004 0.002
10 10 (0) 3 : 0.984 0.012 0.004
11 11 (0) 3 : 0.993 0.004 0.003
12 12 (0) 3 : 0.990 0.007 0.004
13 13 (0) 3 : 0.996 0.002 0.002
14 14 (0) 3 : 0.993 0.004 0.003
15 15 (0) 3 : 0.993 0.004 0.004
16 16 (0) 3 : 0.996 0.002 0.002
17 17 (0) 3 : 0.995 0.003 0.002
18 18 (0) 3 : 0.956 0.024 0.021
19 19 (0) 3 : 0.995 0.002 0.002
20 20 (0) 3 : 0.993 0.004 0.003
21 21 (0) 3 : 0.992 0.004 0.004
22 22 (0) 3 : 0.989 0.005 0.006
23 23 (0) 3 : 0.995 0.003 0.002
24 24 (0) 3 : 0.994 0.003 0.003
25 25 (0) 3 : 0.987 0.007 0.006
26 26 (0) 3 : 0.988 0.006 0.006
27 27 (0) 3 : 0.993 0.004 0.003
28 28 (0) 3 : 0.990 0.007 0.003
29 29 (0) 3 : 0.995 0.002 0.002
30 30 (0) 3 : 0.994 0.003 0.002
31 31 (0) 3 : 0.989 0.005 0.006
32 32 (0) 3 : 0.992 0.003 0.004
33 33 (0) 3 : 0.996 0.002 0.003
34 34 (0) 3 : 0.995 0.003 0.002
35 35 (0) 3 : 0.993 0.004 0.003
36 36 (0) 5 : 0.453 0.118 0.429
37 37 (0) 5 : 0.359 0.014 0.626
38 38 (0) 6 : 0.749 0.039 0.212
39 39 (0) 6 : 0.688 0.048 0.264
40 40 (0) 6 : 0.683 0.109 0.208
41 41 (0) 6 : 0.667 0.030 0.303
42 42 (0) 6 : 0.682 0.039 0.279
43 43 (0) 5 : 0.211 0.016 0.773
44 44 (0) 5 : 0.664 0.022 0.314
45 45 (0) 5 : 0.226 0.031 0.743
46 46 (0) 5 : 0.328 0.071 0.601
47 47 (0) 5 : 0.434 0.016 0.549
48 48 (0) 5 : 0.566 0.030 0.404
49 49 (0) 5 : 0.603 0.017 0.381
50 50 (0) 5 : 0.247 0.125 0.628
51 51 (0) 5 : 0.369 0.023 0.608
52 52 (0) 6 : 0.773 0.034 0.193
53 53 (0) 6 : 0.671 0.009 0.320
54 54 (0) 6 : 0.710 0.152 0.138
55 55 (0) 6 : 0.526 0.344 0.130
56 56 (0) 6 : 0.884 0.044 0.071
57 57 (0) 6 : 0.736 0.017 0.248
58 58 (0) 6 : 0.677 0.234 0.089
59 59 (0) 6 : 0.554 0.172 0.275
60 60 (0) 6 : 0.789 0.028 0.183
61 61 (0) 6 : 0.780 0.019 0.202
62 62 (0) 6 : 0.716 0.013 0.271
63 63 (0) 6 : 0.726 0.215 0.059
64 64 (0) 6 : 0.799 0.080 0.122
65 65 (0) 6 : 0.803 0.126 0.070
66 66 (0) 6 : 0.762 0.008 0.230
67 67 (0) 6 : 0.751 0.025 0.223
68 68 (0) 6 : 0.756 0.016 0.228
69 69 (0) 6 : 0.789 0.009 0.202
70 70 (0) 6 : 0.755 0.040 0.205
71 71 (0) 6 : 0.843 0.013 0.143
72 72 (0) 6 : 0.776 0.011 0.213
73 73 (0) 6 : 0.695 0.236 0.069
74 74 (0) 6 : 0.692 0.021 0.286
75 75 (0) 6 : 0.728 0.119 0.153
76 76 (0) 6 : 0.613 0.028 0.358
77 77 (0) 6 : 0.613 0.147 0.240
78 78 (0) 6 : 0.743 0.025 0.232
79 79 (0) 6 : 0.646 0.010 0.344
80 80 (0) 6 : 0.719 0.032 0.248
81 81 (0) 6 : 0.704 0.212 0.084
82 82 (0) 6 : 0.661 0.031 0.309
83 83 (0) 6 : 0.722 0.025 0.253
84 84 (0) 6 : 0.754 0.030 0.216
85 85 (0) 6 : 0.814 0.011 0.175
86 86 (0) 6 : 0.543 0.171 0.286
87 87 (0) 6 : 0.705 0.139 0.157
88 88 (0) 5 : 0.212 0.015 0.773
89 89 (0) 5 : 0.349 0.011 0.640
90 90 (0) 5 : 0.361 0.015 0.625
91 91 (0) 5 : 0.564 0.191 0.245
92 92 (0) 5 : 0.362 0.009 0.629
93 93 (0) 5 : 0.213 0.035 0.752
94 94 (2) 1 : 0.012 0.980 0.008
95 95 (3) 1 : 0.006 0.985 0.009
96 96 (2) 1 : 0.004 0.980 0.016
97 97 (0) 1 : 0.003 0.972 0.025
98 98 (1) 1 : 0.044 0.943 0.013
99 99 (6) 1 : 0.007 0.956 0.036
100 100 (11) 1 : 0.008 0.980 0.013
101 101 (3) 1 : 0.005 0.983 0.012
102 102 (2) 1 : 0.013 0.963 0.023
103 103 (5) 1 : 0.005 0.982 0.013
104 104 (1) 1 : 0.003 0.983 0.013
105 105 (0) 1 : 0.012 0.975 0.013
106 106 (1) 1 : 0.022 0.946 0.032
107 107 (6) 1 : 0.009 0.979 0.011
108 108 (1) 1 : 0.011 0.914 0.074
109 109 (18) 1 : 0.006 0.970 0.024
110 110 (2) 1 : 0.008 0.969 0.023
111 111 (1) 1 : 0.004 0.989 0.007
112 112 (2) 1 : 0.003 0.984 0.013
113 113 (2) 1 : 0.006 0.973 0.022
114 114 (3) 1 : 0.007 0.978 0.014
115 115 (2) 1 : 0.003 0.965 0.032
116 116 (1) 1 : 0.003 0.985 0.012
117 117 (1) 1 : 0.005 0.978 0.017
118 118 (3) 1 : 0.025 0.956 0.019
119 119 (2) 1 : 0.049 0.866 0.085
120 120 (3) 1 : 0.004 0.960 0.036
121 121 (0) 1 : 0.005 0.983 0.012
122 122 (1) 1 : 0.049 0.939 0.012
123 123 (3) 1 : 0.006 0.985 0.009
124 124 (3) 1 : 0.004 0.953 0.043
125 125 (2) 1 : 0.004 0.825 0.171
126 126 (3) 1 : 0.013 0.975 0.012
127 127 (1) 1 : 0.006 0.987 0.007
128 128 (5) 1 : 0.003 0.967 0.030
129 129 (1) 1 : 0.004 0.987 0.009
130 130 (5) 1 : 0.005 0.990 0.005
131 131 (10) 1 : 0.012 0.949 0.038
132 132 (2) 1 : 0.014 0.920 0.066
133 133 (4) 1 : 0.005 0.881 0.114
134 134 (2) 1 : 0.045 0.947 0.008
135 135 (18) 1 : 0.004 0.969 0.026
136 136 (3) 1 : 0.005 0.949 0.046
137 137 (0) 1 : 0.730 0.059 0.211
138 138 (6) 1 : 0.724 0.036 0.240
139 139 (17) 2 : 0.006 0.012 0.982
140 140 (2) 2 : 0.004 0.027 0.969
141 141 (3) 2 : 0.002 0.004 0.994
142 142 (0) 2 : 0.006 0.023 0.970
143 143 (4) 2 : 0.017 0.013 0.970
144 144 (1) 2 : 0.014 0.014 0.972
145 145 (8) 2 : 0.005 0.030 0.965
146 146 (4) 2 : 0.003 0.013 0.985
147 147 (1) 2 : 0.011 0.095 0.894
148 148 (17) 2 : 0.004 0.006 0.990
149 149 (8) 2 : 0.008 0.037 0.955
150 150 (3) 2 : 0.010 0.010 0.980
151 151 (0) 2 : 0.004 0.012 0.985
152 152 (0) 2 : 0.005 0.025 0.970
153 153 (3) 2 : 0.004 0.020 0.976
154 154 (1) 2 : 0.003 0.009 0.988
155 155 (1) 2 : 0.009 0.013 0.978
156 156 (15) 2 : 0.012 0.011 0.977
157 157 (3) 2 : 0.004 0.012 0.984
158 158 (2) 2 : 0.009 0.010 0.981
159 159 (7) 2 : 0.027 0.038 0.935
160 160 (4) 2 : 0.047 0.044 0.908
161 161 (1) 2 : 0.007 0.038 0.954
162 162 (14) 2 : 0.004 0.010 0.986
163 163 (15) 2 : 0.019 0.019 0.962
164 164 (11) 2 : 0.004 0.018 0.978
165 165 (1) 2 : 0.006 0.021 0.973
166 166 (8) 2 : 0.024 0.022 0.953
167 167 (6) 2 : 0.010 0.014 0.976
168 168 (3) 2 : 0.048 0.077 0.875
169 169 (6) 2 : 0.013 0.106 0.881
170 170 (4) 2 : 0.003 0.011 0.986
171 171 (2) 2 : 0.039 0.023 0.938
172 172 (6) 2 : 0.010 0.018 0.972
173 173 (1) 2 : 0.005 0.021 0.974
174 174 (3) 2 : 0.004 0.012 0.984
175 175 (2) 2 : 0.006 0.131 0.863
176 176 (4) 2 : 0.004 0.188 0.807
177 177 (2) 2 : 0.007 0.193 0.799
178 178 (3) 2 : 0.003 0.024 0.973
179 179 (1) 2 : 0.006 0.045 0.949
180 180 (7) 2 : 0.005 0.020 0.975
181 181 (0) 2 : 0.010 0.057 0.933
182 182 (0) 7 : 0.368 0.040 0.592
183 183 (0) 7 : 0.322 0.062 0.617
184 184 (1) 7 : 0.420 0.027 0.553
185 185 (0) 7 : 0.441 0.150 0.409
186 186 (2) 7 : 0.411 0.044 0.545
187 187 (0) 7 : 0.339 0.017 0.644
188 188 (1) 7 : 0.398 0.040 0.562
189 189 (1) 7 : 0.364 0.014 0.622
190 190 (0) 7 : 0.323 0.014 0.663
191 191 (0) 7 : 0.405 0.086 0.509
192 192 (2) 7 : 0.317 0.141 0.543
193 193 (1) 7 : 0.360 0.134 0.506
194 194 (1) 7 : 0.501 0.049 0.450
195 195 (0) 7 : 0.309 0.076 0.615
196 196 (0) 7 : 0.418 0.030 0.552
197 197 (1) 7 : 0.439 0.027 0.535
198 198 (1) 7 : 0.414 0.011 0.574
199 199 (0) 7 : 0.452 0.015 0.533
200 200 (0) 7 : 0.327 0.509 0.164
201 201 (1) 7 : 0.240 0.023 0.737
202 202 (0) 7 : 0.365 0.006 0.630
203 203 (1) 7 : 0.353 0.015 0.631
204 204 (1) 7 : 0.354 0.305 0.341
205 205 (0) 7 : 0.433 0.056 0.512
206 206 (2) 7 : 0.271 0.024 0.705
207 207 (2) 7 : 0.559 0.011 0.430
208 208 (2) 7 : 0.393 0.083 0.524
209 209 (0) 7 : 0.458 0.014 0.529
210 210 (1) 7 : 0.458 0.076 0.466
211 211 (0) 7 : 0.301 0.008 0.691
212 212 (10) 7 : 0.310 0.006 0.684
213 213 (1) 7 : 0.390 0.011 0.599
214 214 (0) 7 : 0.342 0.014 0.644
215 215 (2) 7 : 0.183 0.480 0.336
216 216 (1) 4 : 0.030 0.938 0.033
217 217 (1) 4 : 0.140 0.778 0.082
218 218 (1) 4 : 0.054 0.940 0.006
219 219 (1) 4 : 0.031 0.951 0.018
220 220 (1) 4 : 0.035 0.753 0.212
221 221 (1) 4 : 0.074 0.903 0.023
222 222 (10) 4 : 0.023 0.935 0.042
223 223 (2) 4 : 0.026 0.960 0.014
224 224 (0) 4 : 0.015 0.975 0.010
225 225 (2) 4 : 0.048 0.930 0.022
226 226 (0) 4 : 0.011 0.974 0.015
1 1 (0) 3 : 0.991 0.004 0.005
2 2 (0) 3 : 0.987 0.007 0.005
3 3 (0) 3 : 0.993 0.004 0.003
4 4 (0) 3 : 0.992 0.004 0.004
5 5 (0) 3 : 0.995 0.003 0.002
6 6 (0) 3 : 0.990 0.005 0.005
7 7 (0) 3 : 0.994 0.003 0.003
8 8 (0) 3 : 0.994 0.003 0.003
9 9 (0) 3 : 0.994 0.004 0.002
10 10 (0) 3 : 0.984 0.011 0.005
11 11 (0) 3 : 0.993 0.004 0.004
12 12 (0) 3 : 0.988 0.008 0.004
13 13 (0) 3 : 0.996 0.002 0.002
14 14 (0) 3 : 0.993 0.004 0.003
15 15 (0) 3 : 0.991 0.005 0.004
16 16 (0) 3 : 0.995 0.003 0.002
17 17 (0) 3 : 0.995 0.003 0.002
18 18 (0) 3 : 0.953 0.022 0.025
19 19 (0) 3 : 0.995 0.003 0.002
20 20 (0) 3 : 0.993 0.003 0.004
21 21 (0) 3 : 0.992 0.004 0.004
22 22 (0) 3 : 0.987 0.006 0.007
23 23 (0) 3 : 0.995 0.003 0.002
24 24 (0) 3 : 0.994 0.003 0.002
25 25 (0) 3 : 0.987 0.006 0.007
26 26 (0) 3 : 0.989 0.006 0.005
27 27 (0) 3 : 0.994 0.003 0.003
28 28 (0) 3 : 0.989 0.008 0.003
29 29 (0) 3 : 0.995 0.003 0.003
30 30 (0) 3 : 0.995 0.003 0.002
31 31 (0) 3 : 0.990 0.005 0.006
32 32 (0) 3 : 0.992 0.004 0.005
33 33 (0) 3 : 0.995 0.002 0.003
34 34 (0) 3 : 0.994 0.004 0.002
35 35 (0) 3 : 0.992 0.005 0.003
36 36 (0) 5 : 0.457 0.117 0.426
37 37 (0) 5 : 0.359 0.015 0.626
38 38 (0) 6 : 0.743 0.034 0.223
39 39 (0) 6 : 0.690 0.056 0.254
40 40 (0) 6 : 0.671 0.168 0.161
41 41 (0) 6 : 0.670 0.030 0.300
42 42 (0) 6 : 0.677 0.059 0.263
43 43 (0) 5 : 0.213 0.017 0.771
44 44 (0) 5 : 0.662 0.028 0.310
45 45 (0) 5 : 0.223 0.033 0.744
46 46 (0) 5 : 0.323 0.087 0.590
47 47 (0) 5 : 0.440 0.013 0.546
48 48 (0) 5 : 0.565 0.037 0.399
49 49 (0) 5 : 0.601 0.036 0.363
50 50 (0) 5 : 0.242 0.145 0.613
51 51 (0) 5 : 0.367 0.032 0.601
52 52 (0) 6 : 0.773 0.035 0.192
53 53 (0) 6 : 0.669 0.009 0.323
54 54 (0) 6 : 0.706 0.156 0.139
55 55 (0) 6 : 0.523 0.351 0.126
56 56 (0) 6 : 0.882 0.053 0.066
57 57 (0) 6 : 0.736 0.013 0.250
58 58 (0) 6 : 0.676 0.214 0.110
59 59 (0) 6 : 0.550 0.158 0.292
60 60 (0) 6 : 0.786 0.038 0.175
61 61 (0) 6 : 0.780 0.027 0.193
62 62 (0) 6 : 0.714 0.012 0.273
63 63 (0) 6 : 0.725 0.194 0.081
64 64 (0) 6 : 0.801 0.076 0.122
65 65 (0) 6 : 0.798 0.143 0.059
66 66 (0) 6 : 0.758 0.010 0.233
67 67 (0) 6 : 0.749 0.030 0.221
68 68 (0) 6 : 0.756 0.016 0.227
69 69 (0) 6 : 0.789 0.011 0.201
70 70 (0) 6 : 0.750 0.045 0.205
71 71 (0) 6 : 0.844 0.019 0.136
72 72 (0) 6 : 0.774 0.012 0.215
73 73 (0) 6 : 0.692 0.236 0.072
74 74 (0) 6 : 0.693 0.025 0.282
75 75 (0) 6 : 0.726 0.112 0.161
76 76 (0) 6 : 0.614 0.024 0.361
77 77 (0) 6 : 0.611 0.161 0.228
78 78 (0) 6 : 0.749 0.026 0.225
79 79 (0) 6 : 0.644 0.009 0.347
80 80 (0) 6 : 0.717 0.055 0.228
81 81 (0) 6 : 0.698 0.221 0.080
82 82 (0) 6 : 0.656 0.026 0.317
83 83 (0) 6 : 0.722 0.016 0.262
84 84 (0) 6 : 0.760 0.033 0.207
85 85 (0) 6 : 0.817 0.012 0.171
86 86 (0) 6 : 0.540 0.186 0.273
87 87 (0) 6 : 0.705 0.130 0.165
88 88 (0) 5 : 0.207 0.017 0.776
89 89 (0) 5 : 0.351 0.012 0.637
90 90 (0) 5 : 0.359 0.021 0.620
91 91 (0) 5 : 0.564 0.182 0.254
92 92 (0) 5 : 0.369 0.013 0.618
93 93 (0) 5 : 0.210 0.035 0.755
94 94 (2) 1 : 0.011 0.979 0.010
95 95 (3) 1 : 0.005 0.984 0.011
96 96 (2) 1 : 0.005 0.979 0.016
97 97 (0) 1 : 0.003 0.972 0.025
98 98 (1) 1 : 0.041 0.944 0.015
99 99 (6) 1 : 0.007 0.956 0.038
100 100 (11) 1 : 0.009 0.977 0.014
101 101 (3) 1 : 0.006 0.979 0.015
102 102 (2) 1 : 0.012 0.968 0.019
103 103 (5) 1 : 0.006 0.983 0.012
104 104 (1) 1 : 0.005 0.983 0.013
105 105 (0) 1 : 0.008 0.974 0.018
106 106 (1) 1 : 0.020 0.939 0.041
107 107 (6) 1 : 0.014 0.973 0.013
108 108 (1) 1 : 0.011 0.916 0.073
109 109 (18) 1 : 0.005 0.975 0.020
110 110 (2) 1 : 0.007 0.964 0.030
111 111 (1) 1 : 0.005 0.987 0.008
112 112 (2) 1 : 0.003 0.989 0.008
113 113 (2) 1 : 0.004 0.974 0.022
114 114 (3) 1 : 0.008 0.976 0.016
115 115 (2) 1 : 0.003 0.971 0.026
116 116 (1) 1 : 0.003 0.981 0.016
117 117 (1) 1 : 0.005 0.976 0.019
118 118 (3) 1 : 0.022 0.961 0.017
119 119 (2) 1 : 0.043 0.879 0.078
120 120 (3) 1 : 0.005 0.965 0.031
121 121 (0) 1 : 0.005 0.983 0.012
122 122 (1) 1 : 0.047 0.940 0.013
123 123 (3) 1 : 0.007 0.983 0.010
124 124 (3) 1 : 0.005 0.947 0.048
125 125 (2) 1 : 0.003 0.830 0.167
126 126 (3) 1 : 0.015 0.974 0.011
127 127 (1) 1 : 0.007 0.986 0.007
128 128 (5) 1 : 0.003 0.960 0.037
129 129 (1) 1 : 0.003 0.989 0.008
130 130 (5) 1 : 0.005 0.988 0.008
131 131 (10) 1 : 0.009 0.955 0.036
132 132 (2) 1 : 0.015 0.902 0.083
133 133 (4) 1 : 0.004 0.893 0.103
134 134 (2) 1 : 0.045 0.945 0.010
135 135 (18) 1 : 0.004 0.975 0.021
136 136 (3) 1 : 0.005 0.951 0.044
137 137 (0) 1 : 0.727 0.064 0.209
138 138 (6) 1 : 0.721 0.033 0.246
139 139 (17) 2 : 0.007 0.012 0.981
140 140 (2) 2 : 0.004 0.028 0.968
141 141 (3) 2 : 0.002 0.005 0.993
142 142 (0) 2 : 0.006 0.018 0.976
143 143 (4) 2 : 0.018 0.012 0.971
144 144 (1) 2 : 0.015 0.017 0.968
145 145 (8) 2 : 0.006 0.033 0.961
146 146 (4) 2 : 0.002 0.011 0.987
147 147 (1) 2 : 0.010 0.106 0.885
148 148 (17) 2 : 0.003 0.006 0.990
149 149 (8) 2 : 0.009 0.033 0.958
150 150 (3) 2 : 0.010 0.009 0.982
151 151 (0) 2 : 0.004 0.013 0.983
152 152 (0) 2 : 0.006 0.030 0.965
153 153 (3) 2 : 0.003 0.019 0.978
154 154 (1) 2 : 0.004 0.007 0.989
155 155 (1) 2 : 0.012 0.016 0.972
156 156 (15) 2 : 0.012 0.010 0.977
157 157 (3) 2 : 0.004 0.013 0.983
158 158 (2) 2 : 0.011 0.014 0.975
159 159 (7) 2 : 0.027 0.050 0.922
160 160 (4) 2 : 0.052 0.043 0.906
161 161 (1) 2 : 0.009 0.037 0.954
162 162 (14) 2 : 0.005 0.014 0.981
163 163 (15) 2 : 0.019 0.017 0.964
164 164 (11) 2 : 0.004 0.019 0.977
165 165 (1) 2 : 0.006 0.022 0.972
166 166 (8) 2 : 0.027 0.022 0.950
167 167 (6) 2 : 0.009 0.012 0.979
168 168 (3) 2 : 0.042 0.076 0.881
169 169 (6) 2 : 0.012 0.120 0.868
170 170 (4) 2 : 0.004 0.014 0.982
171 171 (2) 2 : 0.038 0.025 0.937
172 172 (6) 2 : 0.009 0.016 0.975
173 173 (1) 2 : 0.005 0.025 0.971
174 174 (3) 2 : 0.004 0.012 0.985
175 175 (2) 2 : 0.005 0.141 0.854
176 176 (4) 2 : 0.006 0.194 0.800
177 177 (2) 2 : 0.005 0.212 0.783
178 178 (3) 2 : 0.003 0.013 0.984
179 179 (1) 2 : 0.005 0.037 0.958
180 180 (7) 2 : 0.004 0.018 0.978
181 181 (0) 2 : 0.011 0.060 0.929
182 182 (0) 7 : 0.379 0.034 0.586
183 183 (0) 7 : 0.329 0.058 0.613
184 184 (1) 7 : 0.421 0.030 0.550
185 185 (0) 7 : 0.443 0.122 0.435
186 186 (2) 7 : 0.407 0.064 0.529
187 187 (0) 7 : 0.340 0.016 0.644
188 188 (1) 7 : 0.401 0.037 0.562
189 189 (1) 7 : 0.368 0.013 0.620
190 190 (0) 7 : 0.318 0.019 0.663
191 191 (0) 7 : 0.407 0.081 0.512
192 192 (2) 7 : 0.317 0.164 0.519
193 193 (1) 7 : 0.365 0.136 0.499
194 194 (1) 7 : 0.506 0.042 0.452
195 195 (0) 7 : 0.306 0.077 0.616
196 196 (0) 7 : 0.416 0.037 0.547
197 197 (1) 7 : 0.439 0.023 0.538
198 198 (1) 7 : 0.416 0.011 0.573
199 199 (0) 7 : 0.451 0.013 0.536
200 200 (0) 7 : 0.331 0.530 0.139
201 201 (1) 7 : 0.236 0.042 0.722
202 202 (0) 7 : 0.365 0.007 0.627
203 203 (1) 7 : 0.356 0.022 0.622
204 204 (1) 7 : 0.347 0.333 0.320
205 205 (0) 7 : 0.429 0.068 0.503
206 206 (2) 7 : 0.270 0.028 0.702
207 207 (2) 7 : 0.561 0.013 0.425
208 208 (2) 7 : 0.382 0.093 0.525
209 209 (0) 7 : 0.458 0.013 0.529
210 210 (1) 7 : 0.456 0.076 0.469
211 211 (0) 7 : 0.298 0.011 0.691
212 212 (10) 7 : 0.312 0.008 0.680
213 213 (1) 7 : 0.390 0.019 0.591
214 214 (0) 7 : 0.343 0.020 0.637
215 215 (2) 7 : 0.183 0.485 0.332
216 216 (1) 4 : 0.032 0.938 0.031
217 217 (1) 4 : 0.133 0.767 0.100
218 218 (1) 4 : 0.049 0.944 0.007
219 219 (1) 4 : 0.027 0.960 0.013
220 220 (1) 4 : 0.025 0.742 0.233
221 221 (1) 4 : 0.064 0.914 0.022
222 222 (10) 4 : 0.025 0.937 0.038
223 223 (2) 4 : 0.028 0.961 0.011
224 224 (0) 4 : 0.016 0.975 0.010
225 225 (2) 4 : 0.039 0.933 0.028
226 226 (0) 4 : 0.011 0.972 0.017
