1.0000	0.9975	0.9977	0.9974	0.9974	0.9975	0.9974	0.9976	0.9973	0.9972
0.9975	1.0000	0.9973	0.9972	0.9974	0.9974	0.9972	0.9975	0.9971	0.9970
0.9977	0.9973	1.0000	0.9974	0.9976	0.9974	0.9974	0.9979	0.9971	0.9973
0.9974	0.9972	0.9974	1.0000	0.9970	0.9972	0.9970	0.9972	0.9973	0.9967
0.9974	0.9974	0.9976	0.9970	1.0000	0.9973	0.9972	0.9975	0.9970	0.9973
0.9975	0.9974	0.9974	0.9972	0.9973	1.0000	0.9973	0.9976	0.9974	0.9970
0.9974	0.9972	0.9974	0.9970	0.9972	0.9973	1.0000	0.9974	0.9969	0.9974
0.9976	0.9975	0.9979	0.9972	0.9975	0.9976	0.9974	1.0000	0.9972	0.9972
0.9973	0.9971	0.9971	0.9973	0.9970	0.9974	0.9969	0.9972	1.0000	0.9968
0.9972	0.9970	0.9973	0.9967	0.9973	0.9970	0.9974	0.9972	0.9968	1.0000
