1 1 (0) 3 : 0.004 0.001 0.994 0.001
2 2 (0) 3 : 0.015 0.002 0.976 0.007
3 3 (0) 3 : 0.002 0.001 0.996 0.001
4 4 (0) 3 : 0.003 0.001 0.993 0.002
5 5 (0) 3 : 0.001 0.001 0.997 0.001
6 6 (0) 3 : 0.003 0.001 0.994 0.001
7 7 (0) 3 : 0.002 0.001 0.996 0.001
8 8 (0) 3 : 0.010 0.001 0.988 0.001
9 9 (0) 3 : 0.004 0.001 0.993 0.001
10 10 (0) 3 : 0.016 0.004 0.972 0.008
11 11 (0) 3 : 0.027 0.003 0.961 0.009
12 12 (0) 3 : 0.011 0.003 0.982 0.005
13 13 (0) 3 : 0.002 0.000 0.997 0.001
14 14 (0) 3 : 0.006 0.002 0.991 0.002
15 15 (0) 3 : 0.002 0.001 0.995 0.001
16 16 (0) 3 : 0.003 0.000 0.995 0.001
17 17 (0) 3 : 0.018 0.001 0.981 0.001
18 18 (0) 3 : 0.019 0.017 0.955 0.010
19 19 (0) 3 : 0.001 0.001 0.997 0.001
20 20 (0) 3 : 0.003 0.001 0.994 0.001
21 21 (0) 3 : 0.002 0.001 0.994 0.003
22 22 (0) 3 : 0.008 0.002 0.985 0.005
23 23 (0) 3 : 0.002 0.001 0.997 0.001
24 24 (0) 3 : 0.002 0.001 0.997 0.001
25 25 (0) 3 : 0.003 0.002 0.993 0.002
26 26 (0) 3 : 0.001 0.001 0.996 0.002
27 27 (0) 3 : 0.001 0.001 0.997 0.001
28 28 (0) 3 : 0.004 0.002 0.992 0.002
29 29 (0) 3 : 0.002 0.001 0.996 0.002
30 30 (0) 3 : 0.001 0.001 0.998 0.001
31 31 (0) 3 : 0.010 0.003 0.982 0.005
32 32 (0) 3 : 0.003 0.001 0.993 0.003
33 33 (0) 3 : 0.003 0.000 0.996 0.001
34 34 (0) 3 : 0.002 0.001 0.997 0.001
35 35 (0) 3 : 0.002 0.001 0.995 0.002
36 36 (0) 5 : 0.063 0.030 0.105 0.802
37 37 (0) 5 : 0.006 0.008 0.004 0.982
38 38 (0) 6 : 0.992 0.002 0.005 0.002
39 39 (0) 6 : 0.049 0.004 0.387 0.560
40 40 (0) 6 : 0.016 0.019 0.496 0.469
41 41 (0) 6 : 0.746 0.005 0.008 0.241
42 42 (0) 6 : 0.861 0.042 0.017 0.080
43 43 (0) 5 : 0.003 0.014 0.001 0.982
44 44 (0) 5 : 0.885 0.018 0.018 0.079
45 45 (0) 5 : 0.003 0.046 0.002 0.949
46 46 (0) 5 : 0.004 0.017 0.003 0.977
47 47 (0) 5 : 0.166 0.005 0.009 0.820
48 48 (0) 5 : 0.059 0.008 0.230 0.703
49 49 (0) 5 : 0.658 0.005 0.018 0.319
50 50 (0) 5 : 0.007 0.275 0.002 0.716
51 51 (0) 5 : 0.005 0.013 0.002 0.979
52 52 (0) 6 : 0.918 0.003 0.072 0.007
53 53 (0) 6 : 0.783 0.011 0.115 0.091
54 54 (0) 6 : 0.953 0.013 0.020 0.014
55 55 (0) 6 : 0.721 0.242 0.006 0.031
56 56 (0) 6 : 0.966 0.001 0.031 0.002
57 57 (0) 6 : 0.910 0.007 0.038 0.045
58 58 (0) 6 : 0.977 0.011 0.005 0.008
59 59 (0) 6 : 0.202 0.257 0.309 0.232
60 60 (0) 6 : 0.990 0.001 0.006 0.003
61 61 (0) 6 : 0.990 0.001 0.006 0.003
62 62 (0) 6 : 0.983 0.002 0.004 0.010
63 63 (0) 6 : 0.988 0.002 0.008 0.003
64 64 (0) 6 : 0.569 0.013 0.416 0.003
65 65 (0) 6 : 0.596 0.007 0.377 0.020
66 66 (0) 6 : 0.065 0.002 0.558 0.374
67 67 (0) 6 : 0.224 0.020 0.495 0.260
68 68 (0) 6 : 0.987 0.001 0.007 0.005
69 69 (0) 6 : 0.247 0.008 0.528 0.216
70 70 (0) 6 : 0.985 0.002 0.011 0.002
71 71 (0) 6 : 0.982 0.002 0.014 0.002
72 72 (0) 6 : 0.987 0.002 0.007 0.005
73 73 (0) 6 : 0.981 0.008 0.007 0.004
74 74 (0) 6 : 0.957 0.009 0.009 0.024
75 75 (0) 6 : 0.912 0.008 0.054 0.027
76 76 (0) 6 : 0.912 0.037 0.007 0.044
77 77 (0) 6 : 0.964 0.027 0.004 0.005
78 78 (0) 6 : 0.972 0.003 0.022 0.003
79 79 (0) 6 : 0.949 0.015 0.010 0.026
80 80 (0) 6 : 0.984 0.002 0.012 0.002
81 81 (0) 6 : 0.982 0.003 0.012 0.003
82 82 (0) 6 : 0.889 0.035 0.041 0.034
83 83 (0) 6 : 0.989 0.003 0.005 0.003
84 84 (0) 6 : 0.989 0.002 0.008 0.002
85 85 (0) 6 : 0.988 0.001 0.008 0.003
86 86 (0) 6 : 0.534 0.079 0.046 0.342
87 87 (0) 6 : 0.941 0.009 0.041 0.009
88 88 (0) 5 : 0.003 0.012 0.001 0.984
89 89 (0) 5 : 0.004 0.023 0.001 0.972
90 90 (0) 5 : 0.002 0.004 0.001 0.993
91 91 (0) 5 : 0.422 0.015 0.024 0.539
92 92 (0) 5 : 0.006 0.003 0.002 0.990
93 93 (0) 5 : 0.002 0.108 0.002 0.888
94 94 (2) 1 : 0.022 0.961 0.014 0.003
95 95 (3) 1 : 0.003 0.992 0.002 0.003
96 96 (2) 1 : 0.003 0.991 0.002 0.004
97 97 (0) 1 : 0.002 0.994 0.002 0.002
98 98 (1) 1 : 0.006 0.938 0.048 0.008
99 99 (6) 1 : 0.003 0.992 0.004 0.002
100 100 (11) 1 : 0.004 0.988 0.005 0.004
101 101 (3) 1 : 0.002 0.991 0.003 0.004
102 102 (2) 1 : 0.017 0.964 0.014 0.005
103 103 (5) 1 : 0.003 0.993 0.002 0.002
104 104 (1) 1 : 0.001 0.995 0.002 0.002
105 105 (0) 1 : 0.015 0.965 0.005 0.015
106 106 (1) 1 : 0.003 0.988 0.006 0.003
107 107 (6) 1 : 0.003 0.983 0.008 0.006
108 108 (1) 1 : 0.009 0.961 0.006 0.025
109 109 (18) 1 : 0.003 0.993 0.002 0.002
110 110 (2) 1 : 0.008 0.984 0.005 0.003
111 111 (1) 1 : 0.002 0.995 0.002 0.001
112 112 (2) 1 : 0.001 0.997 0.001 0.002
113 113 (2) 1 : 0.002 0.994 0.002 0.003
114 114 (3) 1 : 0.004 0.986 0.005 0.005
115 115 (2) 1 : 0.001 0.994 0.001 0.004
116 116 (1) 1 : 0.001 0.997 0.001 0.001
117 117 (1) 1 : 0.001 0.995 0.002 0.002
118 118 (3) 1 : 0.007 0.969 0.014 0.010
119 119 (2) 1 : 0.027 0.909 0.020 0.045
120 120 (3) 1 : 0.001 0.995 0.002 0.002
121 121 (0) 1 : 0.003 0.990 0.003 0.004
122 122 (1) 1 : 0.020 0.949 0.027 0.004
123 123 (3) 1 : 0.003 0.992 0.002 0.003
124 124 (3) 1 : 0.002 0.992 0.001 0.005
125 125 (2) 1 : 0.002 0.995 0.002 0.001
126 126 (3) 1 : 0.004 0.983 0.009 0.004
127 127 (1) 1 : 0.003 0.991 0.003 0.003
128 128 (5) 1 : 0.001 0.996 0.001 0.002
129 129 (1) 1 : 0.002 0.995 0.002 0.002
130 130 (5) 1 : 0.002 0.992 0.003 0.002
131 131 (10) 1 : 0.007 0.975 0.012 0.006
132 132 (2) 1 : 0.008 0.977 0.010 0.006
133 133 (4) 1 : 0.003 0.989 0.001 0.007
134 134 (2) 1 : 0.015 0.920 0.060 0.004
135 135 (18) 1 : 0.002 0.996 0.002 0.001
136 136 (3) 1 : 0.001 0.996 0.002 0.001
137 137 (0) 1 : 0.667 0.032 0.228 0.074
138 138 (6) 1 : 0.853 0.007 0.043 0.096
139 139 (17) 2 : 0.002 0.933 0.004 0.061
140 140 (2) 2 : 0.001 0.995 0.001 0.003
141 141 (3) 2 : 0.001 0.993 0.001 0.005
142 142 (0) 2 : 0.003 0.983 0.001 0.013
143 143 (4) 2 : 0.004 0.978 0.005 0.014
144 144 (1) 2 : 0.009 0.931 0.005 0.055
145 145 (8) 2 : 0.002 0.992 0.001 0.005
146 146 (4) 2 : 0.002 0.981 0.001 0.017
147 147 (1) 2 : 0.003 0.988 0.003 0.007
148 148 (17) 2 : 0.003 0.984 0.002 0.010
149 149 (8) 2 : 0.003 0.987 0.002 0.008
150 150 (3) 2 : 0.008 0.940 0.003 0.048
151 151 (0) 2 : 0.002 0.987 0.001 0.010
152 152 (0) 2 : 0.001 0.993 0.001 0.005
153 153 (3) 2 : 0.001 0.995 0.001 0.003
154 154 (1) 2 : 0.002 0.978 0.001 0.019
155 155 (1) 2 : 0.003 0.985 0.002 0.010
156 156 (15) 2 : 0.011 0.970 0.004 0.015
157 157 (3) 2 : 0.004 0.980 0.001 0.015
158 158 (2) 2 : 0.012 0.824 0.003 0.161
159 159 (7) 2 : 0.002 0.978 0.002 0.019
160 160 (4) 2 : 0.020 0.944 0.004 0.032
161 161 (1) 2 : 0.002 0.989 0.003 0.006
162 162 (14) 2 : 0.001 0.994 0.001 0.004
163 163 (15) 2 : 0.008 0.964 0.005 0.022
164 164 (11) 2 : 0.002 0.992 0.001 0.005
165 165 (1) 2 : 0.003 0.978 0.001 0.018
166 166 (8) 2 : 0.014 0.942 0.003 0.042
167 167 (6) 2 : 0.003 0.874 0.001 0.122
168 168 (3) 2 : 0.036 0.941 0.006 0.016
169 169 (6) 2 : 0.003 0.982 0.001 0.014
170 170 (4) 2 : 0.003 0.955 0.001 0.041
171 171 (2) 2 : 0.018 0.888 0.006 0.088
172 172 (6) 2 : 0.004 0.971 0.003 0.023
173 173 (1) 2 : 0.002 0.982 0.001 0.015
174 174 (3) 2 : 0.002 0.987 0.001 0.010
175 175 (2) 2 : 0.002 0.994 0.001 0.003
176 176 (4) 2 : 0.002 0.992 0.001 0.005
177 177 (2) 2 : 0.002 0.991 0.001 0.005
178 178 (3) 2 : 0.001 0.994 0.001 0.004
179 179 (1) 2 : 0.001 0.996 0.001 0.002
180 180 (7) 2 : 0.003 0.985 0.001 0.011
181 181 (0) 2 : 0.004 0.987 0.002 0.007
182 182 (0) 7 : 0.004 0.004 0.002 0.990
183 183 (0) 7 : 0.009 0.055 0.002 0.935
184 184 (1) 7 : 0.010 0.013 0.004 0.973
185 185 (0) 7 : 0.009 0.008 0.007 0.976
186 186 (2) 7 : 0.021 0.012 0.006 0.961
187 187 (0) 7 : 0.014 0.013 0.014 0.960
188 188 (1) 7 : 0.004 0.005 0.004 0.987
189 189 (1) 7 : 0.069 0.013 0.007 0.911
190 190 (0) 7 : 0.004 0.008 0.002 0.986
191 191 (0) 7 : 0.008 0.006 0.004 0.982
192 192 (2) 7 : 0.016 0.154 0.005 0.825
193 193 (1) 7 : 0.003 0.021 0.005 0.971
194 194 (1) 7 : 0.026 0.004 0.016 0.954
195 195 (0) 7 : 0.002 0.060 0.001 0.936
196 196 (0) 7 : 0.004 0.006 0.004 0.986
197 197 (1) 7 : 0.005 0.008 0.007 0.979
198 198 (1) 7 : 0.002 0.003 0.003 0.992
199 199 (0) 7 : 0.008 0.002 0.006 0.984
200 200 (0) 7 : 0.010 0.274 0.010 0.706
201 201 (1) 7 : 0.002 0.257 0.002 0.739
202 202 (0) 7 : 0.001 0.002 0.002 0.995
203 203 (1) 7 : 0.002 0.008 0.005 0.985
204 204 (1) 7 : 0.008 0.366 0.051 0.575
205 205 (0) 7 : 0.012 0.008 0.010 0.969
206 206 (2) 7 : 0.003 0.151 0.004 0.843
207 207 (2) 7 : 0.013 0.001 0.067 0.919
208 208 (2) 7 : 0.118 0.032 0.009 0.842
209 209 (0) 7 : 0.008 0.006 0.079 0.907
210 210 (1) 7 : 0.005 0.004 0.007 0.984
211 211 (0) 7 : 0.002 0.005 0.004 0.990
212 212 (10) 7 : 0.007 0.011 0.003 0.979
213 213 (1) 7 : 0.006 0.005 0.005 0.984
214 214 (0) 7 : 0.012 0.009 0.003 0.975
215 215 (2) 7 : 0.004 0.532 0.008 0.456
216 216 (1) 4 : 0.158 0.806 0.020 0.016
217 217 (1) 4 : 0.264 0.723 0.007 0.006
218 218 (1) 4 : 0.184 0.792 0.021 0.004
219 219 (1) 4 : 0.100 0.855 0.038 0.007
220 220 (1) 4 : 0.061 0.905 0.011 0.023
221 221 (1) 4 : 0.263 0.729 0.006 0.002
222 222 (10) 4 : 0.193 0.798 0.004 0.005
223 223 (2) 4 : 0.114 0.854 0.021 0.011
224 224 (0) 4 : 0.047 0.931 0.011 0.012
225 225 (2) 4 : 0.161 0.787 0.018 0.034
226 226 (0) 4 : 0.021 0.961 0.008 0.010
