1 1 (0) 3 : 0.001 0.002 0.001 0.001 0.001 0.991 0.002 0.001
2 2 (0) 3 : 0.005 0.005 0.002 0.003 0.002 0.973 0.006 0.004
3 3 (0) 3 : 0.001 0.001 0.001 0.001 0.001 0.994 0.001 0.001
4 4 (0) 3 : 0.002 0.002 0.001 0.001 0.001 0.990 0.003 0.001
5 5 (0) 3 : 0.001 0.001 0.000 0.001 0.000 0.995 0.001 0.001
6 6 (0) 3 : 0.001 0.003 0.001 0.001 0.001 0.991 0.001 0.001
7 7 (0) 3 : 0.001 0.001 0.001 0.001 0.001 0.993 0.001 0.001
8 8 (0) 3 : 0.001 0.008 0.001 0.001 0.001 0.981 0.007 0.001
9 9 (0) 3 : 0.001 0.002 0.001 0.001 0.001 0.992 0.002 0.001
10 10 (0) 3 : 0.003 0.010 0.001 0.003 0.002 0.951 0.006 0.023
11 11 (0) 3 : 0.004 0.007 0.001 0.001 0.001 0.917 0.046 0.022
12 12 (0) 3 : 0.004 0.004 0.001 0.003 0.004 0.977 0.006 0.001
13 13 (0) 3 : 0.000 0.000 0.000 0.000 0.000 0.997 0.001 0.000
14 14 (0) 3 : 0.002 0.004 0.001 0.001 0.001 0.978 0.013 0.001
15 15 (0) 3 : 0.001 0.002 0.001 0.001 0.001 0.993 0.001 0.000
16 16 (0) 3 : 0.001 0.001 0.000 0.000 0.001 0.990 0.006 0.001
17 17 (0) 3 : 0.001 0.029 0.001 0.000 0.001 0.964 0.002 0.002
18 18 (0) 3 : 0.003 0.024 0.017 0.007 0.002 0.941 0.001 0.005
19 19 (0) 3 : 0.001 0.001 0.000 0.001 0.001 0.995 0.001 0.001
20 20 (0) 3 : 0.001 0.003 0.000 0.001 0.000 0.991 0.002 0.001
21 21 (0) 3 : 0.001 0.001 0.001 0.001 0.002 0.992 0.001 0.001
22 22 (0) 3 : 0.003 0.003 0.002 0.001 0.001 0.979 0.010 0.002
23 23 (0) 3 : 0.001 0.002 0.001 0.000 0.001 0.993 0.002 0.001
24 24 (0) 3 : 0.000 0.001 0.001 0.001 0.001 0.993 0.003 0.001
25 25 (0) 3 : 0.002 0.001 0.001 0.001 0.001 0.990 0.002 0.002
26 26 (0) 3 : 0.002 0.001 0.001 0.001 0.000 0.992 0.001 0.001
27 27 (0) 3 : 0.001 0.001 0.001 0.001 0.000 0.995 0.001 0.001
28 28 (0) 3 : 0.002 0.002 0.001 0.003 0.001 0.983 0.005 0.003
29 29 (0) 3 : 0.001 0.002 0.001 0.001 0.001 0.993 0.002 0.001
30 30 (0) 3 : 0.001 0.001 0.000 0.001 0.000 0.995 0.001 0.001
31 31 (0) 3 : 0.007 0.006 0.001 0.002 0.001 0.969 0.010 0.004
32 32 (0) 3 : 0.002 0.003 0.001 0.001 0.001 0.983 0.005 0.004
33 33 (0) 3 : 0.001 0.001 0.001 0.000 0.001 0.995 0.001 0.001
34 34 (0) 3 : 0.000 0.001 0.000 0.001 0.000 0.996 0.001 0.001
35 35 (0) 3 : 0.001 0.001 0.001 0.001 0.001 0.993 0.002 0.000
36 36 (0) 5 : 0.574 0.345 0.012 0.020 0.014 0.029 0.002 0.004
37 37 (0) 5 : 0.960 0.006 0.017 0.003 0.002 0.003 0.002 0.006
38 38 (0) 6 : 0.001 0.395 0.002 0.002 0.003 0.016 0.579 0.002
39 39 (0) 6 : 0.004 0.983 0.001 0.001 0.003 0.004 0.001 0.002
40 40 (0) 6 : 0.010 0.865 0.002 0.007 0.002 0.107 0.003 0.003
41 41 (0) 6 : 0.020 0.935 0.003 0.002 0.002 0.008 0.028 0.003
42 42 (0) 6 : 0.028 0.532 0.008 0.003 0.001 0.006 0.418 0.003
43 43 (0) 5 : 0.165 0.001 0.028 0.001 0.001 0.001 0.001 0.803
44 44 (0) 5 : 0.030 0.756 0.007 0.003 0.002 0.009 0.190 0.002
45 45 (0) 5 : 0.901 0.002 0.046 0.003 0.037 0.001 0.002 0.009
46 46 (0) 5 : 0.954 0.003 0.011 0.021 0.003 0.001 0.003 0.004
47 47 (0) 5 : 0.737 0.158 0.011 0.001 0.005 0.005 0.080 0.002
48 48 (0) 5 : 0.091 0.874 0.014 0.004 0.003 0.005 0.001 0.009
49 49 (0) 5 : 0.117 0.789 0.017 0.004 0.004 0.009 0.016 0.045
50 50 (0) 5 : 0.705 0.020 0.067 0.190 0.002 0.002 0.002 0.013
51 51 (0) 5 : 0.943 0.016 0.010 0.007 0.010 0.002 0.005 0.006
52 52 (0) 6 : 0.002 0.852 0.001 0.001 0.002 0.064 0.077 0.001
53 53 (0) 6 : 0.004 0.861 0.009 0.001 0.006 0.080 0.014 0.025
54 54 (0) 6 : 0.006 0.765 0.003 0.004 0.001 0.025 0.194 0.002
55 55 (0) 6 : 0.009 0.893 0.004 0.066 0.012 0.003 0.004 0.010
56 56 (0) 6 : 0.001 0.003 0.001 0.001 0.001 0.023 0.970 0.001
57 57 (0) 6 : 0.004 0.947 0.001 0.001 0.001 0.026 0.007 0.013
58 58 (0) 6 : 0.002 0.356 0.008 0.018 0.015 0.013 0.586 0.001
59 59 (0) 6 : 0.022 0.868 0.032 0.048 0.006 0.015 0.002 0.006
60 60 (0) 6 : 0.001 0.002 0.001 0.001 0.001 0.002 0.989 0.003
61 61 (0) 6 : 0.001 0.001 0.001 0.001 0.001 0.001 0.993 0.001
62 62 (0) 6 : 0.011 0.819 0.003 0.002 0.001 0.005 0.158 0.002
63 63 (0) 6 : 0.001 0.952 0.001 0.002 0.001 0.007 0.033 0.003
64 64 (0) 6 : 0.001 0.524 0.004 0.004 0.004 0.455 0.006 0.003
65 65 (0) 6 : 0.005 0.596 0.002 0.002 0.004 0.382 0.006 0.003
66 66 (0) 6 : 0.140 0.412 0.002 0.002 0.001 0.435 0.006 0.001
67 67 (0) 6 : 0.153 0.324 0.007 0.010 0.002 0.467 0.026 0.010
68 68 (0) 6 : 0.001 0.001 0.001 0.000 0.001 0.001 0.995 0.001
69 69 (0) 6 : 0.013 0.548 0.005 0.002 0.002 0.424 0.004 0.003
70 70 (0) 6 : 0.003 0.005 0.003 0.002 0.004 0.004 0.978 0.002
71 71 (0) 6 : 0.001 0.003 0.001 0.001 0.001 0.007 0.985 0.001
72 72 (0) 6 : 0.002 0.001 0.001 0.001 0.001 0.003 0.990 0.001
73 73 (0) 6 : 0.006 0.078 0.009 0.064 0.037 0.014 0.788 0.003
74 74 (0) 6 : 0.002 0.975 0.002 0.001 0.002 0.011 0.005 0.002
75 75 (0) 6 : 0.003 0.979 0.001 0.001 0.001 0.009 0.003 0.003
76 76 (0) 6 : 0.003 0.970 0.005 0.006 0.002 0.006 0.007 0.001
77 77 (0) 6 : 0.010 0.021 0.010 0.005 0.205 0.029 0.717 0.003
78 78 (0) 6 : 0.001 0.666 0.001 0.002 0.002 0.009 0.316 0.002
79 79 (0) 6 : 0.003 0.979 0.004 0.001 0.001 0.005 0.003 0.004
80 80 (0) 6 : 0.002 0.646 0.002 0.001 0.002 0.005 0.339 0.003
81 81 (0) 6 : 0.002 0.976 0.001 0.002 0.003 0.007 0.007 0.001
82 82 (0) 6 : 0.031 0.731 0.022 0.010 0.002 0.144 0.039 0.020
83 83 (0) 6 : 0.001 0.220 0.006 0.002 0.011 0.014 0.739 0.006
84 84 (0) 6 : 0.003 0.385 0.003 0.002 0.002 0.008 0.593 0.004
85 85 (0) 6 : 0.002 0.002 0.001 0.001 0.001 0.002 0.990 0.001
86 86 (0) 6 : 0.004 0.953 0.002 0.020 0.013 0.001 0.004 0.002
87 87 (0) 6 : 0.001 0.752 0.007 0.003 0.011 0.108 0.114 0.003
88 88 (0) 5 : 0.161 0.001 0.030 0.001 0.001 0.001 0.001 0.804
89 89 (0) 5 : 0.953 0.004 0.026 0.003 0.006 0.002 0.002 0.004
90 90 (0) 5 : 0.989 0.001 0.004 0.001 0.001 0.001 0.001 0.002
91 91 (0) 5 : 0.398 0.528 0.003 0.008 0.002 0.011 0.007 0.042
92 92 (0) 5 : 0.964 0.017 0.004 0.001 0.001 0.001 0.002 0.010
93 93 (0) 5 : 0.783 0.004 0.193 0.013 0.002 0.001 0.001 0.003
94 94 (2) 1 : 0.003 0.007 0.001 0.915 0.058 0.005 0.006 0.005
95 95 (3) 1 : 0.003 0.002 0.001 0.987 0.002 0.001 0.002 0.001
96 96 (2) 1 : 0.002 0.002 0.002 0.989 0.001 0.001 0.001 0.003
97 97 (0) 1 : 0.002 0.001 0.005 0.985 0.003 0.001 0.001 0.002
98 98 (1) 1 : 0.004 0.016 0.003 0.942 0.018 0.012 0.002 0.003
99 99 (6) 1 : 0.002 0.002 0.009 0.982 0.001 0.001 0.002 0.002
100 100 (11) 1 : 0.003 0.001 0.002 0.985 0.002 0.001 0.002 0.003
101 101 (3) 1 : 0.002 0.001 0.002 0.987 0.003 0.002 0.001 0.001
102 102 (2) 1 : 0.004 0.005 0.003 0.967 0.014 0.002 0.003 0.002
103 103 (5) 1 : 0.005 0.003 0.006 0.967 0.013 0.002 0.001 0.003
104 104 (1) 1 : 0.001 0.001 0.002 0.992 0.002 0.001 0.001 0.001
105 105 (0) 1 : 0.017 0.004 0.004 0.916 0.051 0.003 0.002 0.003
106 106 (1) 1 : 0.002 0.008 0.008 0.968 0.001 0.006 0.002 0.004
107 107 (6) 1 : 0.002 0.004 0.002 0.986 0.001 0.002 0.001 0.002
108 108 (1) 1 : 0.035 0.010 0.007 0.934 0.002 0.002 0.003 0.009
109 109 (18) 1 : 0.004 0.005 0.006 0.964 0.015 0.001 0.001 0.003
110 110 (2) 1 : 0.003 0.003 0.004 0.979 0.006 0.002 0.002 0.001
111 111 (1) 1 : 0.001 0.001 0.001 0.992 0.002 0.001 0.001 0.002
112 112 (2) 1 : 0.002 0.001 0.002 0.988 0.004 0.001 0.001 0.001
113 113 (2) 1 : 0.004 0.001 0.004 0.983 0.003 0.001 0.001 0.002
114 114 (3) 1 : 0.004 0.002 0.003 0.983 0.003 0.003 0.001 0.001
115 115 (2) 1 : 0.002 0.001 0.002 0.991 0.001 0.001 0.001 0.001
116 116 (1) 1 : 0.001 0.001 0.002 0.992 0.002 0.000 0.001 0.001
117 117 (1) 1 : 0.002 0.002 0.006 0.984 0.002 0.002 0.001 0.002
118 118 (3) 1 : 0.008 0.018 0.006 0.922 0.027 0.008 0.002 0.008
119 119 (2) 1 : 0.080 0.019 0.019 0.845 0.014 0.008 0.005 0.011
120 120 (3) 1 : 0.002 0.001 0.007 0.985 0.001 0.001 0.002 0.001
121 121 (0) 1 : 0.002 0.001 0.004 0.989 0.001 0.001 0.001 0.001
122 122 (1) 1 : 0.006 0.010 0.002 0.965 0.003 0.008 0.005 0.002
123 123 (3) 1 : 0.002 0.003 0.003 0.984 0.002 0.002 0.003 0.002
124 124 (3) 1 : 0.003 0.002 0.006 0.975 0.010 0.001 0.001 0.002
125 125 (2) 1 : 0.003 0.002 0.172 0.802 0.017 0.001 0.001 0.002
126 126 (3) 1 : 0.002 0.002 0.002 0.986 0.003 0.002 0.001 0.001
127 127 (1) 1 : 0.002 0.001 0.002 0.991 0.002 0.001 0.001 0.001
128 128 (5) 1 : 0.001 0.001 0.007 0.986 0.001 0.001 0.002 0.001
129 129 (1) 1 : 0.001 0.001 0.002 0.991 0.003 0.001 0.001 0.001
130 130 (5) 1 : 0.001 0.001 0.001 0.993 0.002 0.001 0.001 0.001
131 131 (10) 1 : 0.004 0.009 0.023 0.927 0.029 0.003 0.003 0.002
132 132 (2) 1 : 0.006 0.003 0.018 0.953 0.003 0.007 0.005 0.005
133 133 (4) 1 : 0.021 0.003 0.037 0.932 0.002 0.001 0.001 0.002
134 134 (2) 1 : 0.002 0.004 0.001 0.959 0.003 0.018 0.012 0.001
135 135 (18) 1 : 0.003 0.002 0.008 0.981 0.003 0.000 0.001 0.001
136 136 (3) 1 : 0.001 0.001 0.023 0.964 0.004 0.002 0.001 0.003
137 137 (0) 1 : 0.009 0.384 0.003 0.006 0.006 0.200 0.113 0.279
138 138 (6) 1 : 0.008 0.656 0.002 0.002 0.007 0.053 0.010 0.263
139 139 (17) 2 : 0.005 0.003 0.978 0.005 0.005 0.002 0.001 0.003
140 140 (2) 2 : 0.002 0.001 0.989 0.005 0.001 0.001 0.001 0.001
141 141 (3) 2 : 0.002 0.000 0.994 0.001 0.001 0.000 0.000 0.001
142 142 (0) 2 : 0.003 0.001 0.976 0.003 0.003 0.002 0.002 0.009
143 143 (4) 2 : 0.003 0.004 0.982 0.002 0.002 0.003 0.002 0.002
144 144 (1) 2 : 0.009 0.003 0.978 0.003 0.002 0.002 0.002 0.002
145 145 (8) 2 : 0.003 0.001 0.985 0.003 0.005 0.001 0.001 0.001
146 146 (4) 2 : 0.002 0.001 0.985 0.005 0.001 0.001 0.001 0.004
147 147 (1) 2 : 0.001 0.003 0.974 0.009 0.006 0.004 0.002 0.001
148 148 (17) 2 : 0.001 0.001 0.994 0.001 0.001 0.001 0.001 0.001
149 149 (8) 2 : 0.003 0.002 0.975 0.009 0.005 0.002 0.003 0.001
150 150 (3) 2 : 0.004 0.005 0.982 0.001 0.002 0.001 0.002 0.003
151 151 (0) 2 : 0.002 0.001 0.989 0.003 0.001 0.001 0.002 0.001
152 152 (0) 2 : 0.002 0.001 0.987 0.005 0.002 0.001 0.001 0.001
153 153 (3) 2 : 0.003 0.001 0.986 0.006 0.002 0.001 0.001 0.001
154 154 (1) 2 : 0.004 0.001 0.975 0.003 0.004 0.001 0.002 0.010
155 155 (1) 2 : 0.001 0.002 0.986 0.003 0.002 0.002 0.003 0.002
156 156 (15) 2 : 0.002 0.001 0.992 0.001 0.001 0.001 0.001 0.001
157 157 (3) 2 : 0.003 0.001 0.988 0.004 0.001 0.001 0.001 0.001
158 158 (2) 2 : 0.019 0.003 0.960 0.002 0.001 0.002 0.009 0.003
159 159 (7) 2 : 0.031 0.014 0.909 0.010 0.003 0.005 0.004 0.024
160 160 (4) 2 : 0.003 0.027 0.949 0.008 0.003 0.004 0.005 0.002
161 161 (1) 2 : 0.004 0.003 0.982 0.002 0.004 0.002 0.001 0.002
162 162 (14) 2 : 0.001 0.001 0.992 0.001 0.002 0.001 0.001 0.001
163 163 (15) 2 : 0.003 0.006 0.978 0.005 0.002 0.002 0.001 0.002
164 164 (11) 2 : 0.002 0.001 0.991 0.002 0.001 0.001 0.001 0.001
165 165 (1) 2 : 0.007 0.001 0.974 0.009 0.002 0.001 0.002 0.004
166 166 (8) 2 : 0.005 0.013 0.956 0.006 0.003 0.003 0.012 0.002
167 167 (6) 2 : 0.016 0.004 0.958 0.002 0.007 0.004 0.006 0.004
168 168 (3) 2 : 0.007 0.013 0.869 0.008 0.072 0.008 0.019 0.003
169 169 (6) 2 : 0.005 0.004 0.900 0.008 0.070 0.001 0.007 0.005
170 170 (4) 2 : 0.003 0.002 0.966 0.003 0.004 0.001 0.001 0.020
171 171 (2) 2 : 0.016 0.014 0.950 0.003 0.002 0.006 0.006 0.002
172 172 (6) 2 : 0.006 0.002 0.956 0.002 0.029 0.001 0.002 0.002
173 173 (1) 2 : 0.006 0.001 0.976 0.002 0.007 0.001 0.001 0.005
174 174 (3) 2 : 0.004 0.002 0.983 0.003 0.003 0.001 0.001 0.003
175 175 (2) 2 : 0.001 0.002 0.956 0.029 0.006 0.001 0.003 0.002
176 176 (4) 2 : 0.001 0.002 0.927 0.033 0.030 0.002 0.002 0.002
177 177 (2) 2 : 0.004 0.002 0.861 0.037 0.088 0.001 0.003 0.003
178 178 (3) 2 : 0.002 0.001 0.990 0.003 0.001 0.001 0.001 0.002
179 179 (1) 2 : 0.002 0.001 0.988 0.003 0.002 0.001 0.001 0.001
180 180 (7) 2 : 0.005 0.002 0.979 0.003 0.004 0.001 0.001 0.004
181 181 (0) 2 : 0.002 0.001 0.985 0.004 0.003 0.002 0.002 0.001
182 182 (0) 7 : 0.976 0.003 0.004 0.005 0.002 0.002 0.002 0.006
183 183 (0) 7 : 0.915 0.012 0.031 0.018 0.003 0.004 0.012 0.005
184 184 (1) 7 : 0.962 0.003 0.010 0.003 0.010 0.003 0.006 0.003
185 185 (0) 7 : 0.944 0.015 0.004 0.010 0.006 0.003 0.003 0.015
186 186 (2) 7 : 0.936 0.012 0.006 0.006 0.032 0.003 0.004 0.002
187 187 (0) 7 : 0.892 0.009 0.014 0.004 0.007 0.008 0.010 0.056
188 188 (1) 7 : 0.961 0.008 0.006 0.003 0.002 0.002 0.002 0.015
189 189 (1) 7 : 0.366 0.397 0.203 0.004 0.003 0.002 0.004 0.021
190 190 (0) 7 : 0.974 0.005 0.011 0.001 0.002 0.002 0.002 0.002
191 191 (0) 7 : 0.978 0.004 0.003 0.006 0.003 0.004 0.001 0.002
192 192 (2) 7 : 0.759 0.001 0.014 0.016 0.179 0.002 0.024 0.006
193 193 (1) 7 : 0.965 0.003 0.005 0.020 0.003 0.002 0.001 0.001
194 194 (1) 7 : 0.949 0.011 0.002 0.003 0.011 0.009 0.013 0.001
195 195 (0) 7 : 0.928 0.001 0.027 0.019 0.017 0.001 0.004 0.002
196 196 (0) 7 : 0.976 0.002 0.004 0.008 0.001 0.002 0.003 0.004
197 197 (1) 7 : 0.966 0.013 0.002 0.004 0.002 0.007 0.004 0.002
198 198 (1) 7 : 0.984 0.004 0.003 0.001 0.001 0.001 0.002 0.003
199 199 (0) 7 : 0.956 0.020 0.002 0.002 0.001 0.006 0.004 0.009
200 200 (0) 7 : 0.667 0.006 0.002 0.270 0.041 0.004 0.004 0.006
201 201 (1) 7 : 0.627 0.004 0.326 0.011 0.001 0.004 0.003 0.022
202 202 (0) 7 : 0.989 0.002 0.003 0.001 0.001 0.001 0.001 0.001
203 203 (1) 7 : 0.984 0.002 0.006 0.002 0.002 0.003 0.001 0.001
204 204 (1) 7 : 0.646 0.022 0.009 0.286 0.005 0.020 0.004 0.008
205 205 (0) 7 : 0.964 0.012 0.004 0.005 0.002 0.008 0.003 0.003
206 206 (2) 7 : 0.719 0.005 0.239 0.009 0.007 0.005 0.003 0.013
207 207 (2) 7 : 0.926 0.020 0.001 0.001 0.001 0.040 0.007 0.003
208 208 (2) 7 : 0.737 0.151 0.015 0.010 0.036 0.008 0.010 0.033
209 209 (0) 7 : 0.903 0.014 0.014 0.005 0.001 0.055 0.005 0.003
210 210 (1) 7 : 0.978 0.002 0.003 0.004 0.003 0.003 0.005 0.002
211 211 (0) 7 : 0.976 0.001 0.012 0.002 0.002 0.003 0.001 0.003
212 212 (10) 7 : 0.879 0.002 0.107 0.002 0.002 0.003 0.003 0.002
213 213 (1) 7 : 0.963 0.007 0.012 0.004 0.001 0.003 0.004 0.006
214 214 (0) 7 : 0.958 0.010 0.012 0.004 0.003 0.003 0.005 0.005
215 215 (2) 7 : 0.578 0.003 0.015 0.255 0.144 0.002 0.002 0.002
216 216 (1) 4 : 0.001 0.001 0.001 0.001 0.996 0.000 0.000 0.000
217 217 (1) 4 : 0.002 0.003 0.002 0.001 0.986 0.002 0.001 0.003
218 218 (1) 4 : 0.001 0.001 0.000 0.001 0.995 0.001 0.001 0.000
219 219 (1) 4 : 0.001 0.001 0.001 0.001 0.995 0.001 0.000 0.001
220 220 (1) 4 : 0.004 0.002 0.221 0.046 0.719 0.002 0.002 0.004
221 221 (1) 4 : 0.002 0.003 0.001 0.003 0.987 0.001 0.002 0.001
222 222 (10) 4 : 0.001 0.002 0.005 0.005 0.976 0.002 0.007 0.002
223 223 (2) 4 : 0.001 0.001 0.001 0.002 0.991 0.001 0.001 0.002
224 224 (0) 4 : 0.001 0.001 0.002 0.004 0.986 0.001 0.001 0.004
225 225 (2) 4 : 0.001 0.001 0.001 0.001 0.995 0.000 0.001 0.000
226 226 (0) 4 : 0.001 0.001 0.001 0.001 0.995 0.000 0.001 0.001
1 1 (0) 3 : 0.002 0.003 0.002 0.001 0.989 0.001 0.001 0.000
2 2 (0) 3 : 0.003 0.006 0.004 0.001 0.969 0.003 0.012 0.002
3 3 (0) 3 : 0.001 0.001 0.001 0.001 0.994 0.001 0.001 0.001
4 4 (0) 3 : 0.001 0.001 0.002 0.001 0.991 0.001 0.002 0.001
5 5 (0) 3 : 0.001 0.001 0.001 0.000 0.995 0.000 0.001 0.000
6 6 (0) 3 : 0.001 0.003 0.001 0.001 0.991 0.001 0.002 0.001
7 7 (0) 3 : 0.001 0.001 0.001 0.000 0.994 0.001 0.001 0.000
8 8 (0) 3 : 0.001 0.006 0.010 0.001 0.980 0.000 0.001 0.001
9 9 (0) 3 : 0.001 0.002 0.001 0.001 0.993 0.001 0.001 0.001
10 10 (0) 3 : 0.010 0.005 0.007 0.001 0.967 0.003 0.003 0.003
11 11 (0) 3 : 0.005 0.043 0.007 0.001 0.934 0.001 0.009 0.001
12 12 (0) 3 : 0.000 0.007 0.005 0.002 0.978 0.003 0.003 0.002
13 13 (0) 3 : 0.000 0.002 0.001 0.000 0.995 0.000 0.000 0.000
14 14 (0) 3 : 0.001 0.008 0.002 0.001 0.984 0.001 0.002 0.001
15 15 (0) 3 : 0.001 0.001 0.001 0.001 0.994 0.001 0.001 0.001
16 16 (0) 3 : 0.000 0.005 0.002 0.000 0.990 0.001 0.001 0.000
17 17 (0) 3 : 0.001 0.002 0.005 0.001 0.990 0.001 0.001 0.000
18 18 (0) 3 : 0.004 0.001 0.031 0.016 0.935 0.003 0.006 0.004
19 19 (0) 3 : 0.000 0.001 0.001 0.000 0.995 0.001 0.001 0.000
20 20 (0) 3 : 0.001 0.002 0.002 0.001 0.992 0.001 0.001 0.001
21 21 (0) 3 : 0.001 0.002 0.003 0.001 0.988 0.001 0.003 0.001
22 22 (0) 3 : 0.002 0.008 0.004 0.002 0.978 0.002 0.003 0.001
23 23 (0) 3 : 0.001 0.003 0.001 0.000 0.992 0.001 0.001 0.001
24 24 (0) 3 : 0.001 0.002 0.001 0.000 0.994 0.000 0.001 0.001
25 25 (0) 3 : 0.001 0.002 0.002 0.001 0.987 0.002 0.003 0.002
26 26 (0) 3 : 0.002 0.001 0.001 0.001 0.993 0.001 0.001 0.001
27 27 (0) 3 : 0.001 0.001 0.001 0.000 0.995 0.000 0.001 0.001
28 28 (0) 3 : 0.002 0.005 0.001 0.001 0.985 0.001 0.001 0.003
29 29 (0) 3 : 0.001 0.001 0.001 0.001 0.993 0.001 0.001 0.000
30 30 (0) 3 : 0.001 0.001 0.000 0.000 0.996 0.000 0.001 0.000
31 31 (0) 3 : 0.005 0.011 0.005 0.004 0.966 0.001 0.006 0.002
32 32 (0) 3 : 0.003 0.006 0.003 0.001 0.984 0.001 0.002 0.001
33 33 (0) 3 : 0.001 0.002 0.001 0.000 0.994 0.001 0.000 0.000
34 34 (0) 3 : 0.001 0.001 0.001 0.000 0.995 0.001 0.001 0.000
35 35 (0) 3 : 0.001 0.002 0.002 0.001 0.993 0.001 0.001 0.001
36 36 (0) 5 : 0.002 0.002 0.399 0.006 0.012 0.004 0.565 0.011
37 37 (0) 5 : 0.010 0.003 0.013 0.006 0.004 0.002 0.958 0.004
38 38 (0) 6 : 0.001 0.504 0.480 0.001 0.010 0.002 0.001 0.001
39 39 (0) 6 : 0.001 0.001 0.979 0.001 0.011 0.002 0.002 0.002
40 40 (0) 6 : 0.004 0.002 0.837 0.002 0.130 0.003 0.010 0.013
41 41 (0) 6 : 0.002 0.045 0.894 0.001 0.006 0.002 0.048 0.001
42 42 (0) 6 : 0.003 0.399 0.526 0.009 0.009 0.001 0.045 0.009
43 43 (0) 5 : 0.995 0.001 0.001 0.001 0.000 0.001 0.001 0.001
44 44 (0) 5 : 0.003 0.233 0.709 0.005 0.023 0.002 0.022 0.005
45 45 (0) 5 : 0.005 0.002 0.004 0.029 0.001 0.041 0.910 0.008
46 46 (0) 5 : 0.005 0.002 0.002 0.008 0.002 0.003 0.957 0.021
47 47 (0) 5 : 0.005 0.050 0.187 0.008 0.005 0.003 0.740 0.002
48 48 (0) 5 : 0.005 0.001 0.839 0.006 0.007 0.002 0.135 0.005
49 49 (0) 5 : 0.041 0.029 0.809 0.014 0.019 0.004 0.079 0.005
50 50 (0) 5 : 0.006 0.002 0.027 0.068 0.002 0.002 0.715 0.178
51 51 (0) 5 : 0.024 0.005 0.020 0.008 0.004 0.006 0.925 0.009
52 52 (0) 6 : 0.001 0.085 0.848 0.001 0.057 0.001 0.004 0.002
53 53 (0) 6 : 0.054 0.014 0.788 0.008 0.128 0.005 0.002 0.002
54 54 (0) 6 : 0.001 0.188 0.785 0.003 0.015 0.002 0.003 0.003
55 55 (0) 6 : 0.005 0.003 0.889 0.004 0.004 0.007 0.019 0.068
56 56 (0) 6 : 0.001 0.982 0.001 0.000 0.013 0.001 0.001 0.001
57 57 (0) 6 : 0.002 0.003 0.956 0.001 0.031 0.001 0.003 0.002
58 58 (0) 6 : 0.001 0.611 0.300 0.007 0.010 0.025 0.007 0.040
59 59 (0) 6 : 0.005 0.003 0.863 0.042 0.012 0.006 0.014 0.054
60 60 (0) 6 : 0.000 0.993 0.001 0.001 0.001 0.001 0.001 0.001
61 61 (0) 6 : 0.001 0.992 0.002 0.001 0.002 0.001 0.001 0.001
62 62 (0) 6 : 0.001 0.117 0.870 0.001 0.005 0.001 0.004 0.001
63 63 (0) 6 : 0.001 0.028 0.958 0.001 0.007 0.002 0.001 0.002
64 64 (0) 6 : 0.001 0.008 0.506 0.009 0.462 0.011 0.001 0.004
65 65 (0) 6 : 0.007 0.011 0.555 0.001 0.414 0.003 0.004 0.004
66 66 (0) 6 : 0.002 0.005 0.405 0.003 0.455 0.001 0.129 0.002
67 67 (0) 6 : 0.007 0.030 0.135 0.011 0.528 0.001 0.283 0.006
68 68 (0) 6 : 0.001 0.993 0.001 0.001 0.002 0.001 0.002 0.001
69 69 (0) 6 : 0.003 0.004 0.548 0.004 0.427 0.003 0.010 0.001
70 70 (0) 6 : 0.002 0.976 0.006 0.002 0.006 0.002 0.002 0.003
71 71 (0) 6 : 0.001 0.981 0.005 0.001 0.008 0.002 0.002 0.001
72 72 (0) 6 : 0.001 0.988 0.001 0.001 0.004 0.001 0.003 0.001
73 73 (0) 6 : 0.001 0.797 0.037 0.006 0.019 0.009 0.003 0.127
74 74 (0) 6 : 0.002 0.009 0.971 0.001 0.008 0.005 0.003 0.002
75 75 (0) 6 : 0.002 0.004 0.976 0.001 0.009 0.001 0.006 0.002
76 76 (0) 6 : 0.001 0.004 0.974 0.007 0.003 0.003 0.005 0.003
77 77 (0) 6 : 0.004 0.718 0.024 0.005 0.019 0.192 0.015 0.024
78 78 (0) 6 : 0.003 0.285 0.672 0.003 0.030 0.003 0.003 0.001
79 79 (0) 6 : 0.003 0.003 0.973 0.005 0.007 0.004 0.003 0.001
80 80 (0) 6 : 0.001 0.298 0.680 0.003 0.013 0.002 0.002 0.001
81 81 (0) 6 : 0.001 0.009 0.980 0.001 0.004 0.002 0.001 0.001
82 82 (0) 6 : 0.003 0.075 0.782 0.038 0.089 0.004 0.005 0.005
83 83 (0) 6 : 0.010 0.751 0.190 0.023 0.011 0.009 0.004 0.002
84 84 (0) 6 : 0.003 0.553 0.402 0.003 0.032 0.002 0.002 0.002
85 85 (0) 6 : 0.001 0.990 0.002 0.001 0.002 0.001 0.001 0.001
86 86 (0) 6 : 0.001 0.002 0.939 0.006 0.002 0.020 0.013 0.016
87 87 (0) 6 : 0.004 0.084 0.813 0.002 0.085 0.004 0.004 0.003
88 88 (0) 5 : 0.994 0.001 0.001 0.002 0.001 0.000 0.001 0.001
89 89 (0) 5 : 0.002 0.002 0.004 0.014 0.002 0.002 0.970 0.004
90 90 (0) 5 : 0.002 0.002 0.002 0.005 0.001 0.001 0.983 0.003
91 91 (0) 5 : 0.019 0.024 0.506 0.002 0.008 0.003 0.425 0.012
92 92 (0) 5 : 0.012 0.005 0.014 0.006 0.001 0.002 0.957 0.002
93 93 (0) 5 : 0.004 0.001 0.003 0.127 0.002 0.002 0.854 0.007
94 94 (2) 1 : 0.001 0.006 0.007 0.001 0.008 0.043 0.004 0.930
95 95 (3) 1 : 0.001 0.002 0.002 0.002 0.001 0.001 0.002 0.989
96 96 (2) 1 : 0.003 0.001 0.001 0.001 0.001 0.001 0.002 0.990
97 97 (0) 1 : 0.002 0.001 0.001 0.004 0.001 0.004 0.002 0.986
98 98 (1) 1 : 0.002 0.003 0.018 0.003 0.011 0.010 0.006 0.946
99 99 (6) 1 : 0.001 0.002 0.002 0.006 0.001 0.001 0.001 0.986
100 100 (11) 1 : 0.004 0.001 0.001 0.003 0.002 0.001 0.002 0.984
101 101 (3) 1 : 0.001 0.001 0.001 0.002 0.001 0.004 0.002 0.988
102 102 (2) 1 : 0.001 0.004 0.003 0.002 0.003 0.014 0.005 0.968
103 103 (5) 1 : 0.004 0.002 0.002 0.004 0.002 0.017 0.005 0.965
104 104 (1) 1 : 0.001 0.001 0.002 0.002 0.001 0.002 0.001 0.990
105 105 (0) 1 : 0.002 0.004 0.006 0.004 0.003 0.040 0.018 0.923
106 106 (1) 1 : 0.005 0.001 0.006 0.007 0.007 0.002 0.003 0.970
107 107 (6) 1 : 0.001 0.002 0.003 0.001 0.002 0.001 0.007 0.982
108 108 (1) 1 : 0.009 0.001 0.010 0.003 0.001 0.002 0.047 0.926
109 109 (18) 1 : 0.002 0.001 0.008 0.005 0.002 0.022 0.002 0.957
110 110 (2) 1 : 0.003 0.002 0.003 0.009 0.002 0.005 0.004 0.974
111 111 (1) 1 : 0.002 0.001 0.001 0.002 0.001 0.001 0.002 0.992
112 112 (2) 1 : 0.001 0.001 0.001 0.002 0.001 0.004 0.001 0.991
113 113 (2) 1 : 0.001 0.001 0.001 0.004 0.001 0.002 0.004 0.986
114 114 (3) 1 : 0.002 0.001 0.002 0.002 0.002 0.004 0.001 0.986
115 115 (2) 1 : 0.002 0.001 0.001 0.001 0.001 0.002 0.001 0.991
116 116 (1) 1 : 0.001 0.001 0.001 0.003 0.000 0.001 0.001 0.991
117 117 (1) 1 : 0.002 0.002 0.001 0.002 0.001 0.002 0.003 0.987
118 118 (3) 1 : 0.002 0.003 0.014 0.005 0.007 0.030 0.008 0.930
119 119 (2) 1 : 0.005 0.011 0.017 0.021 0.011 0.006 0.079 0.851
120 120 (3) 1 : 0.003 0.001 0.001 0.012 0.001 0.001 0.001 0.980
121 121 (0) 1 : 0.001 0.001 0.001 0.001 0.001 0.001 0.001 0.992
122 122 (1) 1 : 0.002 0.007 0.016 0.003 0.009 0.002 0.003 0.958
123 123 (3) 1 : 0.002 0.002 0.003 0.002 0.001 0.004 0.002 0.984
124 124 (3) 1 : 0.001 0.001 0.002 0.004 0.001 0.008 0.003 0.979
125 125 (2) 1 : 0.001 0.001 0.002 0.109 0.001 0.008 0.002 0.876
126 126 (3) 1 : 0.001 0.002 0.003 0.005 0.002 0.003 0.002 0.982
127 127 (1) 1 : 0.001 0.001 0.001 0.002 0.001 0.004 0.001 0.988
128 128 (5) 1 : 0.002 0.001 0.001 0.005 0.001 0.001 0.001 0.988
129 129 (1) 1 : 0.001 0.000 0.001 0.002 0.001 0.002 0.001 0.990
130 130 (5) 1 : 0.001 0.001 0.001 0.001 0.001 0.001 0.001 0.992
131 131 (10) 1 : 0.001 0.002 0.005 0.025 0.005 0.027 0.004 0.931
132 132 (2) 1 : 0.003 0.003 0.012 0.025 0.004 0.007 0.010 0.936
133 133 (4) 1 : 0.003 0.001 0.003 0.072 0.001 0.002 0.015 0.903
134 134 (2) 1 : 0.001 0.016 0.003 0.001 0.017 0.003 0.005 0.954
135 135 (18) 1 : 0.001 0.002 0.001 0.009 0.001 0.001 0.001 0.982
136 136 (3) 1 : 0.002 0.001 0.001 0.020 0.002 0.004 0.003 0.966
137 137 (0) 1 : 0.124 0.144 0.398 0.007 0.307 0.006 0.010 0.005
138 138 (6) 1 : 0.153 0.024 0.598 0.003 0.192 0.023 0.005 0.002
139 139 (17) 2 : 0.004 0.002 0.002 0.981 0.001 0.006 0.004 0.001
140 140 (2) 2 : 0.001 0.001 0.001 0.983 0.001 0.002 0.001 0.010
141 141 (3) 2 : 0.001 0.000 0.001 0.994 0.000 0.001 0.001 0.001
142 142 (0) 2 : 0.014 0.002 0.002 0.974 0.001 0.002 0.005 0.001
143 143 (4) 2 : 0.002 0.002 0.004 0.982 0.003 0.002 0.003 0.002
144 144 (1) 2 : 0.002 0.002 0.005 0.969 0.003 0.001 0.013 0.005
145 145 (8) 2 : 0.001 0.002 0.002 0.983 0.002 0.006 0.002 0.002
146 146 (4) 2 : 0.003 0.001 0.001 0.988 0.001 0.001 0.003 0.003
147 147 (1) 2 : 0.002 0.002 0.004 0.967 0.003 0.003 0.003 0.016
148 148 (17) 2 : 0.002 0.001 0.001 0.992 0.001 0.001 0.001 0.001
149 149 (8) 2 : 0.002 0.003 0.002 0.974 0.001 0.004 0.006 0.008
150 150 (3) 2 : 0.003 0.002 0.004 0.981 0.001 0.001 0.004 0.002
151 151 (0) 2 : 0.002 0.001 0.001 0.988 0.001 0.002 0.003 0.002
152 152 (0) 2 : 0.001 0.001 0.001 0.988 0.001 0.003 0.001 0.003
153 153 (3) 2 : 0.001 0.001 0.002 0.980 0.001 0.003 0.004 0.009
154 154 (1) 2 : 0.012 0.001 0.001 0.972 0.001 0.004 0.004 0.006
155 155 (1) 2 : 0.001 0.003 0.002 0.986 0.002 0.002 0.001 0.002
156 156 (15) 2 : 0.001 0.001 0.002 0.991 0.001 0.001 0.003 0.002
157 157 (3) 2 : 0.003 0.001 0.002 0.983 0.001 0.001 0.006 0.003
158 158 (2) 2 : 0.004 0.005 0.002 0.965 0.002 0.002 0.017 0.003
159 159 (7) 2 : 0.016 0.004 0.008 0.928 0.008 0.006 0.011 0.019
160 160 (4) 2 : 0.002 0.006 0.033 0.944 0.003 0.002 0.003 0.006
161 161 (1) 2 : 0.001 0.001 0.002 0.980 0.003 0.005 0.004 0.004
162 162 (14) 2 : 0.003 0.001 0.001 0.991 0.001 0.002 0.001 0.001
163 163 (15) 2 : 0.003 0.001 0.004 0.980 0.003 0.003 0.005 0.002
164 164 (11) 2 : 0.001 0.001 0.001 0.991 0.001 0.001 0.001 0.003
165 165 (1) 2 : 0.002 0.001 0.002 0.976 0.001 0.003 0.004 0.011
166 166 (8) 2 : 0.002 0.011 0.025 0.948 0.004 0.001 0.002 0.005
167 167 (6) 2 : 0.005 0.005 0.002 0.960 0.004 0.010 0.011 0.003
168 168 (3) 2 : 0.001 0.015 0.023 0.891 0.008 0.050 0.006 0.005
169 169 (6) 2 : 0.005 0.006 0.007 0.916 0.001 0.052 0.004 0.010
170 170 (4) 2 : 0.010 0.001 0.003 0.977 0.001 0.003 0.003 0.003
171 171 (2) 2 : 0.002 0.007 0.007 0.957 0.007 0.003 0.014 0.004
172 172 (6) 2 : 0.001 0.001 0.002 0.962 0.001 0.026 0.005 0.002
173 173 (1) 2 : 0.005 0.002 0.001 0.972 0.001 0.006 0.008 0.004
174 174 (3) 2 : 0.003 0.001 0.001 0.985 0.001 0.003 0.004 0.002
175 175 (2) 2 : 0.002 0.002 0.003 0.960 0.001 0.004 0.002 0.027
176 176 (4) 2 : 0.003 0.001 0.001 0.937 0.001 0.023 0.002 0.032
177 177 (2) 2 : 0.002 0.004 0.003 0.879 0.002 0.070 0.007 0.033
178 178 (3) 2 : 0.002 0.001 0.001 0.991 0.000 0.001 0.001 0.003
179 179 (1) 2 : 0.001 0.001 0.001 0.988 0.001 0.003 0.002 0.003
180 180 (7) 2 : 0.004 0.001 0.002 0.983 0.001 0.003 0.002 0.004
181 181 (0) 2 : 0.001 0.002 0.002 0.986 0.001 0.003 0.001 0.005
182 182 (0) 7 : 0.017 0.003 0.001 0.005 0.001 0.003 0.966 0.003
183 183 (0) 7 : 0.003 0.008 0.004 0.023 0.001 0.002 0.946 0.012
184 184 (1) 7 : 0.002 0.005 0.004 0.010 0.004 0.011 0.960 0.004
185 185 (0) 7 : 0.005 0.004 0.032 0.002 0.002 0.003 0.946 0.006
186 186 (2) 7 : 0.003 0.008 0.009 0.006 0.003 0.016 0.949 0.005
187 187 (0) 7 : 0.056 0.007 0.007 0.013 0.004 0.004 0.901 0.007
188 188 (1) 7 : 0.009 0.005 0.010 0.005 0.002 0.002 0.965 0.002
189 189 (1) 7 : 0.037 0.002 0.448 0.245 0.003 0.002 0.261 0.002
190 190 (0) 7 : 0.002 0.002 0.003 0.005 0.001 0.004 0.982 0.002
191 191 (0) 7 : 0.004 0.001 0.007 0.002 0.002 0.003 0.976 0.004
192 192 (2) 7 : 0.009 0.047 0.007 0.017 0.002 0.134 0.763 0.021
193 193 (1) 7 : 0.001 0.002 0.004 0.006 0.003 0.003 0.962 0.020
194 194 (1) 7 : 0.001 0.009 0.016 0.001 0.009 0.008 0.954 0.002
195 195 (0) 7 : 0.004 0.001 0.002 0.018 0.001 0.012 0.937 0.025
196 196 (0) 7 : 0.004 0.003 0.003 0.005 0.003 0.002 0.975 0.006
197 197 (1) 7 : 0.001 0.002 0.010 0.007 0.005 0.003 0.969 0.003
198 198 (1) 7 : 0.002 0.001 0.003 0.003 0.003 0.001 0.986 0.001
199 199 (0) 7 : 0.009 0.004 0.012 0.001 0.013 0.001 0.956 0.003
200 200 (0) 7 : 0.003 0.004 0.014 0.002 0.005 0.052 0.668 0.252
201 201 (1) 7 : 0.038 0.004 0.002 0.315 0.013 0.002 0.615 0.013
202 202 (0) 7 : 0.001 0.001 0.002 0.002 0.001 0.001 0.991 0.001
203 203 (1) 7 : 0.001 0.002 0.003 0.009 0.004 0.002 0.976 0.002
204 204 (1) 7 : 0.008 0.004 0.043 0.030 0.017 0.011 0.624 0.264
205 205 (0) 7 : 0.004 0.003 0.008 0.002 0.011 0.003 0.962 0.008
206 206 (2) 7 : 0.025 0.004 0.002 0.258 0.005 0.005 0.692 0.009
207 207 (2) 7 : 0.001 0.006 0.012 0.002 0.040 0.001 0.937 0.002
208 208 (2) 7 : 0.012 0.019 0.135 0.006 0.003 0.049 0.768 0.007
209 209 (0) 7 : 0.004 0.005 0.034 0.014 0.058 0.001 0.881 0.002
210 210 (1) 7 : 0.002 0.005 0.002 0.002 0.003 0.001 0.980 0.006
211 211 (0) 7 : 0.009 0.003 0.002 0.007 0.003 0.002 0.971 0.003
212 212 (10) 7 : 0.002 0.004 0.003 0.065 0.002 0.004 0.917 0.002
213 213 (1) 7 : 0.005 0.003 0.007 0.007 0.005 0.001 0.969 0.003
214 214 (0) 7 : 0.007 0.005 0.007 0.019 0.003 0.004 0.953 0.002
215 215 (2) 7 : 0.002 0.002 0.002 0.009 0.002 0.119 0.592 0.272
216 216 (1) 4 : 0.001 0.001 0.001 0.001 0.001 0.995 0.001 0.001
217 217 (1) 4 : 0.002 0.001 0.002 0.001 0.003 0.987 0.003 0.001
218 218 (1) 4 : 0.001 0.001 0.001 0.001 0.001 0.993 0.001 0.002
219 219 (1) 4 : 0.001 0.000 0.000 0.001 0.001 0.995 0.001 0.001
220 220 (1) 4 : 0.003 0.001 0.002 0.229 0.003 0.719 0.019 0.024
221 221 (1) 4 : 0.001 0.001 0.002 0.001 0.002 0.990 0.001 0.002
222 222 (10) 4 : 0.001 0.006 0.002 0.008 0.001 0.977 0.002 0.003
223 223 (2) 4 : 0.001 0.000 0.001 0.002 0.001 0.992 0.001 0.003
224 224 (0) 4 : 0.003 0.002 0.002 0.002 0.002 0.983 0.002 0.006
225 225 (2) 4 : 0.001 0.000 0.001 0.001 0.001 0.995 0.001 0.001
226 226 (0) 4 : 0.001 0.001 0.001 0.001 0.000 0.994 0.001 0.002
1 1 (0) 3 : 0.001 0.001 0.001 0.001 0.002 0.001 0.002 0.992
2 2 (0) 3 : 0.003 0.002 0.001 0.006 0.003 0.005 0.011 0.968
3 3 (0) 3 : 0.001 0.001 0.001 0.001 0.001 0.001 0.001 0.995
4 4 (0) 3 : 0.001 0.001 0.001 0.002 0.001 0.003 0.003 0.989
5 5 (0) 3 : 0.000 0.000 0.000 0.001 0.001 0.001 0.002 0.995
6 6 (0) 3 : 0.001 0.001 0.001 0.002 0.001 0.002 0.002 0.990
7 7 (0) 3 : 0.001 0.001 0.001 0.001 0.000 0.001 0.001 0.994
8 8 (0) 3 : 0.001 0.000 0.001 0.001 0.000 0.008 0.005 0.984
9 9 (0) 3 : 0.001 0.001 0.000 0.001 0.001 0.002 0.003 0.991
10 10 (0) 3 : 0.004 0.005 0.001 0.004 0.011 0.007 0.005 0.962
11 11 (0) 3 : 0.001 0.002 0.001 0.005 0.006 0.008 0.046 0.931
12 12 (0) 3 : 0.003 0.002 0.001 0.005 0.001 0.002 0.005 0.980
13 13 (0) 3 : 0.000 0.001 0.000 0.001 0.000 0.001 0.001 0.996
14 14 (0) 3 : 0.001 0.001 0.001 0.001 0.001 0.002 0.012 0.981
15 15 (0) 3 : 0.001 0.001 0.001 0.001 0.001 0.001 0.001 0.994
16 16 (0) 3 : 0.001 0.000 0.000 0.001 0.001 0.002 0.005 0.990
17 17 (0) 3 : 0.001 0.000 0.001 0.001 0.000 0.012 0.003 0.982
18 18 (0) 3 : 0.002 0.005 0.010 0.008 0.008 0.015 0.002 0.950
19 19 (0) 3 : 0.001 0.001 0.000 0.001 0.000 0.001 0.002 0.995
20 20 (0) 3 : 0.001 0.001 0.001 0.001 0.001 0.002 0.001 0.993
21 21 (0) 3 : 0.001 0.001 0.001 0.002 0.001 0.004 0.001 0.990
22 22 (0) 3 : 0.001 0.002 0.003 0.006 0.001 0.004 0.006 0.976
23 23 (0) 3 : 0.001 0.000 0.000 0.001 0.000 0.002 0.002 0.993
24 24 (0) 3 : 0.000 0.001 0.000 0.001 0.000 0.001 0.002 0.993
25 25 (0) 3 : 0.001 0.001 0.001 0.002 0.002 0.002 0.002 0.989
26 26 (0) 3 : 0.001 0.001 0.001 0.001 0.002 0.001 0.002 0.992
27 27 (0) 3 : 0.001 0.001 0.001 0.001 0.001 0.001 0.001 0.995
28 28 (0) 3 : 0.002 0.003 0.001 0.002 0.001 0.004 0.005 0.983
29 29 (0) 3 : 0.001 0.001 0.001 0.001 0.001 0.002 0.001 0.993
30 30 (0) 3 : 0.000 0.001 0.000 0.001 0.001 0.001 0.001 0.995
31 31 (0) 3 : 0.001 0.002 0.003 0.002 0.003 0.003 0.011 0.975
32 32 (0) 3 : 0.001 0.001 0.002 0.002 0.002 0.004 0.004 0.986
33 33 (0) 3 : 0.000 0.000 0.000 0.001 0.001 0.001 0.001 0.995
34 34 (0) 3 : 0.001 0.001 0.000 0.001 0.001 0.001 0.001 0.995
35 35 (0) 3 : 0.001 0.001 0.001 0.001 0.000 0.001 0.001 0.994
36 36 (0) 5 : 0.009 0.020 0.004 0.588 0.002 0.343 0.006 0.027
37 37 (0) 5 : 0.003 0.003 0.014 0.941 0.021 0.007 0.007 0.004
38 38 (0) 6 : 0.001 0.002 0.001 0.001 0.001 0.460 0.525 0.008
39 39 (0) 6 : 0.001 0.001 0.001 0.015 0.002 0.967 0.002 0.011
40 40 (0) 6 : 0.003 0.008 0.001 0.009 0.003 0.854 0.002 0.120
41 41 (0) 6 : 0.002 0.001 0.001 0.016 0.003 0.933 0.040 0.004
42 42 (0) 6 : 0.002 0.005 0.008 0.068 0.001 0.479 0.430 0.006
43 43 (0) 5 : 0.001 0.001 0.002 0.001 0.994 0.001 0.001 0.001
44 44 (0) 5 : 0.001 0.003 0.008 0.044 0.004 0.765 0.153 0.022
45 45 (0) 5 : 0.041 0.003 0.049 0.895 0.008 0.001 0.002 0.001
46 46 (0) 5 : 0.002 0.016 0.016 0.953 0.006 0.003 0.002 0.001
47 47 (0) 5 : 0.003 0.002 0.005 0.780 0.006 0.147 0.047 0.010
48 48 (0) 5 : 0.002 0.004 0.011 0.076 0.002 0.898 0.001 0.006
49 49 (0) 5 : 0.002 0.004 0.012 0.048 0.042 0.857 0.021 0.015
50 50 (0) 5 : 0.003 0.152 0.114 0.701 0.009 0.019 0.001 0.002
51 51 (0) 5 : 0.015 0.006 0.013 0.924 0.018 0.020 0.003 0.001
52 52 (0) 6 : 0.001 0.002 0.001 0.001 0.001 0.863 0.087 0.044
53 53 (0) 6 : 0.005 0.002 0.011 0.002 0.046 0.800 0.018 0.116
54 54 (0) 6 : 0.001 0.003 0.003 0.005 0.001 0.817 0.151 0.019
55 55 (0) 6 : 0.008 0.067 0.009 0.008 0.005 0.897 0.003 0.005
56 56 (0) 6 : 0.001 0.001 0.001 0.002 0.001 0.003 0.978 0.014
57 57 (0) 6 : 0.001 0.001 0.001 0.010 0.002 0.958 0.010 0.017
58 58 (0) 6 : 0.080 0.009 0.002 0.012 0.001 0.246 0.633 0.015
59 59 (0) 6 : 0.006 0.090 0.005 0.009 0.004 0.876 0.003 0.007
60 60 (0) 6 : 0.002 0.001 0.001 0.001 0.001 0.002 0.991 0.002
61 61 (0) 6 : 0.001 0.001 0.001 0.002 0.001 0.001 0.992 0.001
62 62 (0) 6 : 0.001 0.001 0.002 0.005 0.001 0.845 0.135 0.009
63 63 (0) 6 : 0.001 0.002 0.001 0.002 0.002 0.952 0.026 0.014
64 64 (0) 6 : 0.007 0.002 0.012 0.002 0.002 0.515 0.007 0.453
65 65 (0) 6 : 0.003 0.002 0.002 0.012 0.002 0.604 0.013 0.362
66 66 (0) 6 : 0.001 0.003 0.002 0.363 0.003 0.059 0.004 0.566
67 67 (0) 6 : 0.002 0.006 0.015 0.311 0.005 0.077 0.050 0.534
68 68 (0) 6 : 0.001 0.001 0.001 0.002 0.001 0.001 0.992 0.002
69 69 (0) 6 : 0.005 0.002 0.007 0.023 0.005 0.513 0.003 0.442
70 70 (0) 6 : 0.003 0.001 0.001 0.002 0.001 0.006 0.978 0.008
71 71 (0) 6 : 0.001 0.001 0.001 0.001 0.001 0.002 0.985 0.008
72 72 (0) 6 : 0.002 0.001 0.001 0.003 0.001 0.001 0.990 0.001
73 73 (0) 6 : 0.031 0.114 0.010 0.003 0.001 0.026 0.794 0.021
74 74 (0) 6 : 0.003 0.001 0.003 0.006 0.001 0.971 0.008 0.007
75 75 (0) 6 : 0.001 0.001 0.001 0.004 0.001 0.977 0.002 0.012
76 76 (0) 6 : 0.004 0.004 0.008 0.006 0.001 0.964 0.005 0.008
77 77 (0) 6 : 0.218 0.012 0.005 0.006 0.001 0.022 0.729 0.007
78 78 (0) 6 : 0.003 0.001 0.002 0.003 0.001 0.681 0.289 0.020
79 79 (0) 6 : 0.001 0.001 0.004 0.001 0.005 0.975 0.004 0.007
80 80 (0) 6 : 0.002 0.003 0.002 0.002 0.001 0.616 0.366 0.009
81 81 (0) 6 : 0.002 0.001 0.001 0.002 0.001 0.979 0.008 0.006
82 82 (0) 6 : 0.004 0.011 0.036 0.008 0.001 0.749 0.051 0.139
83 83 (0) 6 : 0.014 0.004 0.015 0.009 0.008 0.161 0.780 0.008
84 84 (0) 6 : 0.003 0.002 0.001 0.002 0.001 0.411 0.573 0.006
85 85 (0) 6 : 0.001 0.001 0.001 0.001 0.001 0.002 0.990 0.003
86 86 (0) 6 : 0.016 0.018 0.004 0.010 0.001 0.946 0.003 0.003
87 87 (0) 6 : 0.005 0.004 0.004 0.002 0.003 0.833 0.066 0.084
88 88 (0) 5 : 0.001 0.001 0.001 0.001 0.995 0.001 0.001 0.001
89 89 (0) 5 : 0.008 0.002 0.025 0.956 0.004 0.001 0.002 0.002
90 90 (0) 5 : 0.001 0.003 0.003 0.988 0.002 0.001 0.002 0.001
91 91 (0) 5 : 0.003 0.024 0.004 0.336 0.046 0.550 0.025 0.013
92 92 (0) 5 : 0.002 0.003 0.003 0.938 0.017 0.033 0.003 0.002
93 93 (0) 5 : 0.003 0.016 0.102 0.873 0.002 0.002 0.001 0.001
94 94 (2) 1 : 0.044 0.934 0.003 0.002 0.001 0.006 0.004 0.005
95 95 (3) 1 : 0.001 0.989 0.002 0.001 0.001 0.002 0.003 0.002
96 96 (2) 1 : 0.001 0.987 0.002 0.001 0.004 0.001 0.001 0.001
97 97 (0) 1 : 0.008 0.981 0.005 0.001 0.002 0.001 0.001 0.001
98 98 (1) 1 : 0.010 0.956 0.003 0.005 0.003 0.011 0.003 0.010
99 99 (6) 1 : 0.001 0.984 0.004 0.002 0.003 0.002 0.003 0.001
100 100 (11) 1 : 0.002 0.987 0.002 0.002 0.003 0.001 0.002 0.001
101 101 (3) 1 : 0.003 0.988 0.003 0.002 0.001 0.001 0.001 0.001
102 102 (2) 1 : 0.015 0.967 0.002 0.005 0.001 0.004 0.003 0.003
103 103 (5) 1 : 0.021 0.957 0.003 0.005 0.007 0.003 0.002 0.001
104 104 (1) 1 : 0.002 0.988 0.003 0.002 0.001 0.002 0.001 0.001
105 105 (0) 1 : 0.036 0.905 0.002 0.042 0.002 0.005 0.004 0.004
106 106 (1) 1 : 0.001 0.967 0.007 0.002 0.009 0.008 0.001 0.004
107 107 (6) 1 : 0.001 0.985 0.002 0.004 0.001 0.001 0.004 0.002
108 108 (1) 1 : 0.002 0.931 0.006 0.043 0.006 0.009 0.001 0.001
109 109 (18) 1 : 0.024 0.958 0.004 0.004 0.003 0.005 0.001 0.001
110 110 (2) 1 : 0.009 0.977 0.005 0.001 0.003 0.002 0.002 0.001
111 111 (1) 1 : 0.001 0.992 0.001 0.001 0.002 0.001 0.001 0.001
112 112 (2) 1 : 0.002 0.992 0.001 0.001 0.001 0.001 0.001 0.001
113 113 (2) 1 : 0.001 0.985 0.004 0.004 0.001 0.002 0.001 0.001
114 114 (3) 1 : 0.004 0.984 0.003 0.002 0.002 0.002 0.001 0.003
115 115 (2) 1 : 0.001 0.986 0.004 0.003 0.003 0.001 0.001 0.001
116 116 (1) 1 : 0.001 0.991 0.004 0.001 0.001 0.001 0.001 0.000
117 117 (1) 1 : 0.004 0.986 0.002 0.002 0.002 0.002 0.001 0.001
118 118 (3) 1 : 0.032 0.923 0.004 0.009 0.007 0.017 0.003 0.004
119 119 (2) 1 : 0.024 0.850 0.027 0.045 0.011 0.024 0.007 0.011
120 120 (3) 1 : 0.002 0.979 0.012 0.001 0.002 0.001 0.001 0.001
121 121 (0) 1 : 0.001 0.989 0.002 0.001 0.002 0.002 0.002 0.001
122 122 (1) 1 : 0.003 0.966 0.002 0.005 0.001 0.011 0.005 0.007
123 123 (3) 1 : 0.004 0.983 0.003 0.002 0.002 0.001 0.003 0.001
124 124 (3) 1 : 0.006 0.977 0.007 0.003 0.002 0.002 0.002 0.001
125 125 (2) 1 : 0.016 0.797 0.181 0.002 0.001 0.001 0.001 0.001
126 126 (3) 1 : 0.004 0.982 0.002 0.002 0.001 0.003 0.003 0.004
127 127 (1) 1 : 0.004 0.987 0.002 0.001 0.002 0.001 0.001 0.001
128 128 (5) 1 : 0.001 0.983 0.009 0.001 0.002 0.001 0.002 0.001
129 129 (1) 1 : 0.002 0.992 0.002 0.001 0.001 0.001 0.001 0.001
130 130 (5) 1 : 0.002 0.991 0.001 0.001 0.001 0.001 0.001 0.001
131 131 (10) 1 : 0.040 0.905 0.033 0.003 0.002 0.008 0.005 0.005
132 132 (2) 1 : 0.005 0.946 0.020 0.007 0.004 0.012 0.004 0.004
133 133 (4) 1 : 0.006 0.904 0.071 0.013 0.002 0.002 0.001 0.001
134 134 (2) 1 : 0.004 0.957 0.002 0.005 0.001 0.008 0.010 0.014
135 135 (18) 1 : 0.002 0.984 0.006 0.002 0.001 0.002 0.002 0.001
136 136 (3) 1 : 0.005 0.956 0.028 0.002 0.003 0.002 0.003 0.001
137 137 (0) 1 : 0.003 0.008 0.006 0.018 0.036 0.624 0.115 0.191
138 138 (6) 1 : 0.004 0.001 0.001 0.005 0.037 0.923 0.011 0.018
139 139 (17) 2 : 0.004 0.001 0.984 0.003 0.003 0.002 0.001 0.001
140 140 (2) 2 : 0.002 0.008 0.984 0.003 0.001 0.001 0.001 0.001
141 141 (3) 2 : 0.001 0.001 0.994 0.001 0.001 0.001 0.000 0.000
142 142 (0) 2 : 0.004 0.002 0.983 0.001 0.006 0.001 0.002 0.001
143 143 (4) 2 : 0.003 0.003 0.982 0.002 0.002 0.003 0.002 0.003
144 144 (1) 2 : 0.002 0.003 0.973 0.010 0.003 0.005 0.002 0.003
145 145 (8) 2 : 0.004 0.004 0.983 0.002 0.002 0.002 0.002 0.001
146 146 (4) 2 : 0.002 0.004 0.984 0.004 0.004 0.001 0.001 0.000
147 147 (1) 2 : 0.003 0.011 0.973 0.002 0.002 0.004 0.002 0.003
148 148 (17) 2 : 0.001 0.001 0.992 0.001 0.003 0.001 0.001 0.001
149 149 (8) 2 : 0.003 0.007 0.979 0.006 0.001 0.001 0.003 0.001
150 150 (3) 2 : 0.002 0.001 0.985 0.003 0.003 0.002 0.003 0.002
151 151 (0) 2 : 0.002 0.004 0.988 0.002 0.001 0.002 0.002 0.001
152 152 (0) 2 : 0.003 0.003 0.988 0.002 0.001 0.001 0.001 0.001
153 153 (3) 2 : 0.001 0.006 0.986 0.002 0.001 0.001 0.001 0.001
154 154 (1) 2 : 0.002 0.005 0.973 0.004 0.013 0.002 0.001 0.001
155 155 (1) 2 : 0.001 0.001 0.988 0.001 0.001 0.001 0.004 0.002
156 156 (15) 2 : 0.002 0.002 0.989 0.002 0.001 0.002 0.001 0.001
157 157 (3) 2 : 0.001 0.003 0.984 0.004 0.003 0.001 0.002 0.001
158 158 (2) 2 : 0.002 0.002 0.961 0.017 0.004 0.005 0.007 0.003
159 159 (7) 2 : 0.004 0.012 0.929 0.008 0.018 0.017 0.005 0.007
160 160 (4) 2 : 0.003 0.006 0.956 0.004 0.002 0.018 0.006 0.004
161 161 (1) 2 : 0.005 0.005 0.980 0.003 0.001 0.002 0.001 0.003
162 162 (14) 2 : 0.001 0.002 0.991 0.001 0.002 0.001 0.001 0.001
163 163 (15) 2 : 0.003 0.003 0.976 0.003 0.006 0.005 0.001 0.003
164 164 (11) 2 : 0.001 0.003 0.991 0.001 0.001 0.001 0.001 0.001
165 165 (1) 2 : 0.004 0.010 0.974 0.003 0.006 0.002 0.001 0.001
166 166 (8) 2 : 0.002 0.008 0.963 0.006 0.002 0.006 0.010 0.003
167 167 (6) 2 : 0.010 0.004 0.959 0.014 0.004 0.002 0.003 0.003
168 168 (3) 2 : 0.055 0.011 0.877 0.007 0.002 0.021 0.021 0.006
169 169 (6) 2 : 0.080 0.009 0.892 0.004 0.005 0.006 0.003 0.001
170 170 (4) 2 : 0.006 0.003 0.965 0.003 0.019 0.002 0.001 0.001
171 171 (2) 2 : 0.003 0.003 0.953 0.013 0.002 0.015 0.007 0.005
172 172 (6) 2 : 0.023 0.002 0.962 0.006 0.002 0.003 0.001 0.001
173 173 (1) 2 : 0.003 0.004 0.978 0.005 0.005 0.002 0.002 0.001
174 174 (3) 2 : 0.003 0.002 0.986 0.003 0.003 0.001 0.001 0.001
175 175 (2) 2 : 0.004 0.024 0.962 0.002 0.002 0.002 0.003 0.001
176 176 (4) 2 : 0.023 0.046 0.926 0.001 0.001 0.001 0.001 0.001
177 177 (2) 2 : 0.065 0.051 0.865 0.007 0.005 0.003 0.003 0.002
178 178 (3) 2 : 0.001 0.003 0.991 0.001 0.001 0.001 0.001 0.001
179 179 (1) 2 : 0.002 0.002 0.989 0.001 0.001 0.001 0.002 0.001
180 180 (7) 2 : 0.002 0.004 0.984 0.003 0.002 0.002 0.001 0.002
181 181 (0) 2 : 0.003 0.006 0.983 0.002 0.001 0.002 0.002 0.001
182 182 (0) 7 : 0.002 0.004 0.005 0.968 0.015 0.002 0.003 0.001
183 183 (0) 7 : 0.004 0.020 0.041 0.906 0.006 0.011 0.009 0.003
184 184 (1) 7 : 0.015 0.005 0.009 0.957 0.003 0.005 0.004 0.004
185 185 (0) 7 : 0.005 0.005 0.003 0.917 0.008 0.052 0.003 0.006
186 186 (2) 7 : 0.037 0.004 0.005 0.928 0.003 0.013 0.006 0.003
187 187 (0) 7 : 0.010 0.003 0.004 0.857 0.100 0.009 0.005 0.013
188 188 (1) 7 : 0.001 0.003 0.003 0.964 0.015 0.005 0.006 0.002
189 189 (1) 7 : 0.003 0.003 0.175 0.357 0.056 0.397 0.004 0.004
190 190 (0) 7 : 0.006 0.002 0.005 0.977 0.002 0.003 0.004 0.001
191 191 (0) 7 : 0.002 0.004 0.003 0.978 0.001 0.006 0.002 0.004
192 192 (2) 7 : 0.200 0.019 0.009 0.726 0.006 0.005 0.031 0.003
193 193 (1) 7 : 0.006 0.019 0.007 0.961 0.002 0.001 0.001 0.003
194 194 (1) 7 : 0.005 0.002 0.001 0.952 0.001 0.013 0.013 0.013
195 195 (0) 7 : 0.021 0.019 0.020 0.932 0.002 0.002 0.002 0.001
196 196 (0) 7 : 0.001 0.006 0.003 0.979 0.004 0.001 0.003 0.003
197 197 (1) 7 : 0.002 0.005 0.003 0.975 0.001 0.006 0.002 0.007
198 198 (1) 7 : 0.001 0.001 0.002 0.984 0.003 0.002 0.004 0.002
199 199 (0) 7 : 0.001 0.002 0.002 0.965 0.006 0.016 0.003 0.006
200 200 (0) 7 : 0.041 0.270 0.001 0.672 0.002 0.007 0.004 0.004
201 201 (1) 7 : 0.003 0.016 0.199 0.716 0.055 0.006 0.004 0.002
202 202 (0) 7 : 0.001 0.001 0.002 0.990 0.002 0.001 0.001 0.002
203 203 (1) 7 : 0.002 0.002 0.004 0.983 0.001 0.002 0.002 0.003
204 204 (1) 7 : 0.015 0.275 0.013 0.616 0.007 0.040 0.005 0.029
205 205 (0) 7 : 0.004 0.011 0.003 0.944 0.008 0.017 0.005 0.008
206 206 (2) 7 : 0.006 0.010 0.247 0.709 0.016 0.003 0.006 0.003
207 207 (2) 7 : 0.001 0.001 0.002 0.948 0.002 0.014 0.010 0.023
208 208 (2) 7 : 0.024 0.017 0.009 0.665 0.005 0.270 0.005 0.004
209 209 (0) 7 : 0.001 0.005 0.007 0.883 0.002 0.036 0.005 0.059
210 210 (1) 7 : 0.004 0.005 0.003 0.970 0.001 0.006 0.007 0.004
211 211 (0) 7 : 0.002 0.003 0.008 0.972 0.008 0.002 0.002 0.003
212 212 (10) 7 : 0.002 0.002 0.101 0.883 0.002 0.005 0.002 0.002
213 213 (1) 7 : 0.001 0.003 0.010 0.967 0.005 0.003 0.006 0.005
214 214 (0) 7 : 0.004 0.002 0.022 0.947 0.009 0.009 0.005 0.002
215 215 (2) 7 : 0.153 0.257 0.009 0.573 0.002 0.003 0.002 0.002
216 216 (1) 4 : 0.995 0.001 0.001 0.001 0.001 0.001 0.001 0.001
217 217 (1) 4 : 0.988 0.001 0.002 0.001 0.001 0.003 0.001 0.003
218 218 (1) 4 : 0.994 0.001 0.001 0.001 0.001 0.001 0.001 0.001
219 219 (1) 4 : 0.995 0.001 0.001 0.001 0.001 0.001 0.001 0.001
220 220 (1) 4 : 0.720 0.015 0.251 0.003 0.003 0.005 0.001 0.002
221 221 (1) 4 : 0.988 0.003 0.001 0.002 0.001 0.003 0.001 0.001
222 222 (10) 4 : 0.980 0.005 0.003 0.001 0.001 0.002 0.006 0.001
223 223 (2) 4 : 0.989 0.005 0.002 0.001 0.001 0.001 0.001 0.000
224 224 (0) 4 : 0.981 0.009 0.001 0.002 0.002 0.001 0.002 0.001
225 225 (2) 4 : 0.995 0.001 0.001 0.001 0.001 0.001 0.000 0.001
226 226 (0) 4 : 0.993 0.002 0.001 0.001 0.001 0.001 0.001 0.001
1 1 (0) 3 : 0.001 0.003 0.001 0.988 0.001 0.001 0.002 0.003
2 2 (0) 3 : 0.002 0.009 0.003 0.963 0.003 0.008 0.007 0.004
3 3 (0) 3 : 0.000 0.001 0.001 0.994 0.001 0.001 0.000 0.001
4 4 (0) 3 : 0.001 0.003 0.001 0.990 0.001 0.001 0.001 0.002
5 5 (0) 3 : 0.000 0.001 0.001 0.996 0.000 0.001 0.001 0.001
6 6 (0) 3 : 0.001 0.002 0.001 0.991 0.001 0.001 0.001 0.001
7 7 (0) 3 : 0.001 0.001 0.001 0.994 0.001 0.001 0.001 0.001
8 8 (0) 3 : 0.001 0.007 0.000 0.982 0.000 0.001 0.001 0.006
9 9 (0) 3 : 0.001 0.002 0.001 0.992 0.001 0.001 0.001 0.001
10 10 (0) 3 : 0.001 0.007 0.005 0.963 0.004 0.003 0.012 0.006
11 11 (0) 3 : 0.001 0.012 0.001 0.919 0.001 0.008 0.007 0.050
12 12 (0) 3 : 0.001 0.006 0.002 0.979 0.003 0.003 0.002 0.005
13 13 (0) 3 : 0.000 0.001 0.000 0.996 0.000 0.001 0.000 0.001
14 14 (0) 3 : 0.001 0.003 0.002 0.976 0.002 0.003 0.001 0.012
15 15 (0) 3 : 0.001 0.002 0.001 0.993 0.001 0.001 0.001 0.001
16 16 (0) 3 : 0.000 0.002 0.001 0.985 0.001 0.001 0.001 0.009
17 17 (0) 3 : 0.001 0.019 0.000 0.976 0.002 0.001 0.001 0.001
18 18 (0) 3 : 0.013 0.019 0.006 0.948 0.002 0.005 0.006 0.001
19 19 (0) 3 : 0.001 0.001 0.001 0.995 0.001 0.001 0.001 0.001
20 20 (0) 3 : 0.001 0.003 0.001 0.990 0.001 0.001 0.001 0.002
21 21 (0) 3 : 0.001 0.004 0.001 0.987 0.002 0.002 0.001 0.002
22 22 (0) 3 : 0.003 0.008 0.002 0.971 0.002 0.005 0.002 0.007
23 23 (0) 3 : 0.001 0.001 0.000 0.994 0.001 0.001 0.001 0.002
24 24 (0) 3 : 0.000 0.001 0.001 0.994 0.001 0.001 0.001 0.002
25 25 (0) 3 : 0.001 0.002 0.002 0.988 0.001 0.003 0.001 0.002
26 26 (0) 3 : 0.001 0.001 0.001 0.993 0.000 0.001 0.002 0.001
27 27 (0) 3 : 0.001 0.001 0.001 0.994 0.001 0.002 0.001 0.001
28 28 (0) 3 : 0.001 0.003 0.003 0.979 0.001 0.002 0.001 0.008
29 29 (0) 3 : 0.000 0.002 0.000 0.993 0.001 0.001 0.001 0.001
30 30 (0) 3 : 0.000 0.001 0.000 0.996 0.000 0.001 0.001 0.000
31 31 (0) 3 : 0.004 0.004 0.002 0.965 0.001 0.006 0.003 0.016
32 32 (0) 3 : 0.001 0.003 0.001 0.989 0.001 0.002 0.002 0.002
33 33 (0) 3 : 0.000 0.001 0.000 0.995 0.000 0.000 0.000 0.002
34 34 (0) 3 : 0.000 0.001 0.001 0.995 0.000 0.001 0.001 0.001
35 35 (0) 3 : 0.001 0.001 0.001 0.993 0.001 0.001 0.001 0.002
36 36 (0) 5 : 0.008 0.389 0.024 0.013 0.010 0.476 0.076 0.004
37 37 (0) 5 : 0.045 0.006 0.003 0.008 0.003 0.404 0.526 0.004
38 38 (0) 6 : 0.002 0.537 0.001 0.005 0.003 0.002 0.002 0.449
39 39 (0) 6 : 0.001 0.974 0.002 0.012 0.001 0.004 0.003 0.002
40 40 (0) 6 : 0.002 0.832 0.015 0.136 0.002 0.005 0.007 0.001
41 41 (0) 6 : 0.003 0.924 0.002 0.004 0.001 0.031 0.009 0.026
42 42 (0) 6 : 0.008 0.582 0.006 0.005 0.002 0.029 0.003 0.366
43 43 (0) 5 : 0.002 0.001 0.001 0.001 0.001 0.001 0.992 0.001
44 44 (0) 5 : 0.003 0.821 0.002 0.046 0.002 0.017 0.011 0.098
45 45 (0) 5 : 0.020 0.003 0.005 0.001 0.035 0.659 0.276 0.002
46 46 (0) 5 : 0.014 0.003 0.014 0.002 0.001 0.678 0.285 0.002
47 47 (0) 5 : 0.011 0.128 0.003 0.007 0.003 0.780 0.004 0.064
48 48 (0) 5 : 0.005 0.762 0.005 0.006 0.005 0.201 0.016 0.002
49 49 (0) 5 : 0.011 0.805 0.008 0.011 0.003 0.028 0.123 0.011
50 50 (0) 5 : 0.042 0.026 0.189 0.002 0.002 0.300 0.438 0.001
51 51 (0) 5 : 0.008 0.013 0.011 0.002 0.005 0.481 0.478 0.005
52 52 (0) 6 : 0.001 0.861 0.002 0.071 0.002 0.003 0.002 0.057
53 53 (0) 6 : 0.019 0.873 0.001 0.068 0.005 0.003 0.013 0.017
54 54 (0) 6 : 0.002 0.785 0.004 0.032 0.002 0.008 0.002 0.166
55 55 (0) 6 : 0.004 0.881 0.084 0.003 0.011 0.007 0.007 0.003
56 56 (0) 6 : 0.001 0.002 0.001 0.014 0.001 0.001 0.001 0.979
57 57 (0) 6 : 0.001 0.971 0.002 0.012 0.001 0.007 0.003 0.003
58 58 (0) 6 : 0.004 0.378 0.023 0.004 0.021 0.010 0.004 0.556
59 59 (0) 6 : 0.047 0.841 0.072 0.020 0.004 0.010 0.003 0.003
60 60 (0) 6 : 0.001 0.002 0.001 0.001 0.001 0.003 0.001 0.990
61 61 (0) 6 : 0.001 0.002 0.001 0.002 0.001 0.001 0.000 0.992
62 62 (0) 6 : 0.001 0.926 0.001 0.009 0.002 0.004 0.002 0.055
63 63 (0) 6 : 0.001 0.970 0.001 0.011 0.002 0.001 0.001 0.012
64 64 (0) 6 : 0.007 0.526 0.003 0.450 0.007 0.003 0.002 0.003
65 65 (0) 6 : 0.001 0.612 0.002 0.369 0.002 0.002 0.005 0.006
66 66 (0) 6 : 0.002 0.258 0.002 0.494 0.001 0.236 0.002 0.005
67 67 (0) 6 : 0.027 0.303 0.004 0.492 0.001 0.105 0.038 0.028
68 68 (0) 6 : 0.001 0.001 0.001 0.002 0.001 0.002 0.001 0.993
69 69 (0) 6 : 0.004 0.525 0.001 0.425 0.002 0.035 0.006 0.002
70 70 (0) 6 : 0.003 0.004 0.002 0.009 0.003 0.003 0.002 0.974
71 71 (0) 6 : 0.001 0.002 0.001 0.007 0.001 0.001 0.001 0.986
72 72 (0) 6 : 0.002 0.001 0.001 0.002 0.002 0.001 0.001 0.990
73 73 (0) 6 : 0.005 0.048 0.142 0.017 0.013 0.005 0.002 0.768
74 74 (0) 6 : 0.002 0.964 0.002 0.016 0.002 0.003 0.003 0.007
75 75 (0) 6 : 0.001 0.979 0.003 0.005 0.001 0.003 0.001 0.006
76 76 (0) 6 : 0.015 0.950 0.006 0.005 0.003 0.009 0.002 0.010
77 77 (0) 6 : 0.020 0.075 0.015 0.021 0.176 0.004 0.007 0.682
78 78 (0) 6 : 0.001 0.770 0.002 0.020 0.004 0.004 0.002 0.197
79 79 (0) 6 : 0.004 0.969 0.001 0.014 0.002 0.003 0.004 0.004
80 80 (0) 6 : 0.002 0.736 0.001 0.013 0.002 0.002 0.002 0.242
81 81 (0) 6 : 0.001 0.976 0.002 0.007 0.002 0.003 0.001 0.007
82 82 (0) 6 : 0.013 0.800 0.012 0.128 0.003 0.012 0.008 0.023
83 83 (0) 6 : 0.004 0.269 0.003 0.004 0.004 0.007 0.018 0.692
84 84 (0) 6 : 0.002 0.461 0.001 0.017 0.001 0.002 0.003 0.512
85 85 (0) 6 : 0.001 0.002 0.001 0.003 0.001 0.002 0.002 0.989
86 86 (0) 6 : 0.005 0.933 0.020 0.002 0.028 0.007 0.001 0.003
87 87 (0) 6 : 0.003 0.856 0.004 0.060 0.010 0.005 0.003 0.060
88 88 (0) 5 : 0.005 0.001 0.001 0.001 0.002 0.001 0.989 0.001
89 89 (0) 5 : 0.024 0.002 0.003 0.002 0.006 0.958 0.004 0.001
90 90 (0) 5 : 0.003 0.002 0.002 0.001 0.001 0.988 0.001 0.002
91 91 (0) 5 : 0.003 0.568 0.010 0.007 0.005 0.328 0.075 0.004
92 92 (0) 5 : 0.003 0.011 0.002 0.001 0.002 0.468 0.505 0.007
93 93 (0) 5 : 0.162 0.001 0.014 0.001 0.001 0.807 0.011 0.001
94 94 (2) 1 : 0.003 0.015 0.932 0.004 0.030 0.003 0.002 0.012
95 95 (3) 1 : 0.002 0.001 0.988 0.001 0.001 0.002 0.002 0.003
96 96 (2) 1 : 0.002 0.001 0.990 0.001 0.001 0.001 0.002 0.001
97 97 (0) 1 : 0.006 0.002 0.982 0.001 0.004 0.002 0.002 0.001
98 98 (1) 1 : 0.005 0.020 0.929 0.014 0.020 0.005 0.006 0.002
99 99 (6) 1 : 0.007 0.001 0.983 0.001 0.001 0.001 0.004 0.002
100 100 (11) 1 : 0.003 0.002 0.983 0.001 0.002 0.003 0.004 0.001
101 101 (3) 1 : 0.002 0.001 0.990 0.001 0.002 0.001 0.002 0.001
102 102 (2) 1 : 0.003 0.005 0.961 0.003 0.013 0.008 0.005 0.003
103 103 (5) 1 : 0.005 0.003 0.954 0.001 0.023 0.005 0.007 0.002
104 104 (1) 1 : 0.002 0.001 0.991 0.001 0.002 0.002 0.001 0.001
105 105 (0) 1 : 0.007 0.008 0.900 0.004 0.055 0.019 0.005 0.002
106 106 (1) 1 : 0.013 0.004 0.962 0.009 0.002 0.003 0.007 0.001
107 107 (6) 1 : 0.002 0.003 0.984 0.002 0.001 0.003 0.002 0.003
108 108 (1) 1 : 0.002 0.009 0.915 0.001 0.002 0.049 0.019 0.003
109 109 (18) 1 : 0.004 0.007 0.954 0.001 0.025 0.003 0.004 0.002
110 110 (2) 1 : 0.004 0.004 0.977 0.002 0.005 0.003 0.002 0.002
111 111 (1) 1 : 0.002 0.001 0.992 0.001 0.002 0.001 0.002 0.001
112 112 (2) 1 : 0.003 0.001 0.989 0.001 0.003 0.001 0.001 0.001
113 113 (2) 1 : 0.004 0.001 0.985 0.001 0.002 0.003 0.002 0.002
114 114 (3) 1 : 0.002 0.002 0.980 0.003 0.005 0.003 0.004 0.001
115 115 (2) 1 : 0.003 0.001 0.989 0.001 0.001 0.002 0.002 0.001
116 116 (1) 1 : 0.005 0.001 0.990 0.001 0.001 0.001 0.001 0.001
117 117 (1) 1 : 0.004 0.001 0.986 0.001 0.002 0.002 0.002 0.002
118 118 (3) 1 : 0.004 0.014 0.924 0.006 0.026 0.008 0.014 0.004
119 119 (2) 1 : 0.025 0.012 0.845 0.006 0.009 0.050 0.044 0.008
120 120 (3) 1 : 0.009 0.001 0.983 0.001 0.002 0.002 0.002 0.002
121 121 (0) 1 : 0.002 0.001 0.989 0.001 0.001 0.002 0.002 0.001
122 122 (1) 1 : 0.003 0.009 0.966 0.009 0.002 0.004 0.003 0.004
123 123 (3) 1 : 0.003 0.002 0.980 0.002 0.004 0.002 0.003 0.005
124 124 (3) 1 : 0.010 0.002 0.972 0.001 0.007 0.004 0.004 0.001
125 125 (2) 1 : 0.202 0.002 0.784 0.001 0.006 0.002 0.001 0.001
126 126 (3) 1 : 0.003 0.003 0.980 0.003 0.003 0.004 0.002 0.004
127 127 (1) 1 : 0.002 0.001 0.988 0.002 0.002 0.001 0.001 0.002
128 128 (5) 1 : 0.005 0.001 0.989 0.001 0.001 0.001 0.002 0.001
129 129 (1) 1 : 0.002 0.001 0.989 0.001 0.001 0.002 0.001 0.001
130 130 (5) 1 : 0.001 0.001 0.992 0.001 0.002 0.001 0.001 0.001
131 131 (10) 1 : 0.051 0.007 0.896 0.003 0.030 0.003 0.005 0.004
132 132 (2) 1 : 0.017 0.010 0.937 0.005 0.008 0.006 0.010 0.006
133 133 (4) 1 : 0.068 0.005 0.897 0.001 0.003 0.014 0.010 0.002
134 134 (2) 1 : 0.002 0.005 0.955 0.013 0.002 0.004 0.001 0.020
135 135 (18) 1 : 0.006 0.002 0.983 0.001 0.003 0.001 0.002 0.002
136 136 (3) 1 : 0.011 0.001 0.974 0.001 0.005 0.003 0.003 0.002
137 137 (0) 1 : 0.004 0.766 0.006 0.148 0.004 0.018 0.019 0.034
138 138 (6) 1 : 0.002 0.954 0.002 0.012 0.009 0.005 0.010 0.006
139 139 (17) 2 : 0.981 0.001 0.003 0.001 0.003 0.007 0.004 0.001
140 140 (2) 2 : 0.984 0.001 0.008 0.001 0.002 0.002 0.002 0.001
141 141 (3) 2 : 0.993 0.001 0.001 0.000 0.001 0.001 0.002 0.001
142 142 (0) 2 : 0.977 0.001 0.002 0.001 0.003 0.003 0.009 0.003
143 143 (4) 2 : 0.986 0.003 0.001 0.003 0.002 0.002 0.002 0.001
144 144 (1) 2 : 0.976 0.003 0.006 0.002 0.001 0.007 0.003 0.003
145 145 (8) 2 : 0.986 0.002 0.004 0.001 0.003 0.001 0.001 0.002
146 146 (4) 2 : 0.982 0.001 0.009 0.001 0.002 0.001 0.003 0.001
147 147 (1) 2 : 0.958 0.002 0.025 0.003 0.003 0.003 0.003 0.002
148 148 (17) 2 : 0.992 0.001 0.001 0.001 0.001 0.002 0.002 0.001
149 149 (8) 2 : 0.972 0.003 0.010 0.001 0.004 0.003 0.001 0.005
150 150 (3) 2 : 0.980 0.003 0.002 0.002 0.003 0.005 0.001 0.004
151 151 (0) 2 : 0.988 0.001 0.003 0.001 0.002 0.002 0.002 0.001
152 152 (0) 2 : 0.984 0.002 0.005 0.001 0.003 0.002 0.002 0.001
153 153 (3) 2 : 0.983 0.001 0.007 0.001 0.003 0.004 0.001 0.001
154 154 (1) 2 : 0.973 0.002 0.005 0.001 0.005 0.005 0.009 0.001
155 155 (1) 2 : 0.986 0.001 0.002 0.003 0.002 0.002 0.001 0.002
156 156 (15) 2 : 0.989 0.002 0.001 0.002 0.001 0.002 0.001 0.002
157 157 (3) 2 : 0.985 0.001 0.004 0.000 0.001 0.002 0.004 0.001
158 158 (2) 2 : 0.949 0.003 0.004 0.002 0.002 0.025 0.010 0.005
159 159 (7) 2 : 0.927 0.012 0.013 0.005 0.006 0.007 0.026 0.005
160 160 (4) 2 : 0.950 0.020 0.003 0.005 0.004 0.003 0.003 0.011
161 161 (1) 2 : 0.980 0.003 0.004 0.003 0.004 0.004 0.002 0.001
162 162 (14) 2 : 0.991 0.001 0.003 0.001 0.001 0.001 0.001 0.000
163 163 (15) 2 : 0.975 0.007 0.005 0.002 0.003 0.002 0.005 0.001
164 164 (11) 2 : 0.989 0.001 0.004 0.001 0.001 0.001 0.001 0.001
165 165 (1) 2 : 0.971 0.003 0.008 0.002 0.003 0.007 0.005 0.002
166 166 (8) 2 : 0.946 0.015 0.005 0.005 0.003 0.006 0.009 0.011
167 167 (6) 2 : 0.949 0.003 0.002 0.005 0.008 0.009 0.020 0.004
168 168 (3) 2 : 0.884 0.022 0.007 0.005 0.058 0.005 0.007 0.012
169 169 (6) 2 : 0.899 0.008 0.007 0.002 0.063 0.004 0.011 0.006
170 170 (4) 2 : 0.971 0.002 0.003 0.001 0.006 0.003 0.011 0.002
171 171 (2) 2 : 0.944 0.017 0.005 0.006 0.003 0.009 0.009 0.006
172 172 (6) 2 : 0.955 0.003 0.001 0.001 0.031 0.004 0.004 0.001
173 173 (1) 2 : 0.966 0.002 0.007 0.001 0.010 0.008 0.004 0.001
174 174 (3) 2 : 0.981 0.001 0.001 0.001 0.005 0.003 0.007 0.001
175 175 (2) 2 : 0.948 0.002 0.034 0.001 0.008 0.002 0.002 0.003
176 176 (4) 2 : 0.912 0.001 0.039 0.001 0.043 0.002 0.001 0.001
177 177 (2) 2 : 0.863 0.001 0.037 0.002 0.082 0.006 0.004 0.005
178 178 (3) 2 : 0.990 0.001 0.004 0.001 0.001 0.001 0.001 0.001
179 179 (1) 2 : 0.987 0.001 0.004 0.001 0.003 0.001 0.002 0.001
180 180 (7) 2 : 0.979 0.003 0.004 0.002 0.003 0.004 0.003 0.002
181 181 (0) 2 : 0.983 0.001 0.006 0.001 0.004 0.003 0.001 0.001
182 182 (0) 7 : 0.005 0.005 0.005 0.002 0.002 0.835 0.143 0.002
183 183 (0) 7 : 0.019 0.006 0.019 0.002 0.004 0.734 0.202 0.014
184 184 (1) 7 : 0.014 0.003 0.003 0.002 0.013 0.924 0.036 0.005
185 185 (0) 7 : 0.008 0.040 0.011 0.006 0.006 0.757 0.170 0.002
186 186 (2) 7 : 0.005 0.010 0.004 0.004 0.026 0.931 0.009 0.010
187 187 (0) 7 : 0.007 0.007 0.003 0.012 0.005 0.405 0.557 0.004
188 188 (1) 7 : 0.003 0.006 0.006 0.003 0.001 0.642 0.334 0.004
189 189 (1) 7 : 0.078 0.288 0.004 0.003 0.003 0.131 0.490 0.003
190 190 (0) 7 : 0.014 0.002 0.002 0.002 0.003 0.719 0.254 0.003
191 191 (0) 7 : 0.002 0.003 0.014 0.002 0.002 0.943 0.031 0.002
192 192 (2) 7 : 0.007 0.004 0.023 0.005 0.147 0.560 0.212 0.043
193 193 (1) 7 : 0.004 0.003 0.022 0.003 0.002 0.889 0.075 0.002
194 194 (1) 7 : 0.001 0.011 0.002 0.009 0.012 0.945 0.005 0.015
195 195 (0) 7 : 0.031 0.002 0.030 0.001 0.017 0.896 0.021 0.001
196 196 (0) 7 : 0.003 0.003 0.005 0.003 0.001 0.930 0.052 0.003
197 197 (1) 7 : 0.004 0.013 0.004 0.004 0.002 0.967 0.004 0.002
198 198 (1) 7 : 0.003 0.004 0.001 0.001 0.001 0.984 0.005 0.001
199 199 (0) 7 : 0.002 0.025 0.003 0.008 0.001 0.928 0.031 0.002
200 200 (0) 7 : 0.003 0.008 0.237 0.004 0.048 0.696 0.001 0.003
201 201 (1) 7 : 0.343 0.002 0.016 0.003 0.004 0.612 0.018 0.003
202 202 (0) 7 : 0.002 0.001 0.001 0.001 0.001 0.988 0.005 0.002
203 203 (1) 7 : 0.008 0.002 0.004 0.004 0.002 0.740 0.240 0.001
204 204 (1) 7 : 0.013 0.054 0.278 0.018 0.009 0.610 0.011 0.007
205 205 (0) 7 : 0.003 0.012 0.004 0.005 0.002 0.950 0.022 0.004
206 206 (2) 7 : 0.277 0.003 0.008 0.006 0.001 0.380 0.318 0.007
207 207 (2) 7 : 0.002 0.007 0.001 0.036 0.001 0.942 0.004 0.007
208 208 (2) 7 : 0.020 0.239 0.020 0.009 0.019 0.646 0.045 0.004
209 209 (0) 7 : 0.016 0.040 0.004 0.037 0.001 0.894 0.005 0.004
210 210 (1) 7 : 0.001 0.003 0.004 0.002 0.002 0.981 0.002 0.005
211 211 (0) 7 : 0.005 0.001 0.001 0.002 0.002 0.630 0.356 0.002
212 212 (10) 7 : 0.067 0.003 0.002 0.002 0.006 0.913 0.003 0.004
213 213 (1) 7 : 0.006 0.005 0.007 0.002 0.001 0.969 0.006 0.003
214 214 (0) 7 : 0.026 0.010 0.004 0.003 0.002 0.911 0.037 0.008
215 215 (2) 7 : 0.008 0.002 0.239 0.002 0.149 0.594 0.005 0.002
216 216 (1) 4 : 0.001 0.001 0.001 0.001 0.995 0.001 0.001 0.001
217 217 (1) 4 : 0.002 0.002 0.001 0.002 0.988 0.002 0.002 0.001
218 218 (1) 4 : 0.001 0.001 0.001 0.001 0.995 0.000 0.001 0.001
219 219 (1) 4 : 0.001 0.001 0.001 0.001 0.995 0.001 0.000 0.000
220 220 (1) 4 : 0.233 0.002 0.010 0.002 0.727 0.022 0.002 0.002
221 221 (1) 4 : 0.001 0.002 0.003 0.001 0.988 0.002 0.001 0.001
222 222 (10) 4 : 0.005 0.001 0.005 0.001 0.975 0.002 0.001 0.009
223 223 (2) 4 : 0.001 0.001 0.003 0.001 0.991 0.001 0.001 0.000
224 224 (0) 4 : 0.001 0.001 0.009 0.002 0.982 0.002 0.002 0.001
225 225 (2) 4 : 0.001 0.001 0.001 0.001 0.995 0.001 0.001 0.001
226 226 (0) 4 : 0.001 0.000 0.002 0.000 0.994 0.001 0.001 0.001
