-------------------------------------------------------------------------------
 L       Percentage of nodes in the largest component
 D       Percentage of nodes in components of size at most 3 [-div option]
 R       Percentage of nodes not in L or D: 100 - L -D
 S       Percentage of nodes that are singletons
 E       Fraction of edges retained (input graph has 90)
 cce     Expected size of component, nodewise [ sum(sz^2) / sum^2(sz) ]
 EW      Edge weight traits (mean, median and IQR)
 ND      Node degree traits [mean, median and IQR]
 CCF     Clustering coefficient (scale 1-100)
 eff     Induced component efficiency relative to start graph (scale 1-1000)
Total number of nodes: 10
----------------------------------------------------------------------------------------------
  L   D   R   S     E     cce  EWmean   EWmed   EWiqr  NDmean   NDmed  NDiqr CCF  eff  Cutoff 
----------------------------------------------------------------------------------------------
100   0   0   0 0.867      10    0.84    0.82    0.14     7.8     8.5    1.0   -    -     0.50
 90  10   0  10 0.800       8    0.87    0.82    0.14     7.2     8.5    0.5   -    -     0.51
 90  10   0  10 0.800       8    0.87    0.82    0.14     7.2     8.5    0.5   -    -     0.52
 90  10   0  10 0.800       8    0.87    0.82    0.14     7.2     8.5    0.5   -    -     0.53
 90  10   0  10 0.800       8    0.87    0.82    0.14     7.2     8.5    0.5   -    -     0.54
 90  10   0  10 0.800       8    0.87    0.82    0.14     7.2     8.5    0.5   -    -     0.55
 90  10   0  10 0.800       8    0.87    0.82    0.14     7.2     8.5    0.5   -    -     0.56
 90  10   0  10 0.800       8    0.87    0.82    0.14     7.2     8.5    0.5   -    -     0.57
 90  10   0  10 0.800       8    0.87    0.82    0.14     7.2     8.5    0.5   -    -     0.58
 90  10   0  10 0.800       8    0.87    0.82    0.14     7.2     8.5    0.5   -    -     0.59
 90  10   0  10 0.800       8    0.87    0.82    0.14     7.2     8.5    0.5   -    -     0.60
 90  10   0  10 0.800       8    0.87    0.82    0.14     7.2     8.5    0.5   -    -     0.61
 90  10   0  10 0.800       8    0.87    0.82    0.14     7.2     8.5    0.5   -    -     0.62
 90  10   0  10 0.800       8    0.87    0.82    0.14     7.2     8.5    0.5   -    -     0.63
 90  10   0  10 0.800       8    0.87    0.82    0.14     7.2     8.5    0.5   -    -     0.64
 90  10   0  10 0.800       8    0.87    0.82    0.14     7.2     8.5    0.5   -    -     0.65
 90  10   0  10 0.800       8    0.87    0.82    0.14     7.2     8.5    0.5   -    -     0.66
 90  10   0  10 0.800       8    0.87    0.82    0.14     7.2     8.5    0.5   -    -     0.67
 90  10   0  10 0.800       8    0.87    0.82    0.14     7.2     8.5    0.5   -    -     0.68
 90  10   0  10 0.800       8    0.87    0.82    0.14     7.2     8.5    0.5   -    -     0.69
 90  10   0  10 0.800       8    0.87    0.82    0.14     7.2     8.5    0.5   -    -     0.70
 90  10   0  10 0.800       8    0.87    0.82    0.14     7.2     8.5    0.5   -    -     0.71
 90  10   0  10 0.800       8    0.87    0.82    0.14     7.2     8.5    0.5   -    -     0.72
 90  10   0  10 0.800       8    0.87    0.82    0.14     7.2     8.5    0.5   -    -     0.73
 90  10   0  10 0.800       8    0.87    0.82    0.14     7.2     8.5    0.5   -    -     0.74
 90  10   0  10 0.800       8    0.87    0.82    0.14     7.2     8.5    0.5   -    -     0.75
 90  10   0  10 0.800       8    0.87    0.82    0.14     7.2     8.5    0.5   -    -     0.76
 90  10   0  10 0.800       8    0.87    0.82    0.14     7.2     8.5    0.5   -    -     0.77
 90  10   0  10 0.778       8    0.87    0.82    0.14     7.0     8.5    1.0   -    -     0.78
 90  10   0  10 0.711       8    0.88    0.86    0.14     6.4     7.5    1.5   -    -     0.79
 90  10   0  10 0.622       8    0.89    0.90    0.14     5.6     6.5    2.0   -    -     0.80
 90  10   0  10 0.533       8    0.90    0.94    0.13     4.8     5.5    2.5   -    -     0.81
 90  10   0  10 0.422       8    0.92    0.94    0.06     3.8     4.5    1.5   -    -     0.82
 50  10  40  10 0.356       4    0.94    0.95    0.02     3.2     3.5    1.5   -    -     0.83
 50  10  40  10 0.356       4    0.94    0.95    0.02     3.2     3.5    1.5   -    -     0.84
 50  10  40  10 0.356       4    0.94    0.95    0.02     3.2     3.5    1.5   -    -     0.85
 50  10  40  10 0.356       4    0.94    0.95    0.02     3.2     3.5    1.5   -    -     0.86
 50  10  40  10 0.356       4    0.94    0.95    0.02     3.2     3.5    1.5   -    -     0.87
 50  10  40  10 0.356       4    0.94    0.95    0.02     3.2     3.5    1.5   -    -     0.88
 50  10  40  10 0.356       4    0.94    0.95    0.02     3.2     3.5    1.5   -    -     0.89
 50  10  40  10 0.311       4    0.95    0.95    0.02     2.8     3.5    2.5   -    -     0.90
 50  50   0  20 0.289       4    0.95    0.95    0.02     2.6     3.5    2.5   -    -     0.91
 50  50   0  20 0.289       4    0.95    0.95    0.02     2.6     3.5    2.5   -    -     0.92
 50  50   0  20 0.289       4    0.95    0.95    0.02     2.6     3.5    2.5   -    -     0.93
 50  50   0  20 0.267       4    0.95    0.95    0.02     2.4     2.5    2.0   -    -     0.94
 40  60   0  30 0.178       3    0.96    0.96    0.01     1.6     2.5    1.5   -    -     0.95
  0 100   0  40 0.089       2    0.97    0.97    0.00     0.8     1.5    1.5   -    -     0.96
  0 100   0 100 0.000       1    0.00    0.00    0.00     0.0     0.5    0.5   -    -     0.97
  0 100   0 100 0.000       1    0.00    0.00    0.00     0.0     0.5    0.5   -    -     0.98
  0 100   0 100 0.000       1    0.00    0.00    0.00     0.0     0.5    0.5   -    -     0.99
---------------------------------------------------------------------------------------------
