-------------------------------------------------------------------------------
 L       Percentage of nodes in the largest component
 D       Percentage of nodes in components of size at most 3 [-div option]
 R       Percentage of nodes not in L or D: 100 - L -D
 S       Percentage of nodes that are singletons
 E       Fraction of edges retained (input graph has 90)
 cce     Expected size of component, nodewise [ sum(sz^2) / sum^2(sz) ]
 EW      Edge weight traits (mean, median and IQR)
 ND      Node degree traits [mean, median and IQR]
 CCF     Clustering coefficient (scale 1-100)
 eff     Induced component efficiency relative to start graph (scale 1-1000)
Total number of nodes: 10
----------------------------------------------------------------------------------------------
  L   D   R   S     E     cce  EWmean   EWmed   EWiqr  NDmean   NDmed  NDiqr CCF  eff  Cutoff 
----------------------------------------------------------------------------------------------
100   0   0   0 1.000      10    0.75    0.56    0.43     9.0     9.5    0.5   -    -     0.50
100   0   0   0 1.000      10    0.75    0.56    0.43     9.0     9.5    0.5   -    -     0.51
100   0   0   0 1.000      10    0.75    0.56    0.43     9.0     9.5    0.5   -    -     0.52
100   0   0   0 1.000      10    0.75    0.56    0.43     9.0     9.5    0.5   -    -     0.53
100   0   0   0 1.000      10    0.75    0.56    0.43     9.0     9.5    0.5   -    -     0.54
100   0   0   0 1.000      10    0.75    0.56    0.43     9.0     9.5    0.5   -    -     0.55
100   0   0   0 1.000      10    0.75    0.56    0.43     9.0     9.5    0.5   -    -     0.56
 50   0  50   0 0.444       5    0.99    0.99    0.01     4.0     4.5    0.5   -    -     0.57
 50   0  50   0 0.444       5    0.99    0.99    0.01     4.0     4.5    0.5   -    -     0.58
 50   0  50   0 0.444       5    0.99    0.99    0.01     4.0     4.5    0.5   -    -     0.59
 50   0  50   0 0.444       5    0.99    0.99    0.01     4.0     4.5    0.5   -    -     0.60
 50   0  50   0 0.444       5    0.99    0.99    0.01     4.0     4.5    0.5   -    -     0.61
 50   0  50   0 0.444       5    0.99    0.99    0.01     4.0     4.5    0.5   -    -     0.62
 50   0  50   0 0.444       5    0.99    0.99    0.01     4.0     4.5    0.5   -    -     0.63
 50   0  50   0 0.444       5    0.99    0.99    0.01     4.0     4.5    0.5   -    -     0.64
 50   0  50   0 0.444       5    0.99    0.99    0.01     4.0     4.5    0.5   -    -     0.65
 50   0  50   0 0.444       5    0.99    0.99    0.01     4.0     4.5    0.5   -    -     0.66
 50   0  50   0 0.444       5    0.99    0.99    0.01     4.0     4.5    0.5   -    -     0.67
 50   0  50   0 0.444       5    0.99    0.99    0.01     4.0     4.5    0.5   -    -     0.68
 50   0  50   0 0.444       5    0.99    0.99    0.01     4.0     4.5    0.5   -    -     0.69
 50   0  50   0 0.444       5    0.99    0.99    0.01     4.0     4.5    0.5   -    -     0.70
 50   0  50   0 0.444       5    0.99    0.99    0.01     4.0     4.5    0.5   -    -     0.71
 50   0  50   0 0.444       5    0.99    0.99    0.01     4.0     4.5    0.5   -    -     0.72
 50   0  50   0 0.444       5    0.99    0.99    0.01     4.0     4.5    0.5   -    -     0.73
 50   0  50   0 0.444       5    0.99    0.99    0.01     4.0     4.5    0.5   -    -     0.74
 50   0  50   0 0.444       5    0.99    0.99    0.01     4.0     4.5    0.5   -    -     0.75
 50   0  50   0 0.444       5    0.99    0.99    0.01     4.0     4.5    0.5   -    -     0.76
 50   0  50   0 0.444       5    0.99    0.99    0.01     4.0     4.5    0.5   -    -     0.77
 50   0  50   0 0.444       5    0.99    0.99    0.01     4.0     4.5    0.5   -    -     0.78
 50   0  50   0 0.444       5    0.99    0.99    0.01     4.0     4.5    0.5   -    -     0.79
 50   0  50   0 0.444       5    0.99    0.99    0.01     4.0     4.5    0.5   -    -     0.80
 50   0  50   0 0.444       5    0.99    0.99    0.01     4.0     4.5    0.5   -    -     0.81
 50   0  50   0 0.444       5    0.99    0.99    0.01     4.0     4.5    0.5   -    -     0.82
 50   0  50   0 0.444       5    0.99    0.99    0.01     4.0     4.5    0.5   -    -     0.83
 50   0  50   0 0.444       5    0.99    0.99    0.01     4.0     4.5    0.5   -    -     0.84
 50   0  50   0 0.444       5    0.99    0.99    0.01     4.0     4.5    0.5   -    -     0.85
 50   0  50   0 0.444       5    0.99    0.99    0.01     4.0     4.5    0.5   -    -     0.86
 50   0  50   0 0.444       5    0.99    0.99    0.01     4.0     4.5    0.5   -    -     0.87
 50   0  50   0 0.444       5    0.99    0.99    0.01     4.0     4.5    0.5   -    -     0.88
 50   0  50   0 0.444       5    0.99    0.99    0.01     4.0     4.5    0.5   -    -     0.89
 50   0  50   0 0.444       5    0.99    0.99    0.01     4.0     4.5    0.5   -    -     0.90
 50   0  50   0 0.444       5    0.99    0.99    0.01     4.0     4.5    0.5   -    -     0.91
 50   0  50   0 0.444       5    0.99    0.99    0.01     4.0     4.5    0.5   -    -     0.92
 50   0  50   0 0.444       5    0.99    0.99    0.01     4.0     4.5    0.5   -    -     0.93
 50   0  50   0 0.444       5    0.99    0.99    0.01     4.0     4.5    0.5   -    -     0.94
 50   0  50   0 0.444       5    0.99    0.99    0.01     4.0     4.5    0.5   -    -     0.95
 50   0  50   0 0.444       5    0.99    0.99    0.01     4.0     4.5    0.5   -    -     0.96
 50   0  50   0 0.444       5    0.99    0.99    0.01     4.0     4.5    0.5   -    -     0.97
 50   0  50   0 0.444       5    0.99    0.99    0.01     4.0     4.5    0.5   -    -     0.98
 50  50   0  50 0.222       3    0.99    0.99    0.00     2.0     2.5    4.5   -    -     0.99
---------------------------------------------------------------------------------------------
