1 1 (0) 3 : 0.003 0.001 0.001 0.001 0.001 0.993
2 2 (0) 3 : 0.015 0.002 0.005 0.006 0.002 0.969
3 3 (0) 3 : 0.001 0.001 0.001 0.001 0.001 0.996
4 4 (0) 3 : 0.001 0.001 0.001 0.001 0.001 0.995
5 5 (0) 3 : 0.001 0.001 0.000 0.001 0.001 0.997
6 6 (0) 3 : 0.002 0.001 0.001 0.002 0.001 0.993
7 7 (0) 3 : 0.001 0.001 0.001 0.001 0.001 0.996
8 8 (0) 3 : 0.010 0.001 0.001 0.001 0.001 0.987
9 9 (0) 3 : 0.004 0.001 0.001 0.001 0.000 0.992
10 10 (0) 3 : 0.010 0.006 0.003 0.005 0.001 0.974
11 11 (0) 3 : 0.035 0.001 0.001 0.012 0.001 0.949
12 12 (0) 3 : 0.005 0.003 0.002 0.005 0.001 0.985
13 13 (0) 3 : 0.001 0.000 0.000 0.000 0.000 0.998
14 14 (0) 3 : 0.008 0.002 0.001 0.001 0.001 0.987
15 15 (0) 3 : 0.001 0.001 0.001 0.001 0.001 0.995
16 16 (0) 3 : 0.003 0.001 0.001 0.001 0.000 0.994
17 17 (0) 3 : 0.012 0.001 0.001 0.001 0.001 0.985
18 18 (0) 3 : 0.011 0.008 0.002 0.011 0.012 0.957
19 19 (0) 3 : 0.003 0.001 0.001 0.001 0.001 0.995
20 20 (0) 3 : 0.003 0.001 0.001 0.001 0.001 0.992
21 21 (0) 3 : 0.003 0.001 0.001 0.001 0.001 0.993
22 22 (0) 3 : 0.010 0.002 0.002 0.003 0.002 0.982
23 23 (0) 3 : 0.003 0.000 0.001 0.001 0.001 0.995
24 24 (0) 3 : 0.002 0.001 0.001 0.001 0.001 0.995
25 25 (0) 3 : 0.002 0.001 0.001 0.002 0.001 0.993
26 26 (0) 3 : 0.001 0.001 0.001 0.002 0.001 0.995
27 27 (0) 3 : 0.001 0.001 0.001 0.001 0.001 0.996
28 28 (0) 3 : 0.003 0.005 0.001 0.002 0.001 0.988
29 29 (0) 3 : 0.002 0.001 0.001 0.001 0.000 0.995
30 30 (0) 3 : 0.001 0.001 0.001 0.001 0.000 0.997
31 31 (0) 3 : 0.008 0.002 0.002 0.005 0.003 0.980
32 32 (0) 3 : 0.004 0.001 0.001 0.003 0.001 0.990
33 33 (0) 3 : 0.001 0.000 0.000 0.001 0.000 0.997
34 34 (0) 3 : 0.001 0.001 0.001 0.001 0.000 0.997
35 35 (0) 3 : 0.002 0.001 0.001 0.001 0.001 0.995
36 36 (0) 5 : 0.025 0.009 0.015 0.846 0.005 0.101
37 37 (0) 5 : 0.005 0.001 0.002 0.974 0.015 0.003
38 38 (0) 6 : 0.989 0.001 0.002 0.002 0.002 0.004
39 39 (0) 6 : 0.009 0.003 0.012 0.569 0.003 0.405
40 40 (0) 6 : 0.016 0.013 0.007 0.473 0.004 0.487
41 41 (0) 6 : 0.703 0.002 0.003 0.282 0.003 0.007
42 42 (0) 6 : 0.822 0.009 0.001 0.139 0.012 0.017
43 43 (0) 5 : 0.002 0.003 0.003 0.897 0.093 0.001
44 44 (0) 5 : 0.863 0.005 0.002 0.097 0.021 0.012
45 45 (0) 5 : 0.002 0.005 0.031 0.947 0.015 0.001
46 46 (0) 5 : 0.003 0.012 0.003 0.966 0.014 0.001
47 47 (0) 5 : 0.135 0.002 0.002 0.842 0.007 0.013
48 48 (0) 5 : 0.018 0.003 0.002 0.698 0.003 0.277
49 49 (0) 5 : 0.631 0.005 0.002 0.349 0.006 0.007
50 50 (0) 5 : 0.004 0.125 0.002 0.782 0.085 0.002
51 51 (0) 5 : 0.003 0.006 0.010 0.975 0.004 0.001
52 52 (0) 6 : 0.922 0.002 0.002 0.009 0.002 0.064
53 53 (0) 6 : 0.617 0.004 0.018 0.069 0.088 0.204
54 54 (0) 6 : 0.936 0.016 0.004 0.018 0.007 0.019
55 55 (0) 6 : 0.677 0.235 0.011 0.062 0.005 0.010
56 56 (0) 6 : 0.981 0.001 0.001 0.001 0.001 0.015
57 57 (0) 6 : 0.861 0.004 0.003 0.072 0.005 0.056
58 58 (0) 6 : 0.969 0.006 0.011 0.004 0.003 0.007
59 59 (0) 6 : 0.192 0.113 0.008 0.413 0.009 0.265
60 60 (0) 6 : 0.992 0.001 0.001 0.004 0.002 0.001
61 61 (0) 6 : 0.989 0.001 0.002 0.002 0.001 0.004
62 62 (0) 6 : 0.985 0.002 0.001 0.006 0.003 0.003
63 63 (0) 6 : 0.981 0.003 0.003 0.003 0.001 0.009
64 64 (0) 6 : 0.516 0.004 0.018 0.002 0.010 0.450
65 65 (0) 6 : 0.555 0.013 0.009 0.012 0.003 0.409
66 66 (0) 6 : 0.019 0.002 0.001 0.393 0.003 0.582
67 67 (0) 6 : 0.132 0.011 0.001 0.289 0.024 0.543
68 68 (0) 6 : 0.990 0.001 0.001 0.001 0.002 0.006
69 69 (0) 6 : 0.120 0.001 0.003 0.268 0.025 0.582
70 70 (0) 6 : 0.985 0.002 0.002 0.002 0.001 0.008
71 71 (0) 6 : 0.988 0.001 0.001 0.003 0.001 0.007
72 72 (0) 6 : 0.989 0.001 0.001 0.004 0.002 0.003
73 73 (0) 6 : 0.963 0.011 0.009 0.002 0.002 0.013
74 74 (0) 6 : 0.920 0.003 0.021 0.043 0.003 0.009
75 75 (0) 6 : 0.871 0.009 0.004 0.049 0.004 0.062
76 76 (0) 6 : 0.826 0.009 0.007 0.104 0.041 0.012
77 77 (0) 6 : 0.909 0.007 0.059 0.007 0.013 0.006
78 78 (0) 6 : 0.967 0.002 0.004 0.007 0.002 0.018
79 79 (0) 6 : 0.884 0.001 0.010 0.039 0.051 0.014
80 80 (0) 6 : 0.985 0.002 0.002 0.003 0.003 0.005
81 81 (0) 6 : 0.981 0.005 0.002 0.004 0.002 0.007
82 82 (0) 6 : 0.843 0.020 0.004 0.026 0.031 0.076
83 83 (0) 6 : 0.989 0.001 0.002 0.002 0.003 0.002
84 84 (0) 6 : 0.988 0.001 0.001 0.002 0.001 0.007
85 85 (0) 6 : 0.990 0.001 0.001 0.002 0.001 0.004
86 86 (0) 6 : 0.225 0.027 0.080 0.475 0.011 0.183
87 87 (0) 6 : 0.862 0.006 0.022 0.017 0.005 0.088
88 88 (0) 5 : 0.001 0.004 0.004 0.933 0.057 0.001
89 89 (0) 5 : 0.003 0.003 0.009 0.957 0.027 0.001
90 90 (0) 5 : 0.002 0.002 0.001 0.989 0.005 0.001
91 91 (0) 5 : 0.437 0.017 0.003 0.533 0.002 0.007
92 92 (0) 5 : 0.005 0.001 0.002 0.987 0.003 0.001
93 93 (0) 5 : 0.001 0.017 0.002 0.887 0.093 0.001
94 94 (2) 1 : 0.006 0.894 0.089 0.004 0.002 0.005
95 95 (3) 1 : 0.001 0.992 0.001 0.002 0.002 0.002
96 96 (2) 1 : 0.001 0.994 0.001 0.002 0.002 0.001
97 97 (0) 1 : 0.001 0.984 0.006 0.002 0.006 0.001
98 98 (1) 1 : 0.006 0.952 0.015 0.004 0.002 0.020
99 99 (6) 1 : 0.002 0.989 0.002 0.001 0.005 0.002
100 100 (11) 1 : 0.002 0.989 0.003 0.003 0.003 0.001
101 101 (3) 1 : 0.001 0.989 0.003 0.002 0.003 0.001
102 102 (2) 1 : 0.007 0.970 0.010 0.006 0.004 0.002
103 103 (5) 1 : 0.003 0.965 0.018 0.004 0.008 0.002
104 104 (1) 1 : 0.001 0.993 0.002 0.002 0.002 0.001
105 105 (0) 1 : 0.003 0.914 0.064 0.014 0.002 0.003
106 106 (1) 1 : 0.003 0.969 0.002 0.005 0.014 0.008
107 107 (6) 1 : 0.003 0.986 0.002 0.003 0.003 0.002
108 108 (1) 1 : 0.005 0.926 0.003 0.058 0.006 0.001
109 109 (18) 1 : 0.003 0.970 0.017 0.007 0.003 0.001
110 110 (2) 1 : 0.005 0.981 0.006 0.002 0.004 0.001
111 111 (1) 1 : 0.001 0.995 0.001 0.001 0.001 0.001
112 112 (2) 1 : 0.001 0.991 0.003 0.002 0.002 0.001
113 113 (2) 1 : 0.001 0.984 0.004 0.003 0.006 0.001
114 114 (3) 1 : 0.001 0.986 0.002 0.004 0.004 0.003
115 115 (2) 1 : 0.001 0.991 0.001 0.002 0.005 0.001
116 116 (1) 1 : 0.001 0.993 0.002 0.001 0.003 0.001
117 117 (1) 1 : 0.001 0.989 0.004 0.002 0.003 0.001
118 118 (3) 1 : 0.011 0.935 0.036 0.007 0.004 0.008
119 119 (2) 1 : 0.007 0.835 0.011 0.098 0.038 0.012
120 120 (3) 1 : 0.001 0.983 0.001 0.002 0.011 0.001
121 121 (0) 1 : 0.002 0.992 0.001 0.002 0.002 0.001
122 122 (1) 1 : 0.009 0.972 0.001 0.007 0.004 0.008
123 123 (3) 1 : 0.002 0.982 0.006 0.003 0.003 0.003
124 124 (3) 1 : 0.002 0.978 0.007 0.004 0.008 0.001
125 125 (2) 1 : 0.001 0.816 0.014 0.003 0.166 0.001
126 126 (3) 1 : 0.002 0.984 0.007 0.002 0.002 0.003
127 127 (1) 1 : 0.001 0.991 0.002 0.002 0.001 0.002
128 128 (5) 1 : 0.001 0.990 0.001 0.002 0.006 0.001
129 129 (1) 1 : 0.001 0.992 0.003 0.002 0.002 0.001
130 130 (5) 1 : 0.001 0.993 0.002 0.001 0.001 0.001
131 131 (10) 1 : 0.006 0.915 0.036 0.010 0.029 0.003
132 132 (2) 1 : 0.009 0.954 0.004 0.008 0.019 0.005
133 133 (4) 1 : 0.003 0.926 0.005 0.017 0.048 0.002
134 134 (2) 1 : 0.012 0.962 0.002 0.003 0.003 0.019
135 135 (18) 1 : 0.002 0.986 0.003 0.002 0.007 0.001
136 136 (3) 1 : 0.002 0.968 0.004 0.002 0.022 0.001
137 137 (0) 1 : 0.690 0.012 0.005 0.097 0.014 0.182
138 138 (6) 1 : 0.723 0.002 0.056 0.137 0.002 0.080
139 139 (17) 2 : 0.002 0.002 0.004 0.002 0.988 0.002
140 140 (2) 2 : 0.001 0.007 0.002 0.001 0.988 0.001
141 141 (3) 2 : 0.001 0.001 0.001 0.001 0.996 0.000
142 142 (0) 2 : 0.001 0.004 0.003 0.003 0.986 0.001
143 143 (4) 2 : 0.003 0.002 0.005 0.003 0.985 0.002
144 144 (1) 2 : 0.004 0.002 0.002 0.006 0.983 0.003
145 145 (8) 2 : 0.001 0.006 0.005 0.003 0.984 0.001
146 146 (4) 2 : 0.001 0.004 0.002 0.002 0.989 0.001
147 147 (1) 2 : 0.002 0.022 0.003 0.004 0.967 0.002
148 148 (17) 2 : 0.001 0.001 0.001 0.001 0.995 0.001
149 149 (8) 2 : 0.003 0.013 0.005 0.006 0.972 0.001
150 150 (3) 2 : 0.002 0.002 0.002 0.001 0.991 0.002
151 151 (0) 2 : 0.001 0.003 0.001 0.003 0.990 0.001
152 152 (0) 2 : 0.001 0.005 0.003 0.002 0.988 0.001
153 153 (3) 2 : 0.001 0.009 0.003 0.003 0.984 0.001
154 154 (1) 2 : 0.001 0.004 0.005 0.005 0.984 0.001
155 155 (1) 2 : 0.002 0.002 0.002 0.002 0.989 0.002
156 156 (15) 2 : 0.002 0.002 0.001 0.002 0.991 0.001
157 157 (3) 2 : 0.002 0.005 0.001 0.002 0.990 0.001
158 158 (2) 2 : 0.005 0.003 0.002 0.018 0.970 0.002
159 159 (7) 2 : 0.010 0.017 0.007 0.020 0.940 0.006
160 160 (4) 2 : 0.019 0.009 0.002 0.007 0.961 0.002
161 161 (1) 2 : 0.002 0.006 0.005 0.006 0.979 0.002
162 162 (14) 2 : 0.001 0.002 0.003 0.001 0.993 0.001
163 163 (15) 2 : 0.005 0.004 0.002 0.005 0.983 0.001
164 164 (11) 2 : 0.001 0.002 0.001 0.001 0.995 0.001
165 165 (1) 2 : 0.002 0.005 0.002 0.004 0.985 0.001
166 166 (8) 2 : 0.015 0.002 0.002 0.011 0.966 0.003
167 167 (6) 2 : 0.003 0.002 0.008 0.012 0.971 0.004
168 168 (3) 2 : 0.022 0.008 0.056 0.009 0.895 0.010
169 169 (6) 2 : 0.011 0.012 0.063 0.006 0.907 0.001
170 170 (4) 2 : 0.001 0.002 0.005 0.003 0.988 0.001
171 171 (2) 2 : 0.010 0.004 0.002 0.009 0.964 0.010
172 172 (6) 2 : 0.002 0.001 0.030 0.006 0.960 0.002
173 173 (1) 2 : 0.001 0.007 0.007 0.007 0.977 0.001
174 174 (3) 2 : 0.001 0.002 0.005 0.002 0.988 0.001
175 175 (2) 2 : 0.003 0.039 0.005 0.002 0.950 0.001
176 176 (4) 2 : 0.002 0.043 0.020 0.003 0.931 0.001
177 177 (2) 2 : 0.002 0.045 0.058 0.008 0.885 0.003
178 178 (3) 2 : 0.001 0.003 0.001 0.001 0.994 0.001
179 179 (1) 2 : 0.001 0.006 0.003 0.001 0.987 0.001
180 180 (7) 2 : 0.002 0.005 0.002 0.002 0.989 0.002
181 181 (0) 2 : 0.002 0.004 0.002 0.001 0.989 0.002
182 182 (0) 7 : 0.004 0.004 0.002 0.983 0.005 0.001
183 183 (0) 7 : 0.014 0.012 0.003 0.942 0.025 0.004
184 184 (1) 7 : 0.006 0.009 0.008 0.968 0.007 0.002
185 185 (0) 7 : 0.011 0.008 0.003 0.971 0.002 0.006
186 186 (2) 7 : 0.012 0.003 0.026 0.947 0.008 0.004
187 187 (0) 7 : 0.012 0.005 0.003 0.958 0.008 0.014
188 188 (1) 7 : 0.005 0.006 0.002 0.981 0.003 0.003
189 189 (1) 7 : 0.090 0.004 0.003 0.818 0.078 0.007
190 190 (0) 7 : 0.003 0.002 0.004 0.986 0.004 0.001
191 191 (0) 7 : 0.005 0.004 0.002 0.985 0.002 0.003
192 192 (2) 7 : 0.014 0.007 0.165 0.798 0.014 0.003
193 193 (1) 7 : 0.001 0.024 0.003 0.960 0.008 0.004
194 194 (1) 7 : 0.029 0.005 0.007 0.947 0.002 0.010
195 195 (0) 7 : 0.003 0.021 0.012 0.944 0.019 0.002
196 196 (0) 7 : 0.003 0.004 0.001 0.984 0.004 0.003
197 197 (1) 7 : 0.004 0.005 0.001 0.975 0.005 0.010
198 198 (1) 7 : 0.004 0.002 0.001 0.990 0.001 0.002
199 199 (0) 7 : 0.012 0.001 0.001 0.977 0.003 0.006
200 200 (0) 7 : 0.005 0.242 0.045 0.702 0.001 0.005
201 201 (1) 7 : 0.003 0.010 0.002 0.736 0.247 0.002
202 202 (0) 7 : 0.001 0.001 0.002 0.993 0.002 0.001
203 203 (1) 7 : 0.002 0.003 0.002 0.984 0.005 0.004
204 204 (1) 7 : 0.022 0.258 0.014 0.679 0.007 0.020
205 205 (0) 7 : 0.007 0.009 0.004 0.972 0.004 0.005
206 206 (2) 7 : 0.005 0.003 0.010 0.756 0.222 0.004
207 207 (2) 7 : 0.010 0.001 0.001 0.912 0.002 0.074
208 208 (2) 7 : 0.055 0.012 0.020 0.897 0.010 0.006
209 209 (0) 7 : 0.023 0.004 0.001 0.910 0.009 0.053
210 210 (1) 7 : 0.004 0.003 0.003 0.986 0.002 0.002
211 211 (0) 7 : 0.002 0.003 0.002 0.980 0.010 0.004
212 212 (10) 7 : 0.005 0.001 0.004 0.894 0.092 0.004
213 213 (1) 7 : 0.005 0.002 0.001 0.984 0.004 0.006
214 214 (0) 7 : 0.006 0.002 0.003 0.970 0.016 0.002
215 215 (2) 7 : 0.003 0.195 0.200 0.582 0.018 0.003
216 216 (1) 4 : 0.001 0.001 0.997 0.001 0.001 0.000
217 217 (1) 4 : 0.003 0.001 0.988 0.002 0.003 0.003
218 218 (1) 4 : 0.001 0.002 0.995 0.001 0.001 0.001
219 219 (1) 4 : 0.001 0.001 0.996 0.000 0.001 0.001
220 220 (1) 4 : 0.002 0.052 0.716 0.008 0.219 0.002
221 221 (1) 4 : 0.001 0.003 0.990 0.001 0.003 0.002
222 222 (10) 4 : 0.005 0.006 0.983 0.001 0.003 0.002
223 223 (2) 4 : 0.001 0.002 0.995 0.001 0.001 0.000
224 224 (0) 4 : 0.001 0.012 0.982 0.003 0.002 0.001
225 225 (2) 4 : 0.001 0.001 0.996 0.001 0.001 0.001
226 226 (0) 4 : 0.000 0.002 0.995 0.001 0.002 0.000
1 1 (0) 3 : 0.993 0.001 0.001 0.001 0.002 0.001
2 2 (0) 3 : 0.974 0.002 0.009 0.003 0.007 0.003
3 3 (0) 3 : 0.995 0.001 0.001 0.001 0.001 0.001
4 4 (0) 3 : 0.994 0.001 0.002 0.001 0.002 0.001
5 5 (0) 3 : 0.996 0.000 0.001 0.001 0.001 0.001
6 6 (0) 3 : 0.994 0.001 0.001 0.001 0.002 0.001
7 7 (0) 3 : 0.996 0.000 0.002 0.001 0.001 0.001
8 8 (0) 3 : 0.985 0.001 0.001 0.001 0.011 0.001
9 9 (0) 3 : 0.994 0.000 0.001 0.001 0.002 0.001
10 10 (0) 3 : 0.968 0.001 0.004 0.006 0.015 0.005
11 11 (0) 3 : 0.938 0.001 0.007 0.001 0.051 0.002
12 12 (0) 3 : 0.984 0.001 0.004 0.002 0.006 0.003
13 13 (0) 3 : 0.997 0.000 0.000 0.001 0.001 0.000
14 14 (0) 3 : 0.990 0.001 0.002 0.001 0.005 0.002
15 15 (0) 3 : 0.995 0.001 0.001 0.001 0.001 0.001
16 16 (0) 3 : 0.994 0.000 0.001 0.001 0.003 0.001
17 17 (0) 3 : 0.972 0.001 0.001 0.001 0.025 0.001
18 18 (0) 3 : 0.954 0.017 0.006 0.009 0.013 0.001
19 19 (0) 3 : 0.996 0.000 0.001 0.000 0.002 0.001
20 20 (0) 3 : 0.993 0.001 0.001 0.001 0.004 0.001
21 21 (0) 3 : 0.993 0.001 0.002 0.001 0.002 0.001
22 22 (0) 3 : 0.984 0.002 0.003 0.002 0.008 0.001
23 23 (0) 3 : 0.993 0.000 0.001 0.000 0.004 0.001
24 24 (0) 3 : 0.995 0.001 0.001 0.001 0.002 0.001
25 25 (0) 3 : 0.992 0.001 0.002 0.001 0.002 0.001
26 26 (0) 3 : 0.995 0.001 0.001 0.001 0.001 0.001
27 27 (0) 3 : 0.996 0.001 0.001 0.001 0.001 0.001
28 28 (0) 3 : 0.985 0.001 0.002 0.006 0.005 0.001
29 29 (0) 3 : 0.994 0.001 0.001 0.001 0.003 0.001
30 30 (0) 3 : 0.997 0.001 0.001 0.001 0.001 0.001
31 31 (0) 3 : 0.975 0.004 0.006 0.002 0.011 0.001
32 32 (0) 3 : 0.992 0.001 0.002 0.001 0.004 0.001
33 33 (0) 3 : 0.996 0.000 0.001 0.001 0.002 0.000
34 34 (0) 3 : 0.996 0.000 0.001 0.001 0.002 0.000
35 35 (0) 3 : 0.995 0.001 0.001 0.001 0.002 0.000
36 36 (0) 5 : 0.107 0.003 0.832 0.020 0.027 0.010
37 37 (0) 5 : 0.002 0.005 0.985 0.003 0.004 0.001
38 38 (0) 6 : 0.003 0.002 0.001 0.001 0.993 0.001
39 39 (0) 6 : 0.404 0.002 0.576 0.002 0.013 0.004
40 40 (0) 6 : 0.485 0.003 0.468 0.017 0.024 0.003
41 41 (0) 6 : 0.007 0.002 0.302 0.002 0.683 0.003
42 42 (0) 6 : 0.012 0.020 0.105 0.013 0.847 0.003
43 43 (0) 5 : 0.001 0.044 0.943 0.003 0.004 0.004
44 44 (0) 5 : 0.018 0.026 0.079 0.012 0.864 0.001
45 45 (0) 5 : 0.001 0.032 0.917 0.002 0.002 0.046
46 46 (0) 5 : 0.002 0.008 0.976 0.007 0.003 0.003
47 47 (0) 5 : 0.019 0.004 0.831 0.004 0.141 0.002
48 48 (0) 5 : 0.262 0.004 0.717 0.003 0.010 0.004
49 49 (0) 5 : 0.018 0.016 0.341 0.002 0.619 0.004
50 50 (0) 5 : 0.002 0.038 0.785 0.164 0.009 0.002
51 51 (0) 5 : 0.003 0.005 0.966 0.009 0.008 0.010
52 52 (0) 6 : 0.069 0.002 0.006 0.002 0.917 0.004
53 53 (0) 6 : 0.317 0.118 0.049 0.003 0.495 0.019
54 54 (0) 6 : 0.012 0.004 0.022 0.010 0.950 0.002
55 55 (0) 6 : 0.003 0.009 0.022 0.244 0.710 0.012
56 56 (0) 6 : 0.031 0.001 0.001 0.001 0.965 0.001
57 57 (0) 6 : 0.071 0.007 0.055 0.005 0.861 0.002
58 58 (0) 6 : 0.005 0.005 0.004 0.008 0.969 0.010
59 59 (0) 6 : 0.306 0.043 0.391 0.106 0.145 0.009
60 60 (0) 6 : 0.003 0.001 0.001 0.001 0.993 0.001
61 61 (0) 6 : 0.002 0.001 0.004 0.001 0.991 0.001
62 62 (0) 6 : 0.005 0.003 0.012 0.002 0.977 0.001
63 63 (0) 6 : 0.008 0.001 0.003 0.003 0.982 0.002
64 64 (0) 6 : 0.448 0.006 0.003 0.006 0.521 0.015
65 65 (0) 6 : 0.426 0.005 0.007 0.006 0.536 0.020
66 66 (0) 6 : 0.558 0.005 0.353 0.002 0.081 0.001
67 67 (0) 6 : 0.483 0.030 0.246 0.014 0.227 0.001
68 68 (0) 6 : 0.004 0.002 0.002 0.001 0.989 0.001
69 69 (0) 6 : 0.607 0.018 0.333 0.002 0.038 0.003
70 70 (0) 6 : 0.008 0.001 0.001 0.002 0.987 0.001
71 71 (0) 6 : 0.003 0.001 0.001 0.001 0.993 0.001
72 72 (0) 6 : 0.005 0.001 0.002 0.001 0.990 0.001
73 73 (0) 6 : 0.005 0.003 0.003 0.019 0.964 0.006
74 74 (0) 6 : 0.012 0.008 0.028 0.005 0.927 0.020
75 75 (0) 6 : 0.071 0.003 0.038 0.014 0.872 0.002
76 76 (0) 6 : 0.011 0.061 0.091 0.012 0.819 0.006
77 77 (0) 6 : 0.004 0.011 0.003 0.007 0.880 0.095
78 78 (0) 6 : 0.018 0.003 0.004 0.001 0.967 0.007
79 79 (0) 6 : 0.020 0.074 0.028 0.002 0.862 0.014
80 80 (0) 6 : 0.005 0.002 0.002 0.002 0.988 0.001
81 81 (0) 6 : 0.020 0.002 0.003 0.002 0.971 0.003
82 82 (0) 6 : 0.075 0.028 0.049 0.018 0.826 0.004
83 83 (0) 6 : 0.003 0.003 0.003 0.001 0.986 0.003
84 84 (0) 6 : 0.003 0.002 0.001 0.001 0.992 0.001
85 85 (0) 6 : 0.004 0.001 0.003 0.000 0.991 0.001
86 86 (0) 6 : 0.118 0.004 0.450 0.047 0.345 0.034
87 87 (0) 6 : 0.061 0.007 0.008 0.006 0.898 0.019
88 88 (0) 5 : 0.001 0.045 0.944 0.004 0.003 0.003
89 89 (0) 5 : 0.003 0.017 0.962 0.003 0.005 0.010
90 90 (0) 5 : 0.001 0.002 0.992 0.001 0.002 0.001
91 91 (0) 5 : 0.015 0.002 0.555 0.015 0.410 0.004
92 92 (0) 5 : 0.001 0.002 0.989 0.002 0.004 0.002
93 93 (0) 5 : 0.001 0.129 0.845 0.022 0.001 0.002
94 94 (2) 1 : 0.005 0.003 0.002 0.937 0.009 0.044
95 95 (3) 1 : 0.001 0.002 0.001 0.992 0.002 0.002
96 96 (2) 1 : 0.001 0.002 0.002 0.994 0.001 0.001
97 97 (0) 1 : 0.001 0.004 0.001 0.987 0.002 0.005
98 98 (1) 1 : 0.018 0.002 0.002 0.959 0.007 0.012
99 99 (6) 1 : 0.001 0.002 0.004 0.991 0.002 0.001
100 100 (11) 1 : 0.002 0.003 0.005 0.986 0.003 0.001
101 101 (3) 1 : 0.002 0.002 0.002 0.990 0.001 0.002
102 102 (2) 1 : 0.003 0.004 0.004 0.974 0.004 0.012
103 103 (5) 1 : 0.001 0.007 0.004 0.964 0.004 0.020
104 104 (1) 1 : 0.001 0.003 0.002 0.992 0.001 0.002
105 105 (0) 1 : 0.002 0.004 0.023 0.907 0.005 0.059
106 106 (1) 1 : 0.006 0.009 0.004 0.976 0.003 0.002
107 107 (6) 1 : 0.003 0.002 0.005 0.986 0.002 0.002
108 108 (1) 1 : 0.002 0.005 0.038 0.948 0.005 0.002
109 109 (18) 1 : 0.001 0.007 0.006 0.966 0.003 0.016
110 110 (2) 1 : 0.002 0.005 0.003 0.979 0.004 0.007
111 111 (1) 1 : 0.001 0.002 0.001 0.994 0.001 0.001
112 112 (2) 1 : 0.001 0.002 0.001 0.990 0.001 0.005
113 113 (2) 1 : 0.001 0.006 0.003 0.985 0.001 0.003
114 114 (3) 1 : 0.002 0.002 0.003 0.989 0.002 0.002
115 115 (2) 1 : 0.001 0.002 0.002 0.994 0.001 0.001
116 116 (1) 1 : 0.001 0.003 0.001 0.993 0.001 0.002
117 117 (1) 1 : 0.001 0.003 0.001 0.990 0.001 0.004
118 118 (3) 1 : 0.006 0.004 0.008 0.943 0.009 0.031
119 119 (2) 1 : 0.010 0.035 0.062 0.872 0.014 0.007
120 120 (3) 1 : 0.001 0.012 0.001 0.984 0.001 0.002
121 121 (0) 1 : 0.002 0.003 0.002 0.991 0.001 0.002
122 122 (1) 1 : 0.009 0.002 0.008 0.972 0.007 0.002
123 123 (3) 1 : 0.001 0.002 0.002 0.989 0.003 0.003
124 124 (3) 1 : 0.001 0.007 0.004 0.979 0.001 0.007
125 125 (2) 1 : 0.001 0.129 0.003 0.851 0.001 0.015
126 126 (3) 1 : 0.003 0.002 0.002 0.987 0.002 0.005
127 127 (1) 1 : 0.002 0.001 0.001 0.993 0.002 0.002
128 128 (5) 1 : 0.001 0.005 0.001 0.990 0.002 0.001
129 129 (1) 1 : 0.001 0.003 0.001 0.990 0.001 0.004
130 130 (5) 1 : 0.002 0.001 0.001 0.994 0.001 0.001
131 131 (10) 1 : 0.006 0.028 0.005 0.914 0.004 0.042
132 132 (2) 1 : 0.004 0.016 0.005 0.962 0.009 0.003
133 133 (4) 1 : 0.001 0.069 0.010 0.916 0.002 0.003
134 134 (2) 1 : 0.015 0.002 0.005 0.969 0.008 0.002
135 135 (18) 1 : 0.001 0.005 0.002 0.988 0.002 0.002
136 136 (3) 1 : 0.001 0.018 0.002 0.971 0.001 0.006
137 137 (0) 1 : 0.288 0.013 0.104 0.028 0.559 0.007
138 138 (6) 1 : 0.140 0.002 0.220 0.002 0.592 0.044
139 139 (17) 2 : 0.001 0.984 0.005 0.002 0.003 0.004
140 140 (2) 2 : 0.001 0.990 0.002 0.005 0.001 0.001
141 141 (3) 2 : 0.000 0.995 0.001 0.001 0.000 0.001
142 142 (0) 2 : 0.002 0.989 0.001 0.003 0.001 0.004
143 143 (4) 2 : 0.002 0.987 0.003 0.002 0.003 0.003
144 144 (1) 2 : 0.003 0.975 0.013 0.004 0.004 0.001
145 145 (8) 2 : 0.001 0.989 0.002 0.004 0.002 0.002
146 146 (4) 2 : 0.001 0.992 0.003 0.002 0.001 0.001
147 147 (1) 2 : 0.003 0.974 0.002 0.015 0.002 0.004
148 148 (17) 2 : 0.001 0.995 0.001 0.001 0.001 0.001
149 149 (8) 2 : 0.001 0.975 0.005 0.010 0.004 0.005
150 150 (3) 2 : 0.002 0.987 0.004 0.002 0.004 0.003
151 151 (0) 2 : 0.001 0.994 0.001 0.002 0.001 0.001
152 152 (0) 2 : 0.001 0.989 0.002 0.004 0.001 0.004
153 153 (3) 2 : 0.001 0.987 0.004 0.005 0.001 0.003
154 154 (1) 2 : 0.001 0.986 0.003 0.005 0.001 0.004
155 155 (1) 2 : 0.002 0.991 0.001 0.003 0.002 0.002
156 156 (15) 2 : 0.001 0.991 0.003 0.001 0.002 0.002
157 157 (3) 2 : 0.001 0.989 0.002 0.005 0.002 0.001
158 158 (2) 2 : 0.002 0.978 0.011 0.002 0.005 0.002
159 159 (7) 2 : 0.008 0.940 0.024 0.013 0.008 0.006
160 160 (4) 2 : 0.006 0.962 0.005 0.006 0.019 0.003
161 161 (1) 2 : 0.002 0.982 0.004 0.003 0.002 0.007
162 162 (14) 2 : 0.001 0.992 0.002 0.003 0.001 0.001
163 163 (15) 2 : 0.003 0.983 0.005 0.003 0.004 0.003
164 164 (11) 2 : 0.002 0.992 0.001 0.003 0.001 0.001
165 165 (1) 2 : 0.002 0.980 0.004 0.010 0.002 0.003
166 166 (8) 2 : 0.007 0.971 0.006 0.006 0.009 0.002
167 167 (6) 2 : 0.005 0.962 0.022 0.002 0.003 0.007
168 168 (3) 2 : 0.008 0.901 0.007 0.010 0.027 0.047
169 169 (6) 2 : 0.002 0.891 0.004 0.002 0.006 0.095
170 170 (4) 2 : 0.001 0.988 0.003 0.003 0.001 0.004
171 171 (2) 2 : 0.007 0.958 0.012 0.008 0.012 0.003
172 172 (6) 2 : 0.001 0.960 0.005 0.001 0.002 0.031
173 173 (1) 2 : 0.001 0.979 0.005 0.006 0.002 0.007
174 174 (3) 2 : 0.001 0.989 0.004 0.002 0.001 0.003
175 175 (2) 2 : 0.001 0.958 0.002 0.032 0.002 0.005
176 176 (4) 2 : 0.001 0.921 0.002 0.049 0.002 0.024
177 177 (2) 2 : 0.002 0.872 0.010 0.053 0.002 0.062
178 178 (3) 2 : 0.001 0.994 0.001 0.002 0.001 0.001
179 179 (1) 2 : 0.001 0.990 0.002 0.003 0.001 0.004
180 180 (7) 2 : 0.001 0.986 0.003 0.004 0.002 0.004
181 181 (0) 2 : 0.002 0.986 0.002 0.004 0.003 0.002
182 182 (0) 7 : 0.002 0.002 0.987 0.003 0.003 0.003
183 183 (0) 7 : 0.003 0.017 0.948 0.016 0.014 0.002
184 184 (1) 7 : 0.003 0.010 0.971 0.005 0.004 0.007
185 185 (0) 7 : 0.006 0.003 0.972 0.004 0.010 0.004
186 186 (2) 7 : 0.007 0.004 0.956 0.003 0.011 0.019
187 187 (0) 7 : 0.014 0.017 0.953 0.006 0.007 0.004
188 188 (1) 7 : 0.002 0.003 0.984 0.005 0.003 0.003
189 189 (1) 7 : 0.005 0.047 0.873 0.006 0.067 0.002
190 190 (0) 7 : 0.002 0.008 0.981 0.002 0.002 0.005
191 191 (0) 7 : 0.002 0.002 0.985 0.005 0.004 0.001
192 192 (2) 7 : 0.003 0.010 0.775 0.019 0.006 0.187
193 193 (1) 7 : 0.002 0.006 0.974 0.012 0.003 0.002
194 194 (1) 7 : 0.017 0.001 0.961 0.004 0.011 0.006
195 195 (0) 7 : 0.001 0.011 0.961 0.009 0.002 0.015
196 196 (0) 7 : 0.002 0.003 0.985 0.006 0.002 0.001
197 197 (1) 7 : 0.008 0.002 0.975 0.007 0.005 0.002
198 198 (1) 7 : 0.002 0.003 0.988 0.003 0.002 0.002
199 199 (0) 7 : 0.007 0.003 0.979 0.003 0.007 0.001
200 200 (0) 7 : 0.004 0.002 0.689 0.261 0.007 0.038
201 201 (1) 7 : 0.002 0.251 0.729 0.014 0.002 0.003
202 202 (0) 7 : 0.001 0.002 0.993 0.001 0.002 0.001
203 203 (1) 7 : 0.003 0.005 0.986 0.003 0.001 0.001
204 204 (1) 7 : 0.020 0.021 0.680 0.254 0.017 0.009
205 205 (0) 7 : 0.011 0.005 0.967 0.008 0.006 0.003
206 206 (2) 7 : 0.004 0.198 0.776 0.007 0.004 0.011
207 207 (2) 7 : 0.051 0.002 0.929 0.001 0.015 0.002
208 208 (2) 7 : 0.004 0.015 0.900 0.008 0.055 0.017
209 209 (0) 7 : 0.063 0.013 0.910 0.002 0.011 0.001
210 210 (1) 7 : 0.005 0.002 0.980 0.004 0.007 0.002
211 211 (0) 7 : 0.003 0.006 0.987 0.001 0.002 0.002
212 212 (10) 7 : 0.005 0.113 0.874 0.001 0.005 0.002
213 213 (1) 7 : 0.005 0.007 0.975 0.004 0.008 0.001
214 214 (0) 7 : 0.003 0.006 0.979 0.002 0.007 0.003
215 215 (2) 7 : 0.002 0.021 0.591 0.241 0.002 0.142
216 216 (1) 4 : 0.000 0.001 0.001 0.001 0.001 0.996
217 217 (1) 4 : 0.002 0.002 0.002 0.001 0.002 0.991
218 218 (1) 4 : 0.001 0.001 0.001 0.001 0.001 0.996
219 219 (1) 4 : 0.001 0.001 0.001 0.001 0.000 0.996
220 220 (1) 4 : 0.002 0.243 0.006 0.029 0.003 0.716
221 221 (1) 4 : 0.002 0.002 0.002 0.001 0.002 0.991
222 222 (10) 4 : 0.002 0.003 0.002 0.004 0.003 0.986
223 223 (2) 4 : 0.001 0.002 0.001 0.002 0.001 0.994
224 224 (0) 4 : 0.001 0.001 0.002 0.008 0.001 0.986
225 225 (2) 4 : 0.001 0.001 0.001 0.001 0.001 0.996
226 226 (0) 4 : 0.001 0.001 0.001 0.001 0.001 0.995
