1 1 (0) 3 : 0.995 0.003 0.003
2 2 (0) 3 : 0.983 0.011 0.005
3 3 (0) 3 : 0.995 0.003 0.002
4 4 (0) 3 : 0.993 0.004 0.002
5 5 (0) 3 : 0.997 0.002 0.001
6 6 (0) 3 : 0.993 0.004 0.003
7 7 (0) 3 : 0.995 0.003 0.002
8 8 (0) 3 : 0.996 0.002 0.002
9 9 (0) 3 : 0.995 0.003 0.002
10 10 (0) 3 : 0.983 0.011 0.006
11 11 (0) 3 : 0.987 0.010 0.003
12 12 (0) 3 : 0.988 0.007 0.006
13 13 (0) 3 : 0.997 0.002 0.001
14 14 (0) 3 : 0.994 0.003 0.003
15 15 (0) 3 : 0.994 0.003 0.002
16 16 (0) 3 : 0.997 0.002 0.001
17 17 (0) 3 : 0.997 0.002 0.001
18 18 (0) 3 : 0.956 0.022 0.022
19 19 (0) 3 : 0.997 0.002 0.001
20 20 (0) 3 : 0.995 0.003 0.002
21 21 (0) 3 : 0.991 0.006 0.003
22 22 (0) 3 : 0.989 0.007 0.004
23 23 (0) 3 : 0.996 0.002 0.001
24 24 (0) 3 : 0.996 0.002 0.002
25 25 (0) 3 : 0.991 0.005 0.005
26 26 (0) 3 : 0.992 0.005 0.003
27 27 (0) 3 : 0.995 0.003 0.002
28 28 (0) 3 : 0.993 0.004 0.004
29 29 (0) 3 : 0.996 0.002 0.002
30 30 (0) 3 : 0.996 0.002 0.002
31 31 (0) 3 : 0.988 0.009 0.004
32 32 (0) 3 : 0.992 0.005 0.003
33 33 (0) 3 : 0.997 0.001 0.001
34 34 (0) 3 : 0.997 0.001 0.002
35 35 (0) 3 : 0.996 0.002 0.002
36 36 (0) 5 : 0.172 0.784 0.043
37 37 (0) 5 : 0.012 0.973 0.015
38 38 (0) 6 : 0.653 0.235 0.111
39 39 (0) 6 : 0.428 0.565 0.007
40 40 (0) 6 : 0.509 0.443 0.048
41 41 (0) 6 : 0.391 0.602 0.007
42 42 (0) 6 : 0.446 0.528 0.025
43 43 (0) 5 : 0.003 0.977 0.020
44 44 (0) 5 : 0.465 0.521 0.014
45 45 (0) 5 : 0.003 0.959 0.038
46 46 (0) 5 : 0.007 0.955 0.038
47 47 (0) 5 : 0.083 0.903 0.014
48 48 (0) 5 : 0.286 0.706 0.008
49 49 (0) 5 : 0.383 0.599 0.018
50 50 (0) 5 : 0.006 0.789 0.205
51 51 (0) 5 : 0.009 0.960 0.031
52 52 (0) 6 : 0.569 0.426 0.006
53 53 (0) 6 : 0.516 0.441 0.043
54 54 (0) 6 : 0.627 0.213 0.160
55 55 (0) 6 : 0.346 0.478 0.176
56 56 (0) 6 : 0.736 0.244 0.020
57 57 (0) 6 : 0.499 0.483 0.018
58 58 (0) 6 : 0.619 0.095 0.287
59 59 (0) 6 : 0.422 0.332 0.247
60 60 (0) 6 : 0.547 0.441 0.012
61 61 (0) 6 : 0.567 0.425 0.008
62 62 (0) 6 : 0.474 0.518 0.007
63 63 (0) 6 : 0.519 0.456 0.024
64 64 (0) 6 : 0.789 0.019 0.192
65 65 (0) 6 : 0.677 0.281 0.042
66 66 (0) 6 : 0.618 0.375 0.006
67 67 (0) 6 : 0.604 0.379 0.017
68 68 (0) 6 : 0.550 0.439 0.011
69 69 (0) 6 : 0.648 0.344 0.008
70 70 (0) 6 : 0.620 0.294 0.086
71 71 (0) 6 : 0.710 0.274 0.016
72 72 (0) 6 : 0.554 0.441 0.005
73 73 (0) 6 : 0.669 0.019 0.312
74 74 (0) 6 : 0.511 0.474 0.015
75 75 (0) 6 : 0.478 0.513 0.010
76 76 (0) 6 : 0.406 0.546 0.048
77 77 (0) 6 : 0.562 0.059 0.378
78 78 (0) 6 : 0.627 0.297 0.076
79 79 (0) 6 : 0.482 0.492 0.027
80 80 (0) 6 : 0.572 0.360 0.068
81 81 (0) 6 : 0.508 0.455 0.037
82 82 (0) 6 : 0.508 0.437 0.055
83 83 (0) 6 : 0.574 0.383 0.043
84 84 (0) 6 : 0.651 0.251 0.098
85 85 (0) 6 : 0.572 0.424 0.004
86 86 (0) 6 : 0.350 0.548 0.102
87 87 (0) 6 : 0.585 0.295 0.120
88 88 (0) 5 : 0.004 0.973 0.022
89 89 (0) 5 : 0.006 0.966 0.028
90 90 (0) 5 : 0.003 0.989 0.008
91 91 (0) 5 : 0.278 0.700 0.022
92 92 (0) 5 : 0.005 0.990 0.005
93 93 (0) 5 : 0.004 0.881 0.116
94 94 (2) 1 : 0.041 0.007 0.952
95 95 (3) 1 : 0.006 0.006 0.988
96 96 (2) 1 : 0.005 0.007 0.988
97 97 (0) 1 : 0.003 0.004 0.992
98 98 (1) 1 : 0.061 0.009 0.930
99 99 (6) 1 : 0.007 0.005 0.988
100 100 (11) 1 : 0.006 0.011 0.983
101 101 (3) 1 : 0.006 0.006 0.988
102 102 (2) 1 : 0.033 0.011 0.956
103 103 (5) 1 : 0.007 0.005 0.988
104 104 (1) 1 : 0.003 0.003 0.994
105 105 (0) 1 : 0.019 0.030 0.951
106 106 (1) 1 : 0.011 0.005 0.984
107 107 (6) 1 : 0.013 0.012 0.975
108 108 (1) 1 : 0.010 0.047 0.943
109 109 (18) 1 : 0.005 0.005 0.990
110 110 (2) 1 : 0.016 0.005 0.979
111 111 (1) 1 : 0.005 0.004 0.991
112 112 (2) 1 : 0.003 0.004 0.994
113 113 (2) 1 : 0.004 0.005 0.991
114 114 (3) 1 : 0.010 0.006 0.984
115 115 (2) 1 : 0.003 0.005 0.992
116 116 (1) 1 : 0.002 0.002 0.996
117 117 (1) 1 : 0.004 0.006 0.990
118 118 (3) 1 : 0.021 0.018 0.961
119 119 (2) 1 : 0.033 0.069 0.898
120 120 (3) 1 : 0.003 0.004 0.992
121 121 (0) 1 : 0.007 0.008 0.985
122 122 (1) 1 : 0.069 0.010 0.921
123 123 (3) 1 : 0.007 0.005 0.988
124 124 (3) 1 : 0.003 0.006 0.991
125 125 (2) 1 : 0.004 0.004 0.992
126 126 (3) 1 : 0.021 0.006 0.973
127 127 (1) 1 : 0.009 0.006 0.985
128 128 (5) 1 : 0.003 0.003 0.994
129 129 (1) 1 : 0.004 0.003 0.993
130 130 (5) 1 : 0.007 0.003 0.990
131 131 (10) 1 : 0.013 0.010 0.977
132 132 (2) 1 : 0.022 0.008 0.970
133 133 (4) 1 : 0.004 0.008 0.988
134 134 (2) 1 : 0.106 0.006 0.888
135 135 (18) 1 : 0.004 0.005 0.991
136 136 (3) 1 : 0.004 0.004 0.992
137 137 (0) 1 : 0.547 0.444 0.008
138 138 (6) 1 : 0.486 0.509 0.005
139 139 (17) 2 : 0.006 0.065 0.928
140 140 (2) 2 : 0.002 0.009 0.989
141 141 (3) 2 : 0.001 0.017 0.981
142 142 (0) 2 : 0.004 0.032 0.965
143 143 (4) 2 : 0.011 0.035 0.953
144 144 (1) 2 : 0.009 0.132 0.860
145 145 (8) 2 : 0.003 0.014 0.983
146 146 (4) 2 : 0.002 0.023 0.975
147 147 (1) 2 : 0.004 0.016 0.980
148 148 (17) 2 : 0.004 0.027 0.969
149 149 (8) 2 : 0.004 0.031 0.965
150 150 (3) 2 : 0.009 0.073 0.919
151 151 (0) 2 : 0.003 0.016 0.981
152 152 (0) 2 : 0.002 0.015 0.983
153 153 (3) 2 : 0.002 0.011 0.987
154 154 (1) 2 : 0.002 0.055 0.943
155 155 (1) 2 : 0.004 0.020 0.976
156 156 (15) 2 : 0.018 0.049 0.932
157 157 (3) 2 : 0.003 0.061 0.936
158 158 (2) 2 : 0.004 0.272 0.723
159 159 (7) 2 : 0.005 0.044 0.951
160 160 (4) 2 : 0.012 0.094 0.894
161 161 (1) 2 : 0.003 0.011 0.985
162 162 (14) 2 : 0.004 0.008 0.988
163 163 (15) 2 : 0.010 0.054 0.936
164 164 (11) 2 : 0.003 0.011 0.987
165 165 (1) 2 : 0.003 0.040 0.957
166 166 (8) 2 : 0.008 0.148 0.844
167 167 (6) 2 : 0.006 0.154 0.840
168 168 (3) 2 : 0.017 0.068 0.915
169 169 (6) 2 : 0.003 0.032 0.965
170 170 (4) 2 : 0.002 0.102 0.895
171 171 (2) 2 : 0.018 0.141 0.841
172 172 (6) 2 : 0.003 0.052 0.945
173 173 (1) 2 : 0.002 0.024 0.974
174 174 (3) 2 : 0.002 0.048 0.951
175 175 (2) 2 : 0.002 0.006 0.992
176 176 (4) 2 : 0.003 0.010 0.987
177 177 (2) 2 : 0.003 0.011 0.986
178 178 (3) 2 : 0.002 0.010 0.988
179 179 (1) 2 : 0.003 0.009 0.988
180 180 (7) 2 : 0.002 0.023 0.975
181 181 (0) 2 : 0.005 0.013 0.982
182 182 (0) 7 : 0.006 0.983 0.011
183 183 (0) 7 : 0.010 0.929 0.061
184 184 (1) 7 : 0.012 0.957 0.031
185 185 (0) 7 : 0.023 0.960 0.017
186 186 (2) 7 : 0.024 0.954 0.022
187 187 (0) 7 : 0.036 0.939 0.025
188 188 (1) 7 : 0.007 0.986 0.006
189 189 (1) 7 : 0.017 0.964 0.019
190 190 (0) 7 : 0.005 0.979 0.016
191 191 (0) 7 : 0.011 0.972 0.017
192 192 (2) 7 : 0.010 0.833 0.157
193 193 (1) 7 : 0.016 0.933 0.051
194 194 (1) 7 : 0.064 0.928 0.008
195 195 (0) 7 : 0.004 0.929 0.067
196 196 (0) 7 : 0.010 0.978 0.012
197 197 (1) 7 : 0.028 0.958 0.014
198 198 (1) 7 : 0.009 0.986 0.005
199 199 (0) 7 : 0.026 0.966 0.008
200 200 (0) 7 : 0.029 0.690 0.281
201 201 (1) 7 : 0.004 0.748 0.247
202 202 (0) 7 : 0.005 0.991 0.004
203 203 (1) 7 : 0.008 0.976 0.016
204 204 (1) 7 : 0.120 0.495 0.386
205 205 (0) 7 : 0.022 0.959 0.018
206 206 (2) 7 : 0.012 0.794 0.194
207 207 (2) 7 : 0.138 0.856 0.006
208 208 (2) 7 : 0.026 0.939 0.034
209 209 (0) 7 : 0.098 0.883 0.018
210 210 (1) 7 : 0.028 0.957 0.015
211 211 (0) 7 : 0.009 0.979 0.012
212 212 (10) 7 : 0.007 0.979 0.014
213 213 (1) 7 : 0.015 0.978 0.008
214 214 (0) 7 : 0.006 0.982 0.012
215 215 (2) 7 : 0.009 0.436 0.555
216 216 (1) 4 : 0.080 0.051 0.869
217 217 (1) 4 : 0.153 0.042 0.805
218 218 (1) 4 : 0.133 0.012 0.855
219 219 (1) 4 : 0.095 0.014 0.891
220 220 (1) 4 : 0.022 0.055 0.922
221 221 (1) 4 : 0.124 0.036 0.840
222 222 (10) 4 : 0.055 0.019 0.926
223 223 (2) 4 : 0.064 0.059 0.877
224 224 (0) 4 : 0.034 0.024 0.942
225 225 (2) 4 : 0.072 0.103 0.825
226 226 (0) 4 : 0.015 0.017 0.968
1 1 (0) 3 : 0.004 0.994 0.003
2 2 (0) 3 : 0.012 0.982 0.006
3 3 (0) 3 : 0.003 0.994 0.002
4 4 (0) 3 : 0.004 0.994 0.002
5 5 (0) 3 : 0.002 0.997 0.001
6 6 (0) 3 : 0.005 0.992 0.003
7 7 (0) 3 : 0.003 0.996 0.002
8 8 (0) 3 : 0.002 0.996 0.002
9 9 (0) 3 : 0.003 0.996 0.001
10 10 (0) 3 : 0.012 0.983 0.005
11 11 (0) 3 : 0.011 0.985 0.003
12 12 (0) 3 : 0.007 0.989 0.005
13 13 (0) 3 : 0.001 0.997 0.001
14 14 (0) 3 : 0.003 0.994 0.003
15 15 (0) 3 : 0.003 0.995 0.003
16 16 (0) 3 : 0.002 0.996 0.002
17 17 (0) 3 : 0.002 0.997 0.001
18 18 (0) 3 : 0.030 0.951 0.019
19 19 (0) 3 : 0.002 0.997 0.001
20 20 (0) 3 : 0.003 0.995 0.002
21 21 (0) 3 : 0.006 0.991 0.003
22 22 (0) 3 : 0.008 0.986 0.005
23 23 (0) 3 : 0.002 0.997 0.001
24 24 (0) 3 : 0.002 0.996 0.002
25 25 (0) 3 : 0.006 0.990 0.004
26 26 (0) 3 : 0.006 0.990 0.004
27 27 (0) 3 : 0.003 0.995 0.002
28 28 (0) 3 : 0.004 0.992 0.004
29 29 (0) 3 : 0.002 0.996 0.002
30 30 (0) 3 : 0.002 0.996 0.002
31 31 (0) 3 : 0.007 0.989 0.004
32 32 (0) 3 : 0.004 0.993 0.003
33 33 (0) 3 : 0.001 0.997 0.001
34 34 (0) 3 : 0.002 0.996 0.002
35 35 (0) 3 : 0.002 0.996 0.002
36 36 (0) 5 : 0.789 0.160 0.050
37 37 (0) 5 : 0.977 0.010 0.013
38 38 (0) 6 : 0.183 0.664 0.153
39 39 (0) 6 : 0.561 0.433 0.006
40 40 (0) 6 : 0.442 0.515 0.043
41 41 (0) 6 : 0.596 0.396 0.008
42 42 (0) 6 : 0.531 0.440 0.029
43 43 (0) 5 : 0.981 0.002 0.016
44 44 (0) 5 : 0.518 0.459 0.022
45 45 (0) 5 : 0.959 0.003 0.038
46 46 (0) 5 : 0.961 0.007 0.031
47 47 (0) 5 : 0.900 0.087 0.013
48 48 (0) 5 : 0.672 0.304 0.024
49 49 (0) 5 : 0.605 0.377 0.018
50 50 (0) 5 : 0.759 0.008 0.233
51 51 (0) 5 : 0.950 0.007 0.043
52 52 (0) 6 : 0.430 0.566 0.004
53 53 (0) 6 : 0.435 0.522 0.042
54 54 (0) 6 : 0.292 0.602 0.106
55 55 (0) 6 : 0.414 0.369 0.218
56 56 (0) 6 : 0.237 0.742 0.021
57 57 (0) 6 : 0.487 0.499 0.014
58 58 (0) 6 : 0.080 0.627 0.294
59 59 (0) 6 : 0.309 0.424 0.268
60 60 (0) 6 : 0.430 0.554 0.016
61 61 (0) 6 : 0.426 0.566 0.008
62 62 (0) 6 : 0.512 0.474 0.014
63 63 (0) 6 : 0.445 0.523 0.032
64 64 (0) 6 : 0.038 0.781 0.182
65 65 (0) 6 : 0.285 0.677 0.037
66 66 (0) 6 : 0.370 0.624 0.006
67 67 (0) 6 : 0.357 0.609 0.034
68 68 (0) 6 : 0.448 0.544 0.009
69 69 (0) 6 : 0.341 0.652 0.007
70 70 (0) 6 : 0.289 0.621 0.090
71 71 (0) 6 : 0.277 0.704 0.018
72 72 (0) 6 : 0.443 0.552 0.004
73 73 (0) 6 : 0.035 0.668 0.297
74 74 (0) 6 : 0.466 0.516 0.018
75 75 (0) 6 : 0.517 0.473 0.010
76 76 (0) 6 : 0.485 0.420 0.094
77 77 (0) 6 : 0.053 0.565 0.383
78 78 (0) 6 : 0.352 0.605 0.043
79 79 (0) 6 : 0.473 0.488 0.039
80 80 (0) 6 : 0.291 0.596 0.114
81 81 (0) 6 : 0.438 0.513 0.049
82 82 (0) 6 : 0.374 0.519 0.106
83 83 (0) 6 : 0.322 0.597 0.081
84 84 (0) 6 : 0.308 0.632 0.060
85 85 (0) 6 : 0.420 0.575 0.005
86 86 (0) 6 : 0.540 0.350 0.110
87 87 (0) 6 : 0.226 0.606 0.168
88 88 (0) 5 : 0.977 0.003 0.020
89 89 (0) 5 : 0.967 0.006 0.027
90 90 (0) 5 : 0.988 0.004 0.009
91 91 (0) 5 : 0.706 0.270 0.023
92 92 (0) 5 : 0.991 0.005 0.004
93 93 (0) 5 : 0.865 0.004 0.131
94 94 (2) 1 : 0.012 0.031 0.957
95 95 (3) 1 : 0.006 0.005 0.989
96 96 (2) 1 : 0.009 0.005 0.986
97 97 (0) 1 : 0.005 0.003 0.993
98 98 (1) 1 : 0.006 0.073 0.921
99 99 (6) 1 : 0.007 0.008 0.985
100 100 (11) 1 : 0.014 0.006 0.979
101 101 (3) 1 : 0.005 0.007 0.988
102 102 (2) 1 : 0.014 0.030 0.956
103 103 (5) 1 : 0.004 0.009 0.987
104 104 (1) 1 : 0.004 0.003 0.993
105 105 (0) 1 : 0.027 0.019 0.955
106 106 (1) 1 : 0.006 0.014 0.980
107 107 (6) 1 : 0.015 0.013 0.972
108 108 (1) 1 : 0.054 0.008 0.938
109 109 (18) 1 : 0.006 0.004 0.990
110 110 (2) 1 : 0.007 0.016 0.977
111 111 (1) 1 : 0.004 0.004 0.992
112 112 (2) 1 : 0.004 0.003 0.993
113 113 (2) 1 : 0.005 0.003 0.992
114 114 (3) 1 : 0.007 0.012 0.981
115 115 (2) 1 : 0.005 0.003 0.992
116 116 (1) 1 : 0.003 0.003 0.994
117 117 (1) 1 : 0.005 0.004 0.991
118 118 (3) 1 : 0.024 0.019 0.957
119 119 (2) 1 : 0.075 0.039 0.886
120 120 (3) 1 : 0.003 0.003 0.994
121 121 (0) 1 : 0.006 0.006 0.987
122 122 (1) 1 : 0.008 0.067 0.924
123 123 (3) 1 : 0.005 0.006 0.989
124 124 (3) 1 : 0.006 0.003 0.991
125 125 (2) 1 : 0.004 0.004 0.992
126 126 (3) 1 : 0.007 0.021 0.972
127 127 (1) 1 : 0.006 0.007 0.987
128 128 (5) 1 : 0.004 0.002 0.994
129 129 (1) 1 : 0.004 0.005 0.991
130 130 (5) 1 : 0.005 0.007 0.989
131 131 (10) 1 : 0.007 0.013 0.980
132 132 (2) 1 : 0.008 0.019 0.973
133 133 (4) 1 : 0.008 0.004 0.988
134 134 (2) 1 : 0.005 0.099 0.896
135 135 (18) 1 : 0.005 0.004 0.991
136 136 (3) 1 : 0.004 0.004 0.992
137 137 (0) 1 : 0.447 0.537 0.016
138 138 (6) 1 : 0.510 0.486 0.005
139 139 (17) 2 : 0.079 0.008 0.913
140 140 (2) 2 : 0.010 0.002 0.987
141 141 (3) 2 : 0.016 0.002 0.982
142 142 (0) 2 : 0.042 0.003 0.955
143 143 (4) 2 : 0.037 0.015 0.948
144 144 (1) 2 : 0.122 0.011 0.867
145 145 (8) 2 : 0.019 0.003 0.978
146 146 (4) 2 : 0.035 0.002 0.963
147 147 (1) 2 : 0.016 0.003 0.981
148 148 (17) 2 : 0.024 0.004 0.972
149 149 (8) 2 : 0.040 0.004 0.956
150 150 (3) 2 : 0.102 0.010 0.888
151 151 (0) 2 : 0.017 0.003 0.979
152 152 (0) 2 : 0.010 0.002 0.987
153 153 (3) 2 : 0.016 0.002 0.981
154 154 (1) 2 : 0.045 0.002 0.953
155 155 (1) 2 : 0.013 0.005 0.982
156 156 (15) 2 : 0.044 0.019 0.937
157 157 (3) 2 : 0.073 0.003 0.924
158 158 (2) 2 : 0.294 0.005 0.701
159 159 (7) 2 : 0.063 0.004 0.933
160 160 (4) 2 : 0.072 0.012 0.915
161 161 (1) 2 : 0.013 0.003 0.983
162 162 (14) 2 : 0.008 0.003 0.988
163 163 (15) 2 : 0.069 0.011 0.919
164 164 (11) 2 : 0.009 0.002 0.989
165 165 (1) 2 : 0.033 0.003 0.965
166 166 (8) 2 : 0.131 0.008 0.861
167 167 (6) 2 : 0.140 0.004 0.855
168 168 (3) 2 : 0.067 0.021 0.911
169 169 (6) 2 : 0.032 0.003 0.965
170 170 (4) 2 : 0.112 0.002 0.886
171 171 (2) 2 : 0.170 0.017 0.813
172 172 (6) 2 : 0.050 0.004 0.946
173 173 (1) 2 : 0.022 0.003 0.975
174 174 (3) 2 : 0.046 0.002 0.952
175 175 (2) 2 : 0.010 0.002 0.988
176 176 (4) 2 : 0.007 0.004 0.989
177 177 (2) 2 : 0.012 0.003 0.984
178 178 (3) 2 : 0.008 0.002 0.990
179 179 (1) 2 : 0.008 0.003 0.989
180 180 (7) 2 : 0.038 0.002 0.960
181 181 (0) 2 : 0.019 0.006 0.975
182 182 (0) 7 : 0.982 0.006 0.012
183 183 (0) 7 : 0.924 0.011 0.065
184 184 (1) 7 : 0.962 0.015 0.024
185 185 (0) 7 : 0.970 0.018 0.012
186 186 (2) 7 : 0.951 0.022 0.026
187 187 (0) 7 : 0.937 0.038 0.025
188 188 (1) 7 : 0.987 0.005 0.008
189 189 (1) 7 : 0.957 0.023 0.021
190 190 (0) 7 : 0.977 0.004 0.018
191 191 (0) 7 : 0.978 0.011 0.011
192 192 (2) 7 : 0.819 0.013 0.169
193 193 (1) 7 : 0.936 0.010 0.054
194 194 (1) 7 : 0.933 0.055 0.012
195 195 (0) 7 : 0.900 0.006 0.094
196 196 (0) 7 : 0.980 0.010 0.010
197 197 (1) 7 : 0.952 0.030 0.018
198 198 (1) 7 : 0.987 0.008 0.005
199 199 (0) 7 : 0.966 0.027 0.007
200 200 (0) 7 : 0.684 0.028 0.288
201 201 (1) 7 : 0.753 0.005 0.242
202 202 (0) 7 : 0.991 0.005 0.004
203 203 (1) 7 : 0.973 0.008 0.018
204 204 (1) 7 : 0.433 0.144 0.423
205 205 (0) 7 : 0.951 0.026 0.023
206 206 (2) 7 : 0.782 0.011 0.206
207 207 (2) 7 : 0.827 0.168 0.005
208 208 (2) 7 : 0.943 0.022 0.035
209 209 (0) 7 : 0.850 0.126 0.024
210 210 (1) 7 : 0.965 0.020 0.015
211 211 (0) 7 : 0.981 0.007 0.012
212 212 (10) 7 : 0.978 0.007 0.015
213 213 (1) 7 : 0.978 0.014 0.008
214 214 (0) 7 : 0.977 0.010 0.013
215 215 (2) 7 : 0.426 0.015 0.560
216 216 (1) 4 : 0.052 0.082 0.866
217 217 (1) 4 : 0.042 0.151 0.807
218 218 (1) 4 : 0.012 0.132 0.857
219 219 (1) 4 : 0.017 0.095 0.888
220 220 (1) 4 : 0.053 0.022 0.925
221 221 (1) 4 : 0.014 0.138 0.847
222 222 (10) 4 : 0.019 0.062 0.920
223 223 (2) 4 : 0.045 0.071 0.884
224 224 (0) 4 : 0.019 0.033 0.948
225 225 (2) 4 : 0.093 0.074 0.834
226 226 (0) 4 : 0.014 0.020 0.966
1 1 (0) 3 : 0.995 0.003 0.003
2 2 (0) 3 : 0.981 0.014 0.005
3 3 (0) 3 : 0.994 0.004 0.002
4 4 (0) 3 : 0.994 0.004 0.002
5 5 (0) 3 : 0.997 0.002 0.001
6 6 (0) 3 : 0.992 0.005 0.003
7 7 (0) 3 : 0.995 0.003 0.002
8 8 (0) 3 : 0.996 0.003 0.002
9 9 (0) 3 : 0.995 0.003 0.002
10 10 (0) 3 : 0.983 0.011 0.006
11 11 (0) 3 : 0.986 0.010 0.004
12 12 (0) 3 : 0.989 0.007 0.004
13 13 (0) 3 : 0.997 0.001 0.001
14 14 (0) 3 : 0.994 0.003 0.002
15 15 (0) 3 : 0.994 0.004 0.002
16 16 (0) 3 : 0.997 0.002 0.001
17 17 (0) 3 : 0.996 0.002 0.001
18 18 (0) 3 : 0.961 0.021 0.018
19 19 (0) 3 : 0.997 0.002 0.001
20 20 (0) 3 : 0.995 0.003 0.002
21 21 (0) 3 : 0.992 0.005 0.002
22 22 (0) 3 : 0.988 0.007 0.004
23 23 (0) 3 : 0.997 0.002 0.002
24 24 (0) 3 : 0.997 0.002 0.002
25 25 (0) 3 : 0.990 0.006 0.005
26 26 (0) 3 : 0.991 0.006 0.003
27 27 (0) 3 : 0.995 0.003 0.002
28 28 (0) 3 : 0.993 0.004 0.003
29 29 (0) 3 : 0.996 0.002 0.002
30 30 (0) 3 : 0.996 0.002 0.002
31 31 (0) 3 : 0.985 0.011 0.004
32 32 (0) 3 : 0.991 0.006 0.003
33 33 (0) 3 : 0.997 0.002 0.001
34 34 (0) 3 : 0.997 0.002 0.001
35 35 (0) 3 : 0.996 0.002 0.002
36 36 (0) 5 : 0.174 0.775 0.051
37 37 (0) 5 : 0.010 0.974 0.015
38 38 (0) 6 : 0.685 0.119 0.196
39 39 (0) 6 : 0.426 0.564 0.010
40 40 (0) 6 : 0.515 0.439 0.046
41 41 (0) 6 : 0.403 0.590 0.007
42 42 (0) 6 : 0.445 0.532 0.023
43 43 (0) 5 : 0.003 0.975 0.022
44 44 (0) 5 : 0.472 0.512 0.016
45 45 (0) 5 : 0.003 0.948 0.049
46 46 (0) 5 : 0.007 0.956 0.037
47 47 (0) 5 : 0.082 0.908 0.010
48 48 (0) 5 : 0.298 0.684 0.018
49 49 (0) 5 : 0.380 0.602 0.019
50 50 (0) 5 : 0.006 0.803 0.191
51 51 (0) 5 : 0.008 0.959 0.033
52 52 (0) 6 : 0.573 0.418 0.008
53 53 (0) 6 : 0.522 0.431 0.047
54 54 (0) 6 : 0.627 0.214 0.158
55 55 (0) 6 : 0.359 0.439 0.202
56 56 (0) 6 : 0.740 0.250 0.010
57 57 (0) 6 : 0.505 0.477 0.017
58 58 (0) 6 : 0.638 0.046 0.317
59 59 (0) 6 : 0.444 0.256 0.300
60 60 (0) 6 : 0.560 0.424 0.016
61 61 (0) 6 : 0.574 0.417 0.008
62 62 (0) 6 : 0.482 0.509 0.009
63 63 (0) 6 : 0.524 0.451 0.026
64 64 (0) 6 : 0.793 0.006 0.201
65 65 (0) 6 : 0.678 0.294 0.028
66 66 (0) 6 : 0.619 0.376 0.006
67 67 (0) 6 : 0.609 0.357 0.034
68 68 (0) 6 : 0.548 0.442 0.010
69 69 (0) 6 : 0.652 0.337 0.011
70 70 (0) 6 : 0.649 0.211 0.140
71 71 (0) 6 : 0.715 0.261 0.024
72 72 (0) 6 : 0.559 0.434 0.006
73 73 (0) 6 : 0.672 0.016 0.312
74 74 (0) 6 : 0.518 0.454 0.027
75 75 (0) 6 : 0.480 0.506 0.014
76 76 (0) 6 : 0.413 0.535 0.052
77 77 (0) 6 : 0.571 0.034 0.396
78 78 (0) 6 : 0.610 0.351 0.040
79 79 (0) 6 : 0.494 0.453 0.053
80 80 (0) 6 : 0.605 0.288 0.107
81 81 (0) 6 : 0.514 0.444 0.043
82 82 (0) 6 : 0.525 0.368 0.108
83 83 (0) 6 : 0.608 0.283 0.109
84 84 (0) 6 : 0.660 0.237 0.102
85 85 (0) 6 : 0.582 0.414 0.004
86 86 (0) 6 : 0.367 0.465 0.168
87 87 (0) 6 : 0.592 0.295 0.113
88 88 (0) 5 : 0.003 0.976 0.021
89 89 (0) 5 : 0.005 0.969 0.027
90 90 (0) 5 : 0.003 0.990 0.007
91 91 (0) 5 : 0.270 0.707 0.023
92 92 (0) 5 : 0.003 0.991 0.006
93 93 (0) 5 : 0.003 0.886 0.111
94 94 (2) 1 : 0.039 0.006 0.955
95 95 (3) 1 : 0.005 0.007 0.988
96 96 (2) 1 : 0.005 0.006 0.990
97 97 (0) 1 : 0.003 0.004 0.993
98 98 (1) 1 : 0.068 0.005 0.927
99 99 (6) 1 : 0.008 0.005 0.987
100 100 (11) 1 : 0.006 0.009 0.985
101 101 (3) 1 : 0.006 0.004 0.990
102 102 (2) 1 : 0.025 0.014 0.961
103 103 (5) 1 : 0.007 0.004 0.989
104 104 (1) 1 : 0.003 0.005 0.992
105 105 (0) 1 : 0.015 0.027 0.958
106 106 (1) 1 : 0.013 0.006 0.981
107 107 (6) 1 : 0.012 0.008 0.980
108 108 (1) 1 : 0.010 0.047 0.943
109 109 (18) 1 : 0.003 0.005 0.991
110 110 (2) 1 : 0.011 0.004 0.985
111 111 (1) 1 : 0.004 0.004 0.992
112 112 (2) 1 : 0.003 0.004 0.994
113 113 (2) 1 : 0.003 0.005 0.992
114 114 (3) 1 : 0.009 0.007 0.984
115 115 (2) 1 : 0.002 0.004 0.993
116 116 (1) 1 : 0.002 0.003 0.995
117 117 (1) 1 : 0.004 0.004 0.992
118 118 (3) 1 : 0.018 0.018 0.965
119 119 (2) 1 : 0.038 0.051 0.910
120 120 (3) 1 : 0.003 0.004 0.993
121 121 (0) 1 : 0.008 0.007 0.985
122 122 (1) 1 : 0.068 0.009 0.922
123 123 (3) 1 : 0.007 0.004 0.989
124 124 (3) 1 : 0.003 0.007 0.990
125 125 (2) 1 : 0.003 0.004 0.993
126 126 (3) 1 : 0.021 0.007 0.972
127 127 (1) 1 : 0.008 0.004 0.989
128 128 (5) 1 : 0.002 0.003 0.995
129 129 (1) 1 : 0.003 0.003 0.994
130 130 (5) 1 : 0.007 0.005 0.988
131 131 (10) 1 : 0.012 0.010 0.978
132 132 (2) 1 : 0.016 0.012 0.972
133 133 (4) 1 : 0.003 0.007 0.990
134 134 (2) 1 : 0.095 0.005 0.899
135 135 (18) 1 : 0.004 0.004 0.992
136 136 (3) 1 : 0.004 0.004 0.992
137 137 (0) 1 : 0.549 0.434 0.017
138 138 (6) 1 : 0.489 0.505 0.006
139 139 (17) 2 : 0.008 0.063 0.929
140 140 (2) 2 : 0.002 0.007 0.991
141 141 (3) 2 : 0.002 0.014 0.985
142 142 (0) 2 : 0.004 0.029 0.966
143 143 (4) 2 : 0.011 0.036 0.953
144 144 (1) 2 : 0.010 0.120 0.870
145 145 (8) 2 : 0.003 0.012 0.985
146 146 (4) 2 : 0.002 0.028 0.971
147 147 (1) 2 : 0.004 0.016 0.980
148 148 (17) 2 : 0.003 0.023 0.974
149 149 (8) 2 : 0.004 0.021 0.976
150 150 (3) 2 : 0.007 0.087 0.906
151 151 (0) 2 : 0.003 0.015 0.982
152 152 (0) 2 : 0.002 0.013 0.986
153 153 (3) 2 : 0.002 0.011 0.987
154 154 (1) 2 : 0.002 0.041 0.957
155 155 (1) 2 : 0.004 0.020 0.976
156 156 (15) 2 : 0.018 0.043 0.939
157 157 (3) 2 : 0.003 0.061 0.936
158 158 (2) 2 : 0.004 0.287 0.709
159 159 (7) 2 : 0.004 0.054 0.943
160 160 (4) 2 : 0.012 0.076 0.912
161 161 (1) 2 : 0.003 0.012 0.985
162 162 (14) 2 : 0.003 0.009 0.988
163 163 (15) 2 : 0.012 0.062 0.926
164 164 (11) 2 : 0.003 0.008 0.989
165 165 (1) 2 : 0.003 0.029 0.968
166 166 (8) 2 : 0.009 0.099 0.892
167 167 (6) 2 : 0.005 0.130 0.865
168 168 (3) 2 : 0.020 0.055 0.924
169 169 (6) 2 : 0.003 0.028 0.968
170 170 (4) 2 : 0.002 0.101 0.897
171 171 (2) 2 : 0.017 0.146 0.837
172 172 (6) 2 : 0.004 0.057 0.939
173 173 (1) 2 : 0.003 0.024 0.973
174 174 (3) 2 : 0.002 0.048 0.950
175 175 (2) 2 : 0.002 0.009 0.989
176 176 (4) 2 : 0.004 0.008 0.988
177 177 (2) 2 : 0.002 0.012 0.985
178 178 (3) 2 : 0.002 0.007 0.991
179 179 (1) 2 : 0.003 0.007 0.990
180 180 (7) 2 : 0.002 0.027 0.970
181 181 (0) 2 : 0.005 0.014 0.981
182 182 (0) 7 : 0.007 0.982 0.012
183 183 (0) 7 : 0.008 0.926 0.066
184 184 (1) 7 : 0.011 0.965 0.024
185 185 (0) 7 : 0.016 0.973 0.011
186 186 (2) 7 : 0.017 0.953 0.030
187 187 (0) 7 : 0.033 0.934 0.033
188 188 (1) 7 : 0.007 0.985 0.008
189 189 (1) 7 : 0.013 0.971 0.015
190 190 (0) 7 : 0.005 0.978 0.017
191 191 (0) 7 : 0.011 0.976 0.013
192 192 (2) 7 : 0.014 0.802 0.184
193 193 (1) 7 : 0.009 0.929 0.062
194 194 (1) 7 : 0.057 0.936 0.007
195 195 (0) 7 : 0.006 0.909 0.085
196 196 (0) 7 : 0.010 0.982 0.008
197 197 (1) 7 : 0.033 0.951 0.016
198 198 (1) 7 : 0.007 0.988 0.006
199 199 (0) 7 : 0.023 0.971 0.006
200 200 (0) 7 : 0.021 0.677 0.302
201 201 (1) 7 : 0.007 0.724 0.269
202 202 (0) 7 : 0.004 0.993 0.003
203 203 (1) 7 : 0.011 0.973 0.015
204 204 (1) 7 : 0.109 0.499 0.392
205 205 (0) 7 : 0.029 0.956 0.015
206 206 (2) 7 : 0.011 0.797 0.192
207 207 (2) 7 : 0.162 0.833 0.004
208 208 (2) 7 : 0.022 0.945 0.032
209 209 (0) 7 : 0.123 0.854 0.023
210 210 (1) 7 : 0.019 0.966 0.015
211 211 (0) 7 : 0.007 0.980 0.013
212 212 (10) 7 : 0.006 0.976 0.017
213 213 (1) 7 : 0.011 0.980 0.009
214 214 (0) 7 : 0.009 0.978 0.013
215 215 (2) 7 : 0.014 0.436 0.550
216 216 (1) 4 : 0.080 0.042 0.878
217 217 (1) 4 : 0.154 0.028 0.817
218 218 (1) 4 : 0.117 0.013 0.869
219 219 (1) 4 : 0.077 0.021 0.902
220 220 (1) 4 : 0.026 0.066 0.908
221 221 (1) 4 : 0.124 0.028 0.848
222 222 (10) 4 : 0.048 0.020 0.932
223 223 (2) 4 : 0.060 0.062 0.878
224 224 (0) 4 : 0.031 0.027 0.943
225 225 (2) 4 : 0.079 0.072 0.849
226 226 (0) 4 : 0.018 0.011 0.971
1 1 (0) 3 : 0.003 0.993 0.004
2 2 (0) 3 : 0.005 0.977 0.017
3 3 (0) 3 : 0.002 0.995 0.003
4 4 (0) 3 : 0.003 0.993 0.004
5 5 (0) 3 : 0.002 0.996 0.002
6 6 (0) 3 : 0.004 0.991 0.005
7 7 (0) 3 : 0.002 0.996 0.003
8 8 (0) 3 : 0.002 0.996 0.003
9 9 (0) 3 : 0.001 0.995 0.004
10 10 (0) 3 : 0.006 0.984 0.010
11 11 (0) 3 : 0.003 0.986 0.011
12 12 (0) 3 : 0.005 0.988 0.008
13 13 (0) 3 : 0.001 0.997 0.002
14 14 (0) 3 : 0.003 0.993 0.004
15 15 (0) 3 : 0.002 0.995 0.003
16 16 (0) 3 : 0.001 0.997 0.002
17 17 (0) 3 : 0.002 0.996 0.002
18 18 (0) 3 : 0.021 0.955 0.024
19 19 (0) 3 : 0.001 0.997 0.002
20 20 (0) 3 : 0.002 0.994 0.003
21 21 (0) 3 : 0.003 0.991 0.006
22 22 (0) 3 : 0.005 0.988 0.007
23 23 (0) 3 : 0.002 0.997 0.002
24 24 (0) 3 : 0.002 0.996 0.002
25 25 (0) 3 : 0.004 0.990 0.006
26 26 (0) 3 : 0.003 0.992 0.005
27 27 (0) 3 : 0.001 0.995 0.003
28 28 (0) 3 : 0.003 0.993 0.004
29 29 (0) 3 : 0.002 0.996 0.003
30 30 (0) 3 : 0.002 0.996 0.002
31 31 (0) 3 : 0.005 0.985 0.010
32 32 (0) 3 : 0.002 0.992 0.006
33 33 (0) 3 : 0.001 0.997 0.002
34 34 (0) 3 : 0.001 0.997 0.002
35 35 (0) 3 : 0.002 0.996 0.002
36 36 (0) 5 : 0.041 0.180 0.779
37 37 (0) 5 : 0.017 0.011 0.973
38 38 (0) 6 : 0.182 0.681 0.137
39 39 (0) 6 : 0.008 0.427 0.566
40 40 (0) 6 : 0.042 0.519 0.439
41 41 (0) 6 : 0.007 0.409 0.584
42 42 (0) 6 : 0.022 0.443 0.535
43 43 (0) 5 : 0.025 0.003 0.972
44 44 (0) 5 : 0.020 0.469 0.511
45 45 (0) 5 : 0.046 0.002 0.951
46 46 (0) 5 : 0.030 0.008 0.962
47 47 (0) 5 : 0.011 0.090 0.899
48 48 (0) 5 : 0.018 0.299 0.683
49 49 (0) 5 : 0.017 0.392 0.591
50 50 (0) 5 : 0.215 0.006 0.779
51 51 (0) 5 : 0.029 0.010 0.961
52 52 (0) 6 : 0.006 0.577 0.417
53 53 (0) 6 : 0.055 0.529 0.416
54 54 (0) 6 : 0.132 0.617 0.252
55 55 (0) 6 : 0.277 0.387 0.336
56 56 (0) 6 : 0.015 0.740 0.245
57 57 (0) 6 : 0.012 0.502 0.486
58 58 (0) 6 : 0.316 0.641 0.043
59 59 (0) 6 : 0.280 0.443 0.277
60 60 (0) 6 : 0.021 0.560 0.418
61 61 (0) 6 : 0.008 0.578 0.414
62 62 (0) 6 : 0.010 0.487 0.503
63 63 (0) 6 : 0.053 0.544 0.403
64 64 (0) 6 : 0.193 0.791 0.016
65 65 (0) 6 : 0.025 0.671 0.304
66 66 (0) 6 : 0.006 0.630 0.364
67 67 (0) 6 : 0.016 0.606 0.378
68 68 (0) 6 : 0.014 0.556 0.430
69 69 (0) 6 : 0.006 0.643 0.350
70 70 (0) 6 : 0.126 0.646 0.228
71 71 (0) 6 : 0.009 0.702 0.289
72 72 (0) 6 : 0.009 0.567 0.424
73 73 (0) 6 : 0.310 0.670 0.021
74 74 (0) 6 : 0.024 0.523 0.452
75 75 (0) 6 : 0.021 0.487 0.492
76 76 (0) 6 : 0.088 0.422 0.490
77 77 (0) 6 : 0.395 0.569 0.037
78 78 (0) 6 : 0.075 0.628 0.298
79 79 (0) 6 : 0.051 0.497 0.452
80 80 (0) 6 : 0.161 0.627 0.212
81 81 (0) 6 : 0.061 0.518 0.422
82 82 (0) 6 : 0.102 0.526 0.372
83 83 (0) 6 : 0.091 0.604 0.305
84 84 (0) 6 : 0.102 0.662 0.236
85 85 (0) 6 : 0.005 0.591 0.405
86 86 (0) 6 : 0.132 0.361 0.507
87 87 (0) 6 : 0.120 0.598 0.282
88 88 (0) 5 : 0.022 0.003 0.975
89 89 (0) 5 : 0.034 0.005 0.961
90 90 (0) 5 : 0.007 0.004 0.988
91 91 (0) 5 : 0.026 0.278 0.696
92 92 (0) 5 : 0.005 0.005 0.991
93 93 (0) 5 : 0.133 0.005 0.862
94 94 (2) 1 : 0.958 0.036 0.005
95 95 (3) 1 : 0.987 0.006 0.007
96 96 (2) 1 : 0.989 0.005 0.007
97 97 (0) 1 : 0.993 0.003 0.005
98 98 (1) 1 : 0.925 0.068 0.007
99 99 (6) 1 : 0.988 0.007 0.005
100 100 (11) 1 : 0.981 0.006 0.013
101 101 (3) 1 : 0.989 0.005 0.006
102 102 (2) 1 : 0.961 0.028 0.012
103 103 (5) 1 : 0.990 0.006 0.003
104 104 (1) 1 : 0.994 0.002 0.004
105 105 (0) 1 : 0.957 0.019 0.025
106 106 (1) 1 : 0.980 0.011 0.009
107 107 (6) 1 : 0.977 0.013 0.010
108 108 (1) 1 : 0.952 0.010 0.039
109 109 (18) 1 : 0.990 0.004 0.007
110 110 (2) 1 : 0.979 0.015 0.007
111 111 (1) 1 : 0.990 0.004 0.006
112 112 (2) 1 : 0.994 0.002 0.004
113 113 (2) 1 : 0.992 0.004 0.004
114 114 (3) 1 : 0.983 0.009 0.008
115 115 (2) 1 : 0.992 0.003 0.005
116 116 (1) 1 : 0.994 0.002 0.003
117 117 (1) 1 : 0.992 0.005 0.003
118 118 (3) 1 : 0.961 0.022 0.017
119 119 (2) 1 : 0.901 0.035 0.064
120 120 (3) 1 : 0.993 0.003 0.004
121 121 (0) 1 : 0.987 0.007 0.006
122 122 (1) 1 : 0.918 0.073 0.008
123 123 (3) 1 : 0.988 0.008 0.005
124 124 (3) 1 : 0.989 0.003 0.008
125 125 (2) 1 : 0.991 0.004 0.006
126 126 (3) 1 : 0.974 0.019 0.007
127 127 (1) 1 : 0.987 0.008 0.005
128 128 (5) 1 : 0.994 0.003 0.004
129 129 (1) 1 : 0.993 0.004 0.003
130 130 (5) 1 : 0.987 0.009 0.004
131 131 (10) 1 : 0.979 0.014 0.007
132 132 (2) 1 : 0.972 0.017 0.011
133 133 (4) 1 : 0.989 0.003 0.008
134 134 (2) 1 : 0.899 0.095 0.005
135 135 (18) 1 : 0.993 0.004 0.003
136 136 (3) 1 : 0.992 0.004 0.004
137 137 (0) 1 : 0.015 0.551 0.434
138 138 (6) 1 : 0.007 0.490 0.504
139 139 (17) 2 : 0.910 0.007 0.083
140 140 (2) 2 : 0.987 0.002 0.010
141 141 (3) 2 : 0.979 0.001 0.020
142 142 (0) 2 : 0.965 0.003 0.032
143 143 (4) 2 : 0.940 0.014 0.046
144 144 (1) 2 : 0.871 0.010 0.119
145 145 (8) 2 : 0.985 0.003 0.012
146 146 (4) 2 : 0.970 0.002 0.027
147 147 (1) 2 : 0.980 0.006 0.014
148 148 (17) 2 : 0.972 0.004 0.024
149 149 (8) 2 : 0.961 0.004 0.034
150 150 (3) 2 : 0.900 0.008 0.092
151 151 (0) 2 : 0.981 0.003 0.016
152 152 (0) 2 : 0.983 0.002 0.015
153 153 (3) 2 : 0.981 0.002 0.016
154 154 (1) 2 : 0.950 0.003 0.047
155 155 (1) 2 : 0.971 0.004 0.025
156 156 (15) 2 : 0.942 0.016 0.042
157 157 (3) 2 : 0.932 0.003 0.065
158 158 (2) 2 : 0.712 0.003 0.285
159 159 (7) 2 : 0.925 0.004 0.071
160 160 (4) 2 : 0.921 0.015 0.064
161 161 (1) 2 : 0.987 0.003 0.010
162 162 (14) 2 : 0.989 0.003 0.008
163 163 (15) 2 : 0.926 0.012 0.062
164 164 (11) 2 : 0.988 0.002 0.009
165 165 (1) 2 : 0.973 0.003 0.024
166 166 (8) 2 : 0.870 0.006 0.124
167 167 (6) 2 : 0.831 0.004 0.165
168 168 (3) 2 : 0.912 0.015 0.074
169 169 (6) 2 : 0.968 0.004 0.028
170 170 (4) 2 : 0.899 0.003 0.098
171 171 (2) 2 : 0.835 0.015 0.150
172 172 (6) 2 : 0.949 0.004 0.047
173 173 (1) 2 : 0.974 0.004 0.022
174 174 (3) 2 : 0.961 0.002 0.037
175 175 (2) 2 : 0.988 0.003 0.009
176 176 (4) 2 : 0.985 0.003 0.012
177 177 (2) 2 : 0.981 0.003 0.016
178 178 (3) 2 : 0.989 0.002 0.009
179 179 (1) 2 : 0.984 0.004 0.012
180 180 (7) 2 : 0.968 0.003 0.029
181 181 (0) 2 : 0.980 0.005 0.015
182 182 (0) 7 : 0.009 0.006 0.984
183 183 (0) 7 : 0.062 0.012 0.927
184 184 (1) 7 : 0.027 0.011 0.961
185 185 (0) 7 : 0.016 0.013 0.970
186 186 (2) 7 : 0.030 0.023 0.946
187 187 (0) 7 : 0.037 0.035 0.928
188 188 (1) 7 : 0.008 0.005 0.987
189 189 (1) 7 : 0.023 0.020 0.956
190 190 (0) 7 : 0.016 0.005 0.979
191 191 (0) 7 : 0.014 0.010 0.977
192 192 (2) 7 : 0.146 0.012 0.843
193 193 (1) 7 : 0.062 0.008 0.929
194 194 (1) 7 : 0.012 0.064 0.924
195 195 (0) 7 : 0.098 0.005 0.897
196 196 (0) 7 : 0.013 0.010 0.977
197 197 (1) 7 : 0.015 0.025 0.960
198 198 (1) 7 : 0.009 0.010 0.982
199 199 (0) 7 : 0.007 0.028 0.965
200 200 (0) 7 : 0.283 0.037 0.680
201 201 (1) 7 : 0.242 0.006 0.752
202 202 (0) 7 : 0.004 0.006 0.991
203 203 (1) 7 : 0.013 0.008 0.979
204 204 (1) 7 : 0.393 0.108 0.498
205 205 (0) 7 : 0.021 0.029 0.950
206 206 (2) 7 : 0.201 0.010 0.789
207 207 (2) 7 : 0.005 0.156 0.839
208 208 (2) 7 : 0.035 0.026 0.939
209 209 (0) 7 : 0.013 0.119 0.867
210 210 (1) 7 : 0.011 0.023 0.966
211 211 (0) 7 : 0.013 0.009 0.979
212 212 (10) 7 : 0.013 0.007 0.980
213 213 (1) 7 : 0.012 0.015 0.973
214 214 (0) 7 : 0.016 0.009 0.975
215 215 (2) 7 : 0.561 0.015 0.424
216 216 (1) 4 : 0.874 0.080 0.046
217 217 (1) 4 : 0.813 0.162 0.025
218 218 (1) 4 : 0.854 0.137 0.009
219 219 (1) 4 : 0.897 0.080 0.023
220 220 (1) 4 : 0.922 0.023 0.055
221 221 (1) 4 : 0.848 0.136 0.016
222 222 (10) 4 : 0.919 0.057 0.024
223 223 (2) 4 : 0.878 0.068 0.055
224 224 (0) 4 : 0.945 0.023 0.032
225 225 (2) 4 : 0.834 0.079 0.086
226 226 (0) 4 : 0.972 0.016 0.012
1 1 (0) 3 : 0.994 0.003 0.003
2 2 (0) 3 : 0.980 0.015 0.005
3 3 (0) 3 : 0.994 0.004 0.002
4 4 (0) 3 : 0.993 0.005 0.003
5 5 (0) 3 : 0.996 0.002 0.001
6 6 (0) 3 : 0.992 0.005 0.003
7 7 (0) 3 : 0.995 0.003 0.002
8 8 (0) 3 : 0.996 0.002 0.002
9 9 (0) 3 : 0.995 0.003 0.002
10 10 (0) 3 : 0.984 0.011 0.005
11 11 (0) 3 : 0.984 0.013 0.003
12 12 (0) 3 : 0.989 0.006 0.005
13 13 (0) 3 : 0.997 0.002 0.001
14 14 (0) 3 : 0.994 0.003 0.003
15 15 (0) 3 : 0.994 0.004 0.002
16 16 (0) 3 : 0.997 0.002 0.001
17 17 (0) 3 : 0.996 0.002 0.001
18 18 (0) 3 : 0.959 0.021 0.020
19 19 (0) 3 : 0.997 0.002 0.002
20 20 (0) 3 : 0.995 0.003 0.002
21 21 (0) 3 : 0.993 0.005 0.003
22 22 (0) 3 : 0.988 0.007 0.005
23 23 (0) 3 : 0.996 0.002 0.002
24 24 (0) 3 : 0.996 0.002 0.002
25 25 (0) 3 : 0.992 0.004 0.004
26 26 (0) 3 : 0.992 0.006 0.003
27 27 (0) 3 : 0.996 0.003 0.002
28 28 (0) 3 : 0.992 0.004 0.004
29 29 (0) 3 : 0.996 0.002 0.002
30 30 (0) 3 : 0.996 0.002 0.001
31 31 (0) 3 : 0.988 0.009 0.004
32 32 (0) 3 : 0.991 0.006 0.003
33 33 (0) 3 : 0.997 0.002 0.001
34 34 (0) 3 : 0.997 0.002 0.001
35 35 (0) 3 : 0.995 0.003 0.002
36 36 (0) 5 : 0.152 0.798 0.050
37 37 (0) 5 : 0.010 0.975 0.015
38 38 (0) 6 : 0.671 0.160 0.169
39 39 (0) 6 : 0.426 0.566 0.007
40 40 (0) 6 : 0.512 0.464 0.024
41 41 (0) 6 : 0.398 0.596 0.006
42 42 (0) 6 : 0.432 0.551 0.017
43 43 (0) 5 : 0.003 0.980 0.017
44 44 (0) 5 : 0.464 0.520 0.016
45 45 (0) 5 : 0.003 0.957 0.040
46 46 (0) 5 : 0.006 0.964 0.030
47 47 (0) 5 : 0.087 0.904 0.009
48 48 (0) 5 : 0.297 0.691 0.011
49 49 (0) 5 : 0.389 0.588 0.023
50 50 (0) 5 : 0.006 0.790 0.204
51 51 (0) 5 : 0.007 0.965 0.028
52 52 (0) 6 : 0.571 0.418 0.011
53 53 (0) 6 : 0.524 0.453 0.022
54 54 (0) 6 : 0.620 0.240 0.140
55 55 (0) 6 : 0.343 0.466 0.190
56 56 (0) 6 : 0.744 0.241 0.015
57 57 (0) 6 : 0.487 0.501 0.012
58 58 (0) 6 : 0.628 0.085 0.287
59 59 (0) 6 : 0.424 0.336 0.240
60 60 (0) 6 : 0.550 0.436 0.015
61 61 (0) 6 : 0.573 0.421 0.006
62 62 (0) 6 : 0.477 0.514 0.009
63 63 (0) 6 : 0.523 0.451 0.026
64 64 (0) 6 : 0.785 0.028 0.187
65 65 (0) 6 : 0.677 0.290 0.033
66 66 (0) 6 : 0.617 0.378 0.005
67 67 (0) 6 : 0.610 0.365 0.025
68 68 (0) 6 : 0.545 0.443 0.012
69 69 (0) 6 : 0.655 0.331 0.014
70 70 (0) 6 : 0.619 0.293 0.088
71 71 (0) 6 : 0.718 0.247 0.035
72 72 (0) 6 : 0.566 0.428 0.007
73 73 (0) 6 : 0.673 0.015 0.312
74 74 (0) 6 : 0.520 0.460 0.020
75 75 (0) 6 : 0.476 0.515 0.010
76 76 (0) 6 : 0.411 0.518 0.070
77 77 (0) 6 : 0.561 0.071 0.368
78 78 (0) 6 : 0.620 0.321 0.059
79 79 (0) 6 : 0.485 0.473 0.042
80 80 (0) 6 : 0.574 0.361 0.065
81 81 (0) 6 : 0.512 0.448 0.040
82 82 (0) 6 : 0.509 0.417 0.074
83 83 (0) 6 : 0.587 0.341 0.072
84 84 (0) 6 : 0.646 0.281 0.072
85 85 (0) 6 : 0.575 0.421 0.004
86 86 (0) 6 : 0.344 0.566 0.090
87 87 (0) 6 : 0.589 0.302 0.109
88 88 (0) 5 : 0.003 0.977 0.020
89 89 (0) 5 : 0.005 0.969 0.025
90 90 (0) 5 : 0.003 0.988 0.008
91 91 (0) 5 : 0.275 0.698 0.027
92 92 (0) 5 : 0.006 0.988 0.006
93 93 (0) 5 : 0.002 0.872 0.125
94 94 (2) 1 : 0.034 0.009 0.957
95 95 (3) 1 : 0.005 0.005 0.990
96 96 (2) 1 : 0.005 0.007 0.988
97 97 (0) 1 : 0.002 0.004 0.994
98 98 (1) 1 : 0.052 0.008 0.940
99 99 (6) 1 : 0.006 0.005 0.989
100 100 (11) 1 : 0.005 0.008 0.986
101 101 (3) 1 : 0.006 0.006 0.989
102 102 (2) 1 : 0.026 0.010 0.964
103 103 (5) 1 : 0.007 0.004 0.989
104 104 (1) 1 : 0.003 0.004 0.993
105 105 (0) 1 : 0.017 0.033 0.950
106 106 (1) 1 : 0.014 0.007 0.979
107 107 (6) 1 : 0.011 0.009 0.980
108 108 (1) 1 : 0.009 0.038 0.953
109 109 (18) 1 : 0.005 0.005 0.990
110 110 (2) 1 : 0.013 0.005 0.982
111 111 (1) 1 : 0.005 0.004 0.991
112 112 (2) 1 : 0.002 0.004 0.994
113 113 (2) 1 : 0.004 0.005 0.991
114 114 (3) 1 : 0.011 0.007 0.983
115 115 (2) 1 : 0.002 0.006 0.992
116 116 (1) 1 : 0.002 0.003 0.995
117 117 (1) 1 : 0.004 0.004 0.992
118 118 (3) 1 : 0.029 0.017 0.954
119 119 (2) 1 : 0.038 0.069 0.893
120 120 (3) 1 : 0.003 0.004 0.993
121 121 (0) 1 : 0.007 0.007 0.986
122 122 (1) 1 : 0.065 0.012 0.923
123 123 (3) 1 : 0.007 0.004 0.989
124 124 (3) 1 : 0.004 0.005 0.991
125 125 (2) 1 : 0.003 0.005 0.992
126 126 (3) 1 : 0.019 0.009 0.973
127 127 (1) 1 : 0.007 0.006 0.987
128 128 (5) 1 : 0.003 0.003 0.994
129 129 (1) 1 : 0.004 0.004 0.992
130 130 (5) 1 : 0.006 0.005 0.990
131 131 (10) 1 : 0.011 0.012 0.977
132 132 (2) 1 : 0.016 0.010 0.973
133 133 (4) 1 : 0.003 0.009 0.988
134 134 (2) 1 : 0.094 0.005 0.900
135 135 (18) 1 : 0.004 0.005 0.992
136 136 (3) 1 : 0.003 0.004 0.993
137 137 (0) 1 : 0.541 0.441 0.019
138 138 (6) 1 : 0.487 0.507 0.005
139 139 (17) 2 : 0.006 0.087 0.907
140 140 (2) 2 : 0.002 0.009 0.989
141 141 (3) 2 : 0.002 0.015 0.984
142 142 (0) 2 : 0.004 0.030 0.966
143 143 (4) 2 : 0.013 0.029 0.958
144 144 (1) 2 : 0.011 0.115 0.874
145 145 (8) 2 : 0.003 0.012 0.986
146 146 (4) 2 : 0.002 0.027 0.971
147 147 (1) 2 : 0.005 0.016 0.979
148 148 (17) 2 : 0.003 0.019 0.978
149 149 (8) 2 : 0.003 0.037 0.959
150 150 (3) 2 : 0.007 0.088 0.905
151 151 (0) 2 : 0.003 0.011 0.986
152 152 (0) 2 : 0.002 0.012 0.986
153 153 (3) 2 : 0.002 0.010 0.988
154 154 (1) 2 : 0.002 0.050 0.947
155 155 (1) 2 : 0.005 0.018 0.977
156 156 (15) 2 : 0.016 0.053 0.931
157 157 (3) 2 : 0.003 0.063 0.934
158 158 (2) 2 : 0.003 0.294 0.703
159 159 (7) 2 : 0.004 0.042 0.954
160 160 (4) 2 : 0.011 0.067 0.922
161 161 (1) 2 : 0.004 0.009 0.987
162 162 (14) 2 : 0.003 0.008 0.989
163 163 (15) 2 : 0.014 0.038 0.948
164 164 (11) 2 : 0.002 0.010 0.988
165 165 (1) 2 : 0.003 0.031 0.966
166 166 (8) 2 : 0.008 0.136 0.856
167 167 (6) 2 : 0.004 0.169 0.827
168 168 (3) 2 : 0.022 0.054 0.924
169 169 (6) 2 : 0.002 0.027 0.970
170 170 (4) 2 : 0.002 0.122 0.876
171 171 (2) 2 : 0.020 0.128 0.852
172 172 (6) 2 : 0.005 0.057 0.938
173 173 (1) 2 : 0.003 0.018 0.978
174 174 (3) 2 : 0.002 0.031 0.966
175 175 (2) 2 : 0.003 0.007 0.991
176 176 (4) 2 : 0.004 0.006 0.990
177 177 (2) 2 : 0.002 0.009 0.989
178 178 (3) 2 : 0.002 0.010 0.988
179 179 (1) 2 : 0.003 0.010 0.987
180 180 (7) 2 : 0.002 0.016 0.981
181 181 (0) 2 : 0.004 0.014 0.981
182 182 (0) 7 : 0.006 0.983 0.011
183 183 (0) 7 : 0.010 0.917 0.072
184 184 (1) 7 : 0.010 0.966 0.024
185 185 (0) 7 : 0.019 0.967 0.014
186 186 (2) 7 : 0.017 0.956 0.027
187 187 (0) 7 : 0.037 0.924 0.039
188 188 (1) 7 : 0.007 0.986 0.007
189 189 (1) 7 : 0.016 0.962 0.022
190 190 (0) 7 : 0.005 0.980 0.015
191 191 (0) 7 : 0.011 0.977 0.012
192 192 (2) 7 : 0.014 0.827 0.159
193 193 (1) 7 : 0.011 0.926 0.063
194 194 (1) 7 : 0.051 0.943 0.006
195 195 (0) 7 : 0.005 0.890 0.105
196 196 (0) 7 : 0.010 0.980 0.011
197 197 (1) 7 : 0.027 0.962 0.011
198 198 (1) 7 : 0.006 0.988 0.007
199 199 (0) 7 : 0.024 0.968 0.007
200 200 (0) 7 : 0.029 0.670 0.301
201 201 (1) 7 : 0.006 0.775 0.219
202 202 (0) 7 : 0.006 0.990 0.003
203 203 (1) 7 : 0.009 0.970 0.021
204 204 (1) 7 : 0.110 0.490 0.400
205 205 (0) 7 : 0.031 0.951 0.018
206 206 (2) 7 : 0.008 0.770 0.222
207 207 (2) 7 : 0.120 0.875 0.005
208 208 (2) 7 : 0.030 0.928 0.042
209 209 (0) 7 : 0.121 0.856 0.023
210 210 (1) 7 : 0.015 0.972 0.013
211 211 (0) 7 : 0.008 0.981 0.011
212 212 (10) 7 : 0.007 0.978 0.015
213 213 (1) 7 : 0.010 0.982 0.008
214 214 (0) 7 : 0.007 0.985 0.009
215 215 (2) 7 : 0.019 0.420 0.561
216 216 (1) 4 : 0.081 0.039 0.881
217 217 (1) 4 : 0.155 0.033 0.812
218 218 (1) 4 : 0.135 0.013 0.852
219 219 (1) 4 : 0.082 0.016 0.902
220 220 (1) 4 : 0.028 0.049 0.922
221 221 (1) 4 : 0.135 0.022 0.844
222 222 (10) 4 : 0.046 0.023 0.932
223 223 (2) 4 : 0.055 0.053 0.891
224 224 (0) 4 : 0.032 0.025 0.943
225 225 (2) 4 : 0.071 0.082 0.847
226 226 (0) 4 : 0.019 0.009 0.972
