1.0000	0.9744	0.9704	0.9713	0.5366	0.5364	0.9781	0.9741	0.9604	0.9835
0.9744	1.0000	0.9799	0.9798	0.5366	0.5344	0.9785	0.9715	0.9475	0.9768
0.9704	0.9799	1.0000	0.9726	0.5382	0.5354	0.9742	0.9689	0.9453	0.9715
0.9713	0.9798	0.9726	1.0000	0.5373	0.5338	0.9773	0.9662	0.9430	0.9742
0.5366	0.5366	0.5382	0.5373	1.0000	0.7101	0.5369	0.5372	0.5360	0.5367
0.5364	0.5344	0.5354	0.5338	0.7101	1.0000	0.5364	0.5373	0.5407	0.5362
0.9781	0.9785	0.9742	0.9773	0.5369	0.5364	1.0000	0.9720	0.9558	0.9814
0.9741	0.9715	0.9689	0.9662	0.5372	0.5373	0.9720	1.0000	0.9644	0.9731
0.9604	0.9475	0.9453	0.9430	0.5360	0.5407	0.9558	0.9644	1.0000	0.9577
0.9835	0.9768	0.9715	0.9742	0.5367	0.5362	0.9814	0.9731	0.9577	1.0000
