-------------------------------------------------------------------------------
 L       Percentage of nodes in the largest component
 D       Percentage of nodes in components of size at most 3 [-div option]
 R       Percentage of nodes not in L or D: 100 - L -D
 S       Percentage of nodes that are singletons
 E       Fraction of edges retained (input graph has 90)
 cce     Expected size of component, nodewise [ sum(sz^2) / sum^2(sz) ]
 EW      Edge weight traits (mean, median and IQR)
 ND      Node degree traits [mean, median and IQR]
 CCF     Clustering coefficient (scale 1-100)
 eff     Induced component efficiency relative to start graph (scale 1-1000)
Total number of nodes: 10
----------------------------------------------------------------------------------------------
  L   D   R   S     E     cce  EWmean   EWmed   EWiqr  NDmean   NDmed  NDiqr CCF  eff  Cutoff 
----------------------------------------------------------------------------------------------
100   0   0   0 1.000      10    0.81    0.96    0.44     9.0     9.5    0.5   -    -     0.50
100   0   0   0 1.000      10    0.81    0.96    0.44     9.0     9.5    0.5   -    -     0.51
100   0   0   0 1.000      10    0.81    0.96    0.44     9.0     9.5    0.5   -    -     0.52
100   0   0   0 1.000      10    0.81    0.96    0.44     9.0     9.5    0.5   -    -     0.53
100   0   0   0 0.667      10    0.95    0.97    0.02     6.0     7.5    0.5   -    -     0.54
 80  20   0   0 0.644       7    0.96    0.97    0.01     5.8     7.5    0.5   -    -     0.55
 80  20   0   0 0.644       7    0.96    0.97    0.01     5.8     7.5    0.5   -    -     0.56
 80  20   0   0 0.644       7    0.96    0.97    0.01     5.8     7.5    0.5   -    -     0.57
 80  20   0   0 0.644       7    0.96    0.97    0.01     5.8     7.5    0.5   -    -     0.58
 80  20   0   0 0.644       7    0.96    0.97    0.01     5.8     7.5    0.5   -    -     0.59
 80  20   0   0 0.644       7    0.96    0.97    0.01     5.8     7.5    0.5   -    -     0.60
 80  20   0   0 0.644       7    0.96    0.97    0.01     5.8     7.5    0.5   -    -     0.61
 80  20   0   0 0.644       7    0.96    0.97    0.01     5.8     7.5    0.5   -    -     0.62
 80  20   0   0 0.644       7    0.96    0.97    0.01     5.8     7.5    0.5   -    -     0.63
 80  20   0   0 0.644       7    0.96    0.97    0.01     5.8     7.5    0.5   -    -     0.64
 80  20   0   0 0.644       7    0.96    0.97    0.01     5.8     7.5    0.5   -    -     0.65
 80  20   0   0 0.644       7    0.96    0.97    0.01     5.8     7.5    0.5   -    -     0.66
 80  20   0   0 0.644       7    0.96    0.97    0.01     5.8     7.5    0.5   -    -     0.67
 80  20   0   0 0.644       7    0.96    0.97    0.01     5.8     7.5    0.5   -    -     0.68
 80  20   0   0 0.644       7    0.96    0.97    0.01     5.8     7.5    0.5   -    -     0.69
 80  20   0   0 0.644       7    0.96    0.97    0.01     5.8     7.5    0.5   -    -     0.70
 80  20   0   0 0.644       7    0.96    0.97    0.01     5.8     7.5    0.5   -    -     0.71
 80  20   0  20 0.622       7    0.97    0.97    0.01     5.6     7.5    0.5   -    -     0.72
 80  20   0  20 0.622       7    0.97    0.97    0.01     5.6     7.5    0.5   -    -     0.73
 80  20   0  20 0.622       7    0.97    0.97    0.01     5.6     7.5    0.5   -    -     0.74
 80  20   0  20 0.622       7    0.97    0.97    0.01     5.6     7.5    0.5   -    -     0.75
 80  20   0  20 0.622       7    0.97    0.97    0.01     5.6     7.5    0.5   -    -     0.76
 80  20   0  20 0.622       7    0.97    0.97    0.01     5.6     7.5    0.5   -    -     0.77
 80  20   0  20 0.622       7    0.97    0.97    0.01     5.6     7.5    0.5   -    -     0.78
 80  20   0  20 0.622       7    0.97    0.97    0.01     5.6     7.5    0.5   -    -     0.79
 80  20   0  20 0.622       7    0.97    0.97    0.01     5.6     7.5    0.5   -    -     0.80
 80  20   0  20 0.622       7    0.97    0.97    0.01     5.6     7.5    0.5   -    -     0.81
 80  20   0  20 0.622       7    0.97    0.97    0.01     5.6     7.5    0.5   -    -     0.82
 80  20   0  20 0.622       7    0.97    0.97    0.01     5.6     7.5    0.5   -    -     0.83
 80  20   0  20 0.622       7    0.97    0.97    0.01     5.6     7.5    0.5   -    -     0.84
 80  20   0  20 0.622       7    0.97    0.97    0.01     5.6     7.5    0.5   -    -     0.85
 80  20   0  20 0.622       7    0.97    0.97    0.01     5.6     7.5    0.5   -    -     0.86
 80  20   0  20 0.622       7    0.97    0.97    0.01     5.6     7.5    0.5   -    -     0.87
 80  20   0  20 0.622       7    0.97    0.97    0.01     5.6     7.5    0.5   -    -     0.88
 80  20   0  20 0.622       7    0.97    0.97    0.01     5.6     7.5    0.5   -    -     0.89
 80  20   0  20 0.622       7    0.97    0.97    0.01     5.6     7.5    0.5   -    -     0.90
 80  20   0  20 0.622       7    0.97    0.97    0.01     5.6     7.5    0.5   -    -     0.91
 80  20   0  20 0.622       7    0.97    0.97    0.01     5.6     7.5    0.5   -    -     0.92
 80  20   0  20 0.622       7    0.97    0.97    0.01     5.6     7.5    0.5   -    -     0.93
 80  20   0  20 0.622       7    0.97    0.97    0.01     5.6     7.5    0.5   -    -     0.94
 80  20   0  20 0.556       7    0.97    0.97    0.01     5.0     6.5    2.5   -    -     0.95
 80  20   0  20 0.511       7    0.97    0.97    0.01     4.6     6.5    2.5   -    -     0.96
 70  30   0  30 0.422       5    0.98    0.97    0.01     3.8     5.5    4.5   -    -     0.97
  0 100   0  70 0.044       2    0.98    0.98    0.00     0.4     0.5    1.0   -    -     0.98
  0 100   0 100 0.000       1    0.00    0.00    0.00     0.0     0.5    0.5   -    -     0.99
---------------------------------------------------------------------------------------------
