1 1 (0) 3 : 0.001 0.001 0.002 0.002 0.001 0.001 0.001 0.991
2 2 (0) 3 : 0.002 0.001 0.010 0.007 0.002 0.006 0.005 0.965
3 3 (0) 3 : 0.000 0.001 0.001 0.001 0.000 0.001 0.000 0.994
4 4 (0) 3 : 0.001 0.001 0.002 0.002 0.001 0.002 0.001 0.990
5 5 (0) 3 : 0.001 0.000 0.001 0.002 0.001 0.001 0.001 0.994
6 6 (0) 3 : 0.001 0.002 0.001 0.002 0.001 0.001 0.003 0.989
7 7 (0) 3 : 0.001 0.001 0.001 0.002 0.001 0.001 0.001 0.993
8 8 (0) 3 : 0.001 0.001 0.005 0.005 0.001 0.005 0.001 0.981
9 9 (0) 3 : 0.001 0.000 0.001 0.001 0.001 0.001 0.002 0.993
10 10 (0) 3 : 0.002 0.001 0.010 0.006 0.006 0.012 0.002 0.960
11 11 (0) 3 : 0.001 0.001 0.004 0.058 0.001 0.009 0.008 0.918
12 12 (0) 3 : 0.003 0.002 0.002 0.005 0.001 0.006 0.004 0.976
13 13 (0) 3 : 0.000 0.000 0.001 0.002 0.001 0.001 0.000 0.995
14 14 (0) 3 : 0.001 0.001 0.001 0.009 0.002 0.008 0.002 0.976
15 15 (0) 3 : 0.001 0.001 0.001 0.001 0.001 0.001 0.001 0.993
16 16 (0) 3 : 0.001 0.000 0.001 0.005 0.001 0.002 0.001 0.989
17 17 (0) 3 : 0.001 0.001 0.011 0.002 0.000 0.018 0.001 0.966
18 18 (0) 3 : 0.003 0.008 0.005 0.003 0.011 0.032 0.007 0.933
19 19 (0) 3 : 0.001 0.001 0.001 0.002 0.000 0.001 0.001 0.994
20 20 (0) 3 : 0.001 0.001 0.002 0.001 0.001 0.002 0.001 0.992
21 21 (0) 3 : 0.001 0.001 0.002 0.002 0.002 0.005 0.002 0.985
22 22 (0) 3 : 0.001 0.002 0.012 0.005 0.001 0.006 0.004 0.967
23 23 (0) 3 : 0.000 0.000 0.001 0.002 0.001 0.002 0.001 0.993
24 24 (0) 3 : 0.000 0.001 0.001 0.002 0.001 0.002 0.001 0.993
25 25 (0) 3 : 0.001 0.001 0.001 0.002 0.001 0.001 0.002 0.990
26 26 (0) 3 : 0.001 0.000 0.001 0.001 0.001 0.001 0.002 0.994
27 27 (0) 3 : 0.001 0.001 0.001 0.001 0.000 0.002 0.001 0.994
28 28 (0) 3 : 0.001 0.001 0.003 0.006 0.003 0.003 0.002 0.982
29 29 (0) 3 : 0.001 0.001 0.001 0.001 0.000 0.002 0.001 0.992
30 30 (0) 3 : 0.000 0.000 0.001 0.001 0.001 0.001 0.001 0.995
31 31 (0) 3 : 0.001 0.003 0.004 0.010 0.002 0.003 0.005 0.972
32 32 (0) 3 : 0.001 0.001 0.003 0.003 0.001 0.003 0.002 0.986
33 33 (0) 3 : 0.001 0.000 0.001 0.001 0.000 0.001 0.001 0.995
34 34 (0) 3 : 0.000 0.000 0.001 0.002 0.001 0.001 0.001 0.995
35 35 (0) 3 : 0.001 0.000 0.001 0.002 0.001 0.002 0.001 0.993
36 36 (0) 5 : 0.013 0.008 0.374 0.005 0.021 0.063 0.475 0.040
37 37 (0) 5 : 0.003 0.018 0.005 0.003 0.002 0.007 0.958 0.004
38 38 (0) 6 : 0.001 0.001 0.002 0.192 0.001 0.792 0.001 0.010
39 39 (0) 6 : 0.002 0.001 0.923 0.001 0.002 0.016 0.005 0.051
40 40 (0) 6 : 0.001 0.002 0.800 0.002 0.005 0.006 0.001 0.183
41 41 (0) 6 : 0.004 0.002 0.296 0.015 0.002 0.641 0.035 0.005
42 42 (0) 6 : 0.002 0.008 0.060 0.314 0.019 0.503 0.082 0.012
43 43 (0) 5 : 0.005 0.228 0.278 0.002 0.002 0.002 0.483 0.001
44 44 (0) 5 : 0.002 0.011 0.147 0.027 0.004 0.744 0.037 0.028
45 45 (0) 5 : 0.057 0.022 0.004 0.002 0.002 0.002 0.910 0.001
46 46 (0) 5 : 0.002 0.005 0.004 0.002 0.024 0.005 0.956 0.001
47 47 (0) 5 : 0.002 0.010 0.391 0.019 0.003 0.035 0.535 0.006
48 48 (0) 5 : 0.003 0.005 0.929 0.004 0.004 0.011 0.029 0.015
49 49 (0) 5 : 0.004 0.028 0.257 0.010 0.004 0.603 0.086 0.007
50 50 (0) 5 : 0.003 0.097 0.042 0.001 0.139 0.012 0.704 0.002
51 51 (0) 5 : 0.011 0.012 0.025 0.006 0.009 0.008 0.926 0.002
52 52 (0) 6 : 0.001 0.001 0.007 0.024 0.001 0.905 0.004 0.058
53 53 (0) 6 : 0.007 0.015 0.167 0.009 0.003 0.688 0.005 0.106
54 54 (0) 6 : 0.004 0.003 0.033 0.106 0.005 0.778 0.014 0.058
55 55 (0) 6 : 0.004 0.005 0.561 0.009 0.093 0.312 0.008 0.007
56 56 (0) 6 : 0.001 0.001 0.002 0.977 0.001 0.003 0.001 0.014
57 57 (0) 6 : 0.001 0.002 0.532 0.008 0.002 0.384 0.013 0.057
58 58 (0) 6 : 0.014 0.003 0.029 0.445 0.015 0.482 0.003 0.007
59 59 (0) 6 : 0.007 0.006 0.811 0.008 0.039 0.080 0.012 0.038
60 60 (0) 6 : 0.001 0.001 0.002 0.991 0.001 0.002 0.001 0.001
61 61 (0) 6 : 0.001 0.001 0.001 0.990 0.001 0.003 0.002 0.002
62 62 (0) 6 : 0.001 0.002 0.008 0.029 0.001 0.947 0.005 0.007
63 63 (0) 6 : 0.001 0.001 0.004 0.005 0.001 0.977 0.002 0.009
64 64 (0) 6 : 0.007 0.002 0.010 0.004 0.003 0.552 0.001 0.421
65 65 (0) 6 : 0.004 0.001 0.250 0.007 0.001 0.306 0.006 0.424
66 66 (0) 6 : 0.002 0.006 0.068 0.004 0.001 0.144 0.257 0.519
67 67 (0) 6 : 0.001 0.022 0.100 0.027 0.009 0.118 0.204 0.519
68 68 (0) 6 : 0.001 0.001 0.002 0.992 0.001 0.001 0.002 0.001
69 69 (0) 6 : 0.005 0.004 0.057 0.004 0.001 0.477 0.012 0.439
70 70 (0) 6 : 0.002 0.002 0.005 0.960 0.002 0.017 0.002 0.009
71 71 (0) 6 : 0.002 0.001 0.003 0.983 0.001 0.003 0.001 0.005
72 72 (0) 6 : 0.001 0.002 0.002 0.990 0.001 0.002 0.002 0.002
73 73 (0) 6 : 0.008 0.004 0.002 0.635 0.055 0.277 0.004 0.014
74 74 (0) 6 : 0.004 0.001 0.002 0.004 0.002 0.981 0.003 0.003
75 75 (0) 6 : 0.001 0.001 0.042 0.003 0.001 0.934 0.003 0.015
76 76 (0) 6 : 0.004 0.029 0.017 0.004 0.005 0.927 0.006 0.009
77 77 (0) 6 : 0.130 0.021 0.080 0.607 0.012 0.129 0.006 0.015
78 78 (0) 6 : 0.005 0.001 0.006 0.061 0.002 0.912 0.002 0.013
79 79 (0) 6 : 0.005 0.009 0.057 0.002 0.001 0.918 0.003 0.006
80 80 (0) 6 : 0.002 0.002 0.001 0.069 0.002 0.919 0.002 0.004
81 81 (0) 6 : 0.002 0.001 0.005 0.004 0.002 0.975 0.002 0.009
82 82 (0) 6 : 0.003 0.009 0.117 0.007 0.010 0.707 0.027 0.120
83 83 (0) 6 : 0.004 0.003 0.015 0.565 0.001 0.403 0.004 0.005
84 84 (0) 6 : 0.002 0.002 0.001 0.201 0.001 0.782 0.002 0.009
85 85 (0) 6 : 0.001 0.001 0.001 0.992 0.001 0.001 0.002 0.002
86 86 (0) 6 : 0.006 0.004 0.935 0.006 0.005 0.039 0.002 0.002
87 87 (0) 6 : 0.010 0.002 0.183 0.063 0.003 0.679 0.006 0.055
88 88 (0) 5 : 0.002 0.245 0.282 0.002 0.002 0.004 0.462 0.001
89 89 (0) 5 : 0.008 0.021 0.004 0.002 0.006 0.005 0.952 0.002
90 90 (0) 5 : 0.002 0.004 0.004 0.002 0.001 0.001 0.984 0.002
91 91 (0) 5 : 0.004 0.003 0.240 0.007 0.005 0.365 0.365 0.011
92 92 (0) 5 : 0.002 0.004 0.035 0.002 0.002 0.004 0.951 0.002
93 93 (0) 5 : 0.002 0.122 0.004 0.001 0.024 0.003 0.842 0.002
94 94 (2) 1 : 0.035 0.003 0.030 0.008 0.909 0.009 0.002 0.003
95 95 (3) 1 : 0.002 0.001 0.002 0.001 0.988 0.003 0.002 0.001
96 96 (2) 1 : 0.001 0.001 0.001 0.001 0.992 0.001 0.002 0.001
97 97 (0) 1 : 0.003 0.005 0.001 0.001 0.986 0.001 0.002 0.001
98 98 (1) 1 : 0.010 0.004 0.008 0.003 0.945 0.021 0.005 0.004
99 99 (6) 1 : 0.001 0.006 0.001 0.003 0.983 0.001 0.002 0.002
100 100 (11) 1 : 0.002 0.003 0.002 0.002 0.982 0.002 0.004 0.002
101 101 (3) 1 : 0.002 0.002 0.002 0.001 0.988 0.002 0.001 0.001
102 102 (2) 1 : 0.006 0.005 0.004 0.004 0.969 0.005 0.004 0.003
103 103 (5) 1 : 0.033 0.004 0.003 0.002 0.947 0.003 0.006 0.002
104 104 (1) 1 : 0.002 0.003 0.001 0.001 0.990 0.001 0.002 0.001
105 105 (0) 1 : 0.039 0.004 0.010 0.004 0.912 0.003 0.024 0.003
106 106 (1) 1 : 0.001 0.007 0.012 0.002 0.967 0.002 0.003 0.007
107 107 (6) 1 : 0.001 0.003 0.003 0.004 0.980 0.004 0.003 0.002
108 108 (1) 1 : 0.002 0.005 0.011 0.004 0.915 0.004 0.058 0.001
109 109 (18) 1 : 0.015 0.005 0.006 0.002 0.964 0.004 0.003 0.001
110 110 (2) 1 : 0.003 0.009 0.002 0.003 0.976 0.003 0.004 0.001
111 111 (1) 1 : 0.001 0.002 0.001 0.001 0.992 0.001 0.001 0.001
112 112 (2) 1 : 0.004 0.004 0.001 0.001 0.988 0.001 0.002 0.001
113 113 (2) 1 : 0.003 0.004 0.001 0.001 0.986 0.001 0.003 0.001
114 114 (3) 1 : 0.005 0.002 0.002 0.002 0.981 0.003 0.002 0.003
115 115 (2) 1 : 0.001 0.003 0.001 0.001 0.990 0.001 0.002 0.001
116 116 (1) 1 : 0.002 0.002 0.001 0.001 0.993 0.001 0.001 0.001
117 117 (1) 1 : 0.003 0.003 0.001 0.001 0.989 0.001 0.002 0.001
118 118 (3) 1 : 0.028 0.004 0.014 0.002 0.913 0.021 0.011 0.006
119 119 (2) 1 : 0.007 0.021 0.019 0.005 0.835 0.023 0.081 0.008
120 120 (3) 1 : 0.001 0.004 0.001 0.001 0.988 0.001 0.003 0.001
121 121 (0) 1 : 0.001 0.002 0.002 0.001 0.990 0.002 0.001 0.001
122 122 (1) 1 : 0.002 0.002 0.010 0.003 0.961 0.008 0.002 0.011
123 123 (3) 1 : 0.004 0.003 0.003 0.002 0.983 0.002 0.002 0.002
124 124 (3) 1 : 0.007 0.008 0.002 0.001 0.973 0.002 0.006 0.001
125 125 (2) 1 : 0.006 0.168 0.001 0.001 0.819 0.002 0.002 0.001
126 126 (3) 1 : 0.003 0.003 0.002 0.003 0.983 0.002 0.002 0.002
127 127 (1) 1 : 0.002 0.002 0.001 0.001 0.990 0.001 0.001 0.001
128 128 (5) 1 : 0.001 0.006 0.001 0.002 0.988 0.001 0.001 0.001
129 129 (1) 1 : 0.003 0.002 0.001 0.001 0.989 0.001 0.002 0.001
130 130 (5) 1 : 0.002 0.001 0.001 0.001 0.991 0.001 0.001 0.001
131 131 (10) 1 : 0.021 0.016 0.017 0.005 0.928 0.004 0.004 0.005
132 132 (2) 1 : 0.005 0.023 0.008 0.004 0.933 0.009 0.013 0.004
133 133 (4) 1 : 0.002 0.052 0.005 0.001 0.915 0.004 0.020 0.001
134 134 (2) 1 : 0.005 0.002 0.006 0.016 0.946 0.008 0.003 0.012
135 135 (18) 1 : 0.005 0.011 0.002 0.002 0.975 0.001 0.002 0.001
136 136 (3) 1 : 0.004 0.031 0.002 0.001 0.958 0.002 0.002 0.001
137 137 (0) 1 : 0.001 0.001 0.769 0.065 0.001 0.004 0.002 0.157
138 138 (6) 1 : 0.005 0.002 0.923 0.021 0.001 0.011 0.005 0.033
139 139 (17) 2 : 0.003 0.980 0.002 0.001 0.004 0.002 0.005 0.003
140 140 (2) 2 : 0.001 0.987 0.001 0.001 0.006 0.001 0.001 0.001
141 141 (3) 2 : 0.001 0.995 0.001 0.000 0.001 0.001 0.001 0.000
142 142 (0) 2 : 0.004 0.978 0.001 0.003 0.008 0.001 0.004 0.001
143 143 (4) 2 : 0.004 0.980 0.003 0.002 0.002 0.002 0.004 0.003
144 144 (1) 2 : 0.002 0.973 0.006 0.004 0.002 0.004 0.007 0.002
145 145 (8) 2 : 0.007 0.982 0.001 0.001 0.002 0.002 0.003 0.001
146 146 (4) 2 : 0.001 0.988 0.001 0.001 0.005 0.001 0.002 0.001
147 147 (1) 2 : 0.005 0.962 0.002 0.002 0.017 0.005 0.003 0.004
148 148 (17) 2 : 0.001 0.994 0.001 0.001 0.001 0.001 0.001 0.001
149 149 (8) 2 : 0.006 0.969 0.003 0.002 0.009 0.002 0.007 0.001
150 150 (3) 2 : 0.004 0.982 0.003 0.003 0.001 0.001 0.004 0.002
151 151 (0) 2 : 0.001 0.987 0.002 0.002 0.003 0.002 0.002 0.001
152 152 (0) 2 : 0.005 0.984 0.002 0.001 0.006 0.001 0.001 0.001
153 153 (3) 2 : 0.003 0.985 0.001 0.000 0.004 0.002 0.004 0.001
154 154 (1) 2 : 0.004 0.977 0.003 0.000 0.004 0.001 0.008 0.001
155 155 (1) 2 : 0.002 0.985 0.001 0.004 0.002 0.001 0.002 0.002
156 156 (15) 2 : 0.002 0.989 0.002 0.001 0.001 0.001 0.002 0.001
157 157 (3) 2 : 0.001 0.989 0.001 0.002 0.002 0.001 0.003 0.001
158 158 (2) 2 : 0.003 0.958 0.009 0.006 0.002 0.004 0.016 0.003
159 159 (7) 2 : 0.005 0.917 0.035 0.003 0.007 0.005 0.020 0.007
160 160 (4) 2 : 0.004 0.946 0.011 0.007 0.005 0.021 0.003 0.002
161 161 (1) 2 : 0.003 0.981 0.002 0.001 0.005 0.001 0.004 0.002
162 162 (14) 2 : 0.001 0.992 0.001 0.001 0.002 0.001 0.001 0.001
163 163 (15) 2 : 0.002 0.975 0.003 0.002 0.005 0.005 0.005 0.003
164 164 (11) 2 : 0.002 0.992 0.001 0.001 0.002 0.001 0.001 0.001
165 165 (1) 2 : 0.003 0.977 0.003 0.002 0.008 0.001 0.004 0.001
166 166 (8) 2 : 0.002 0.949 0.010 0.010 0.007 0.012 0.007 0.004
167 167 (6) 2 : 0.007 0.947 0.003 0.004 0.002 0.001 0.030 0.006
168 168 (3) 2 : 0.058 0.870 0.022 0.012 0.009 0.019 0.004 0.006
169 169 (6) 2 : 0.081 0.888 0.003 0.004 0.014 0.006 0.002 0.001
170 170 (4) 2 : 0.007 0.980 0.002 0.001 0.003 0.002 0.004 0.001
171 171 (2) 2 : 0.003 0.943 0.010 0.010 0.007 0.012 0.012 0.005
172 172 (6) 2 : 0.037 0.949 0.001 0.002 0.003 0.002 0.005 0.001
173 173 (1) 2 : 0.004 0.979 0.003 0.002 0.004 0.002 0.005 0.001
174 174 (3) 2 : 0.003 0.987 0.002 0.001 0.002 0.002 0.004 0.001
175 175 (2) 2 : 0.006 0.955 0.001 0.003 0.030 0.002 0.001 0.001
176 176 (4) 2 : 0.028 0.916 0.002 0.002 0.047 0.002 0.001 0.001
177 177 (2) 2 : 0.087 0.855 0.003 0.001 0.046 0.001 0.005 0.003
178 178 (3) 2 : 0.002 0.992 0.001 0.001 0.002 0.001 0.001 0.001
179 179 (1) 2 : 0.004 0.987 0.001 0.002 0.003 0.001 0.001 0.001
180 180 (7) 2 : 0.003 0.980 0.004 0.002 0.004 0.003 0.003 0.001
181 181 (0) 2 : 0.003 0.983 0.002 0.001 0.005 0.002 0.002 0.002
182 182 (0) 7 : 0.001 0.005 0.004 0.001 0.003 0.003 0.981 0.002
183 183 (0) 7 : 0.002 0.039 0.019 0.014 0.008 0.011 0.904 0.003
184 184 (1) 7 : 0.017 0.004 0.003 0.007 0.007 0.003 0.956 0.003
185 185 (0) 7 : 0.003 0.003 0.056 0.004 0.008 0.008 0.915 0.005
186 186 (2) 7 : 0.026 0.007 0.015 0.005 0.005 0.020 0.918 0.004
187 187 (0) 7 : 0.005 0.024 0.014 0.007 0.004 0.008 0.924 0.015
188 188 (1) 7 : 0.001 0.003 0.007 0.007 0.005 0.007 0.970 0.001
189 189 (1) 7 : 0.002 0.257 0.007 0.002 0.004 0.481 0.246 0.002
190 190 (0) 7 : 0.004 0.010 0.002 0.003 0.002 0.002 0.975 0.003
191 191 (0) 7 : 0.001 0.001 0.003 0.002 0.007 0.005 0.979 0.001
192 192 (2) 7 : 0.197 0.016 0.004 0.025 0.009 0.004 0.741 0.002
193 193 (1) 7 : 0.002 0.005 0.003 0.002 0.029 0.003 0.953 0.003
194 194 (1) 7 : 0.009 0.002 0.016 0.011 0.002 0.019 0.925 0.017
195 195 (0) 7 : 0.009 0.013 0.005 0.003 0.023 0.001 0.945 0.001
196 196 (0) 7 : 0.001 0.003 0.006 0.004 0.005 0.002 0.976 0.003
197 197 (1) 7 : 0.003 0.003 0.004 0.003 0.004 0.006 0.971 0.006
198 198 (1) 7 : 0.001 0.002 0.003 0.001 0.001 0.001 0.989 0.002
199 199 (0) 7 : 0.001 0.003 0.005 0.004 0.002 0.027 0.951 0.007
200 200 (0) 7 : 0.046 0.003 0.011 0.005 0.273 0.020 0.637 0.005
201 201 (1) 7 : 0.003 0.317 0.009 0.004 0.010 0.003 0.651 0.003
202 202 (0) 7 : 0.001 0.002 0.001 0.002 0.001 0.002 0.989 0.001
203 203 (1) 7 : 0.003 0.008 0.003 0.002 0.003 0.002 0.977 0.002
204 204 (1) 7 : 0.006 0.025 0.024 0.008 0.276 0.020 0.618 0.022
205 205 (0) 7 : 0.004 0.004 0.005 0.004 0.011 0.010 0.953 0.008
206 206 (2) 7 : 0.008 0.235 0.006 0.002 0.008 0.003 0.734 0.004
207 207 (2) 7 : 0.001 0.003 0.015 0.007 0.001 0.009 0.926 0.039
208 208 (2) 7 : 0.012 0.033 0.304 0.006 0.016 0.058 0.567 0.004
209 209 (0) 7 : 0.001 0.017 0.032 0.004 0.003 0.027 0.857 0.060
210 210 (1) 7 : 0.004 0.001 0.004 0.006 0.008 0.005 0.967 0.006
211 211 (0) 7 : 0.004 0.008 0.002 0.001 0.002 0.002 0.980 0.002
212 212 (10) 7 : 0.005 0.071 0.002 0.003 0.002 0.005 0.911 0.002
213 213 (1) 7 : 0.001 0.009 0.010 0.007 0.004 0.003 0.963 0.003
214 214 (0) 7 : 0.003 0.012 0.020 0.005 0.003 0.016 0.939 0.002
215 215 (2) 7 : 0.097 0.028 0.007 0.005 0.310 0.001 0.549 0.003
216 216 (1) 4 : 0.995 0.001 0.001 0.001 0.001 0.000 0.001 0.001
217 217 (1) 4 : 0.989 0.002 0.001 0.001 0.001 0.003 0.002 0.002
218 218 (1) 4 : 0.993 0.001 0.001 0.001 0.001 0.001 0.001 0.001
219 219 (1) 4 : 0.995 0.000 0.001 0.001 0.001 0.001 0.001 0.001
220 220 (1) 4 : 0.719 0.174 0.004 0.002 0.080 0.002 0.016 0.003
221 221 (1) 4 : 0.984 0.003 0.003 0.001 0.004 0.003 0.002 0.001
222 222 (10) 4 : 0.979 0.005 0.002 0.006 0.004 0.002 0.002 0.001
223 223 (2) 4 : 0.992 0.002 0.001 0.001 0.003 0.001 0.001 0.000
224 224 (0) 4 : 0.983 0.002 0.004 0.001 0.006 0.001 0.002 0.002
225 225 (2) 4 : 0.995 0.001 0.001 0.001 0.001 0.000 0.001 0.001
226 226 (0) 4 : 0.994 0.001 0.001 0.001 0.001 0.001 0.001 0.001
1 1 (0) 3 : 0.002 0.001 0.001 0.001 0.002 0.001 0.001 0.991
2 2 (0) 3 : 0.007 0.001 0.002 0.008 0.008 0.004 0.002 0.967
3 3 (0) 3 : 0.001 0.001 0.001 0.001 0.001 0.001 0.001 0.993
4 4 (0) 3 : 0.002 0.001 0.001 0.003 0.003 0.001 0.001 0.989
5 5 (0) 3 : 0.001 0.001 0.000 0.001 0.001 0.001 0.000 0.994
6 6 (0) 3 : 0.002 0.001 0.001 0.004 0.001 0.002 0.001 0.987
7 7 (0) 3 : 0.001 0.001 0.001 0.001 0.001 0.001 0.001 0.994
8 8 (0) 3 : 0.007 0.001 0.000 0.005 0.002 0.001 0.001 0.983
9 9 (0) 3 : 0.001 0.001 0.001 0.002 0.003 0.001 0.000 0.991
10 10 (0) 3 : 0.005 0.004 0.003 0.009 0.014 0.003 0.001 0.960
11 11 (0) 3 : 0.050 0.001 0.001 0.010 0.006 0.011 0.001 0.919
12 12 (0) 3 : 0.007 0.002 0.003 0.009 0.002 0.005 0.001 0.972
13 13 (0) 3 : 0.001 0.000 0.001 0.001 0.001 0.000 0.000 0.996
14 14 (0) 3 : 0.009 0.002 0.001 0.002 0.001 0.002 0.001 0.982
15 15 (0) 3 : 0.001 0.001 0.001 0.001 0.001 0.001 0.001 0.992
16 16 (0) 3 : 0.004 0.000 0.001 0.002 0.001 0.001 0.000 0.990
17 17 (0) 3 : 0.002 0.001 0.001 0.002 0.015 0.001 0.001 0.979
18 18 (0) 3 : 0.002 0.009 0.002 0.015 0.005 0.013 0.013 0.942
19 19 (0) 3 : 0.002 0.000 0.000 0.001 0.001 0.001 0.000 0.994
20 20 (0) 3 : 0.002 0.001 0.001 0.002 0.002 0.001 0.001 0.992
21 21 (0) 3 : 0.002 0.001 0.001 0.002 0.002 0.002 0.001 0.989
22 22 (0) 3 : 0.008 0.002 0.002 0.005 0.010 0.004 0.002 0.968
23 23 (0) 3 : 0.002 0.000 0.001 0.001 0.001 0.001 0.000 0.994
24 24 (0) 3 : 0.002 0.001 0.001 0.002 0.001 0.001 0.001 0.993
25 25 (0) 3 : 0.002 0.001 0.001 0.003 0.001 0.002 0.001 0.988
26 26 (0) 3 : 0.001 0.001 0.001 0.001 0.001 0.002 0.001 0.993
27 27 (0) 3 : 0.001 0.001 0.001 0.001 0.002 0.001 0.000 0.994
28 28 (0) 3 : 0.006 0.004 0.001 0.002 0.003 0.002 0.001 0.982
29 29 (0) 3 : 0.001 0.000 0.001 0.002 0.002 0.001 0.000 0.993
30 30 (0) 3 : 0.001 0.001 0.000 0.001 0.001 0.001 0.000 0.995
31 31 (0) 3 : 0.009 0.001 0.002 0.004 0.002 0.004 0.003 0.974
32 32 (0) 3 : 0.004 0.001 0.001 0.004 0.005 0.002 0.001 0.983
33 33 (0) 3 : 0.002 0.000 0.001 0.001 0.001 0.001 0.001 0.994
34 34 (0) 3 : 0.001 0.001 0.001 0.001 0.001 0.001 0.000 0.995
35 35 (0) 3 : 0.001 0.001 0.001 0.003 0.001 0.001 0.001 0.992
36 36 (0) 5 : 0.004 0.011 0.009 0.114 0.195 0.639 0.003 0.023
37 37 (0) 5 : 0.002 0.002 0.004 0.002 0.006 0.956 0.025 0.004
38 38 (0) 6 : 0.208 0.002 0.001 0.773 0.003 0.001 0.002 0.009
39 39 (0) 6 : 0.001 0.001 0.002 0.002 0.972 0.004 0.001 0.018
40 40 (0) 6 : 0.003 0.002 0.002 0.006 0.854 0.002 0.002 0.128
41 41 (0) 6 : 0.016 0.002 0.001 0.761 0.100 0.106 0.003 0.011
42 42 (0) 6 : 0.319 0.008 0.002 0.533 0.009 0.088 0.017 0.024
43 43 (0) 5 : 0.002 0.002 0.002 0.002 0.207 0.524 0.259 0.001
44 44 (0) 5 : 0.066 0.006 0.001 0.852 0.018 0.034 0.005 0.018
45 45 (0) 5 : 0.002 0.004 0.040 0.002 0.002 0.932 0.018 0.001
46 46 (0) 5 : 0.003 0.015 0.002 0.003 0.004 0.960 0.013 0.001
47 47 (0) 5 : 0.018 0.004 0.003 0.020 0.276 0.664 0.010 0.005
48 48 (0) 5 : 0.002 0.006 0.004 0.012 0.916 0.033 0.013 0.015
49 49 (0) 5 : 0.011 0.001 0.006 0.677 0.047 0.240 0.011 0.007
50 50 (0) 5 : 0.002 0.115 0.002 0.027 0.007 0.738 0.108 0.002
51 51 (0) 5 : 0.005 0.005 0.009 0.008 0.046 0.916 0.009 0.002
52 52 (0) 6 : 0.028 0.001 0.002 0.931 0.004 0.003 0.001 0.030
53 53 (0) 6 : 0.011 0.002 0.006 0.881 0.038 0.012 0.007 0.043
54 54 (0) 6 : 0.059 0.006 0.002 0.879 0.013 0.007 0.002 0.031
55 55 (0) 6 : 0.011 0.032 0.007 0.019 0.920 0.005 0.002 0.003
56 56 (0) 6 : 0.985 0.001 0.001 0.002 0.001 0.002 0.001 0.007
57 57 (0) 6 : 0.010 0.001 0.001 0.027 0.911 0.005 0.001 0.044
58 58 (0) 6 : 0.356 0.014 0.006 0.611 0.004 0.003 0.003 0.003
59 59 (0) 6 : 0.007 0.070 0.004 0.121 0.689 0.029 0.015 0.065
60 60 (0) 6 : 0.989 0.001 0.001 0.001 0.004 0.001 0.001 0.002
61 61 (0) 6 : 0.992 0.001 0.001 0.001 0.002 0.001 0.001 0.002
62 62 (0) 6 : 0.013 0.001 0.001 0.968 0.009 0.005 0.002 0.002
63 63 (0) 6 : 0.004 0.002 0.001 0.981 0.002 0.001 0.001 0.007
64 64 (0) 6 : 0.004 0.004 0.005 0.560 0.002 0.003 0.003 0.420
65 65 (0) 6 : 0.012 0.002 0.004 0.221 0.316 0.006 0.001 0.437
66 66 (0) 6 : 0.002 0.001 0.001 0.442 0.019 0.125 0.002 0.408
67 67 (0) 6 : 0.019 0.022 0.001 0.308 0.029 0.118 0.019 0.483
68 68 (0) 6 : 0.993 0.001 0.001 0.001 0.001 0.001 0.001 0.001
69 69 (0) 6 : 0.002 0.001 0.003 0.586 0.010 0.012 0.002 0.384
70 70 (0) 6 : 0.967 0.002 0.002 0.011 0.002 0.004 0.001 0.011
71 71 (0) 6 : 0.980 0.000 0.001 0.003 0.002 0.001 0.001 0.011
72 72 (0) 6 : 0.989 0.001 0.001 0.003 0.001 0.002 0.001 0.002
73 73 (0) 6 : 0.604 0.032 0.019 0.330 0.004 0.003 0.003 0.005
74 74 (0) 6 : 0.001 0.002 0.007 0.978 0.002 0.003 0.002 0.005
75 75 (0) 6 : 0.003 0.002 0.001 0.918 0.051 0.004 0.002 0.019
76 76 (0) 6 : 0.003 0.007 0.003 0.956 0.007 0.011 0.009 0.004
77 77 (0) 6 : 0.611 0.014 0.171 0.129 0.018 0.008 0.023 0.027
78 78 (0) 6 : 0.048 0.002 0.003 0.925 0.003 0.002 0.001 0.016
79 79 (0) 6 : 0.002 0.001 0.002 0.936 0.046 0.004 0.007 0.003
80 80 (0) 6 : 0.030 0.002 0.002 0.942 0.008 0.001 0.002 0.014
81 81 (0) 6 : 0.002 0.002 0.002 0.980 0.006 0.002 0.001 0.006
82 82 (0) 6 : 0.010 0.010 0.004 0.894 0.011 0.013 0.013 0.047
83 83 (0) 6 : 0.528 0.001 0.003 0.446 0.004 0.002 0.006 0.009
84 84 (0) 6 : 0.161 0.001 0.002 0.822 0.001 0.001 0.001 0.010
85 85 (0) 6 : 0.990 0.001 0.001 0.001 0.002 0.001 0.001 0.002
86 86 (0) 6 : 0.005 0.004 0.013 0.038 0.928 0.004 0.004 0.003
87 87 (0) 6 : 0.028 0.003 0.008 0.892 0.015 0.008 0.002 0.044
88 88 (0) 5 : 0.002 0.002 0.003 0.004 0.222 0.522 0.244 0.001
89 89 (0) 5 : 0.004 0.003 0.007 0.002 0.003 0.963 0.018 0.001
90 90 (0) 5 : 0.002 0.002 0.002 0.002 0.004 0.982 0.005 0.001
91 91 (0) 5 : 0.004 0.022 0.002 0.503 0.003 0.450 0.004 0.012
92 92 (0) 5 : 0.003 0.001 0.002 0.003 0.026 0.959 0.004 0.002
93 93 (0) 5 : 0.001 0.019 0.002 0.002 0.002 0.849 0.124 0.001
94 94 (2) 1 : 0.005 0.929 0.031 0.005 0.020 0.004 0.003 0.003
95 95 (3) 1 : 0.001 0.990 0.001 0.002 0.001 0.002 0.001 0.001
96 96 (2) 1 : 0.001 0.990 0.000 0.001 0.001 0.002 0.004 0.001
97 97 (0) 1 : 0.001 0.988 0.005 0.001 0.001 0.001 0.002 0.001
98 98 (1) 1 : 0.003 0.944 0.012 0.014 0.009 0.005 0.003 0.010
99 99 (6) 1 : 0.002 0.984 0.001 0.001 0.001 0.001 0.007 0.002
100 100 (11) 1 : 0.001 0.986 0.003 0.001 0.001 0.003 0.002 0.002
101 101 (3) 1 : 0.001 0.991 0.001 0.001 0.001 0.001 0.003 0.001
102 102 (2) 1 : 0.006 0.969 0.008 0.006 0.003 0.003 0.003 0.002
103 103 (5) 1 : 0.001 0.954 0.024 0.004 0.001 0.007 0.009 0.001
104 104 (1) 1 : 0.001 0.990 0.002 0.001 0.001 0.002 0.003 0.001
105 105 (0) 1 : 0.003 0.915 0.048 0.005 0.004 0.017 0.004 0.004
106 106 (1) 1 : 0.001 0.970 0.001 0.002 0.008 0.006 0.005 0.006
107 107 (6) 1 : 0.002 0.981 0.003 0.003 0.001 0.006 0.003 0.002
108 108 (1) 1 : 0.002 0.939 0.002 0.014 0.006 0.029 0.006 0.002
109 109 (18) 1 : 0.002 0.953 0.028 0.003 0.004 0.004 0.005 0.001
110 110 (2) 1 : 0.002 0.979 0.006 0.002 0.002 0.002 0.005 0.001
111 111 (1) 1 : 0.001 0.992 0.001 0.001 0.001 0.001 0.002 0.001
112 112 (2) 1 : 0.001 0.991 0.003 0.001 0.001 0.001 0.002 0.001
113 113 (2) 1 : 0.001 0.986 0.003 0.001 0.002 0.002 0.003 0.001
114 114 (3) 1 : 0.001 0.984 0.004 0.002 0.001 0.004 0.002 0.002
115 115 (2) 1 : 0.001 0.992 0.001 0.001 0.001 0.001 0.002 0.001
116 116 (1) 1 : 0.001 0.993 0.001 0.001 0.001 0.001 0.002 0.001
117 117 (1) 1 : 0.001 0.987 0.003 0.001 0.001 0.002 0.005 0.001
118 118 (3) 1 : 0.002 0.929 0.030 0.009 0.012 0.009 0.004 0.005
119 119 (2) 1 : 0.006 0.843 0.009 0.013 0.011 0.075 0.034 0.009
120 120 (3) 1 : 0.002 0.985 0.001 0.001 0.001 0.002 0.007 0.002
121 121 (0) 1 : 0.001 0.991 0.001 0.002 0.001 0.001 0.002 0.001
122 122 (1) 1 : 0.003 0.970 0.001 0.009 0.006 0.004 0.003 0.004
123 123 (3) 1 : 0.002 0.982 0.004 0.001 0.004 0.001 0.003 0.002
124 124 (3) 1 : 0.002 0.976 0.006 0.002 0.003 0.003 0.008 0.001
125 125 (2) 1 : 0.001 0.805 0.010 0.001 0.001 0.001 0.180 0.001
126 126 (3) 1 : 0.002 0.981 0.004 0.002 0.003 0.002 0.003 0.004
127 127 (1) 1 : 0.001 0.990 0.002 0.001 0.001 0.002 0.001 0.001
128 128 (5) 1 : 0.002 0.987 0.001 0.001 0.001 0.002 0.006 0.001
129 129 (1) 1 : 0.001 0.990 0.003 0.001 0.001 0.001 0.002 0.001
130 130 (5) 1 : 0.001 0.992 0.001 0.001 0.001 0.002 0.001 0.001
131 131 (10) 1 : 0.003 0.928 0.026 0.004 0.017 0.008 0.011 0.004
132 132 (2) 1 : 0.006 0.948 0.004 0.006 0.007 0.007 0.016 0.005
133 133 (4) 1 : 0.002 0.909 0.004 0.002 0.004 0.017 0.061 0.001
134 134 (2) 1 : 0.012 0.962 0.003 0.005 0.003 0.004 0.003 0.007
135 135 (18) 1 : 0.001 0.982 0.005 0.001 0.001 0.001 0.007 0.001
136 136 (3) 1 : 0.001 0.957 0.002 0.001 0.001 0.001 0.035 0.002
137 137 (0) 1 : 0.077 0.001 0.002 0.009 0.786 0.003 0.002 0.121
138 138 (6) 1 : 0.010 0.001 0.006 0.002 0.955 0.003 0.001 0.023
139 139 (17) 2 : 0.001 0.002 0.004 0.002 0.002 0.002 0.984 0.003
140 140 (2) 2 : 0.002 0.006 0.001 0.001 0.001 0.001 0.986 0.001
141 141 (3) 2 : 0.001 0.001 0.001 0.000 0.001 0.001 0.995 0.000
142 142 (0) 2 : 0.002 0.003 0.005 0.001 0.001 0.004 0.982 0.002
143 143 (4) 2 : 0.001 0.002 0.002 0.004 0.002 0.002 0.984 0.002
144 144 (1) 2 : 0.003 0.005 0.001 0.004 0.003 0.008 0.974 0.002
145 145 (8) 2 : 0.002 0.003 0.004 0.002 0.001 0.002 0.985 0.001
146 146 (4) 2 : 0.001 0.003 0.001 0.001 0.001 0.002 0.990 0.000
147 147 (1) 2 : 0.001 0.009 0.006 0.004 0.003 0.003 0.968 0.005
148 148 (17) 2 : 0.001 0.001 0.001 0.001 0.002 0.001 0.993 0.001
149 149 (8) 2 : 0.004 0.012 0.002 0.002 0.002 0.004 0.973 0.002
150 150 (3) 2 : 0.002 0.002 0.003 0.004 0.002 0.004 0.981 0.001
151 151 (0) 2 : 0.001 0.003 0.001 0.001 0.002 0.002 0.989 0.001
152 152 (0) 2 : 0.001 0.003 0.004 0.001 0.001 0.001 0.988 0.001
153 153 (3) 2 : 0.001 0.008 0.002 0.001 0.001 0.003 0.983 0.001
154 154 (1) 2 : 0.000 0.006 0.004 0.001 0.001 0.006 0.980 0.001
155 155 (1) 2 : 0.003 0.002 0.002 0.002 0.001 0.002 0.987 0.002
156 156 (15) 2 : 0.001 0.002 0.002 0.001 0.003 0.002 0.988 0.002
157 157 (3) 2 : 0.001 0.003 0.001 0.001 0.001 0.003 0.989 0.001
158 158 (2) 2 : 0.005 0.003 0.002 0.004 0.006 0.018 0.958 0.003
159 159 (7) 2 : 0.005 0.007 0.007 0.005 0.022 0.023 0.926 0.006
160 160 (4) 2 : 0.007 0.006 0.004 0.028 0.008 0.005 0.938 0.004
161 161 (1) 2 : 0.001 0.004 0.004 0.002 0.003 0.005 0.979 0.002
162 162 (14) 2 : 0.001 0.003 0.002 0.001 0.001 0.002 0.990 0.001
163 163 (15) 2 : 0.001 0.001 0.002 0.006 0.004 0.004 0.980 0.002
164 164 (11) 2 : 0.001 0.005 0.001 0.001 0.001 0.001 0.990 0.001
165 165 (1) 2 : 0.001 0.007 0.003 0.002 0.001 0.006 0.977 0.002
166 166 (8) 2 : 0.008 0.005 0.003 0.011 0.008 0.006 0.955 0.004
167 167 (6) 2 : 0.005 0.003 0.009 0.002 0.003 0.014 0.959 0.004
168 168 (3) 2 : 0.021 0.006 0.045 0.020 0.006 0.008 0.889 0.006
169 169 (6) 2 : 0.004 0.009 0.079 0.004 0.005 0.003 0.895 0.002
170 170 (4) 2 : 0.001 0.003 0.004 0.002 0.003 0.004 0.981 0.001
171 171 (2) 2 : 0.007 0.003 0.002 0.013 0.007 0.009 0.955 0.004
172 172 (6) 2 : 0.002 0.001 0.028 0.003 0.002 0.004 0.960 0.001
173 173 (1) 2 : 0.002 0.006 0.008 0.001 0.002 0.007 0.973 0.001
174 174 (3) 2 : 0.001 0.002 0.005 0.001 0.003 0.002 0.986 0.001
175 175 (2) 2 : 0.004 0.038 0.007 0.002 0.002 0.001 0.944 0.001
176 176 (4) 2 : 0.003 0.039 0.025 0.002 0.003 0.002 0.925 0.001
177 177 (2) 2 : 0.003 0.055 0.085 0.001 0.004 0.005 0.845 0.001
178 178 (3) 2 : 0.001 0.004 0.001 0.001 0.001 0.001 0.990 0.001
179 179 (1) 2 : 0.001 0.003 0.002 0.001 0.001 0.001 0.989 0.001
180 180 (7) 2 : 0.001 0.004 0.003 0.002 0.003 0.003 0.983 0.001
181 181 (0) 2 : 0.002 0.006 0.001 0.001 0.002 0.002 0.986 0.001
182 182 (0) 7 : 0.003 0.003 0.002 0.002 0.002 0.982 0.005 0.001
183 183 (0) 7 : 0.011 0.022 0.003 0.011 0.006 0.913 0.032 0.001
184 184 (1) 7 : 0.008 0.006 0.010 0.005 0.004 0.957 0.008 0.002
185 185 (0) 7 : 0.003 0.005 0.005 0.010 0.046 0.924 0.004 0.003
186 186 (2) 7 : 0.008 0.005 0.044 0.006 0.008 0.920 0.004 0.006
187 187 (0) 7 : 0.006 0.008 0.006 0.012 0.004 0.941 0.019 0.006
188 188 (1) 7 : 0.005 0.001 0.003 0.005 0.003 0.977 0.005 0.002
189 189 (1) 7 : 0.003 0.006 0.002 0.372 0.012 0.414 0.189 0.002
190 190 (0) 7 : 0.004 0.002 0.004 0.002 0.003 0.979 0.005 0.001
191 191 (0) 7 : 0.005 0.007 0.002 0.005 0.002 0.975 0.002 0.002
192 192 (2) 7 : 0.026 0.010 0.184 0.004 0.004 0.765 0.005 0.003
193 193 (1) 7 : 0.002 0.024 0.004 0.004 0.003 0.957 0.003 0.002
194 194 (1) 7 : 0.014 0.003 0.011 0.009 0.015 0.933 0.002 0.013
195 195 (0) 7 : 0.002 0.012 0.022 0.002 0.003 0.942 0.014 0.002
196 196 (0) 7 : 0.002 0.005 0.001 0.003 0.004 0.981 0.002 0.002
197 197 (1) 7 : 0.002 0.004 0.002 0.007 0.013 0.965 0.002 0.005
198 198 (1) 7 : 0.002 0.002 0.001 0.003 0.006 0.981 0.004 0.001
199 199 (0) 7 : 0.004 0.003 0.001 0.015 0.017 0.953 0.001 0.006
200 200 (0) 7 : 0.003 0.259 0.050 0.002 0.005 0.675 0.002 0.004
201 201 (1) 7 : 0.002 0.014 0.002 0.001 0.007 0.692 0.279 0.002
202 202 (0) 7 : 0.001 0.001 0.001 0.001 0.003 0.988 0.004 0.001
203 203 (1) 7 : 0.002 0.004 0.003 0.002 0.002 0.981 0.004 0.002
204 204 (1) 7 : 0.002 0.273 0.020 0.020 0.015 0.630 0.015 0.025
205 205 (0) 7 : 0.007 0.003 0.004 0.010 0.007 0.956 0.005 0.008
206 206 (2) 7 : 0.003 0.011 0.006 0.003 0.003 0.691 0.278 0.006
207 207 (2) 7 : 0.005 0.001 0.002 0.004 0.012 0.939 0.001 0.037
208 208 (2) 7 : 0.006 0.011 0.034 0.029 0.179 0.728 0.010 0.002
209 209 (0) 7 : 0.004 0.005 0.001 0.028 0.021 0.874 0.015 0.053
210 210 (1) 7 : 0.005 0.008 0.001 0.001 0.005 0.972 0.001 0.006
211 211 (0) 7 : 0.001 0.002 0.002 0.002 0.005 0.977 0.009 0.002
212 212 (10) 7 : 0.004 0.001 0.002 0.003 0.002 0.927 0.059 0.001
213 213 (1) 7 : 0.005 0.002 0.001 0.003 0.003 0.976 0.006 0.003
214 214 (0) 7 : 0.009 0.003 0.002 0.008 0.010 0.945 0.022 0.001
215 215 (2) 7 : 0.002 0.271 0.142 0.003 0.006 0.560 0.015 0.002
216 216 (1) 4 : 0.001 0.001 0.994 0.001 0.001 0.001 0.001 0.000
217 217 (1) 4 : 0.001 0.001 0.988 0.003 0.002 0.001 0.001 0.003
218 218 (1) 4 : 0.001 0.002 0.994 0.001 0.001 0.001 0.001 0.001
219 219 (1) 4 : 0.001 0.001 0.995 0.001 0.001 0.001 0.001 0.001
220 220 (1) 4 : 0.001 0.017 0.718 0.003 0.006 0.023 0.230 0.002
221 221 (1) 4 : 0.001 0.004 0.985 0.003 0.001 0.002 0.001 0.001
222 222 (10) 4 : 0.006 0.005 0.975 0.002 0.002 0.002 0.006 0.001
223 223 (2) 4 : 0.001 0.003 0.991 0.001 0.001 0.001 0.002 0.001
224 224 (0) 4 : 0.001 0.008 0.984 0.001 0.002 0.002 0.001 0.001
225 225 (2) 4 : 0.000 0.001 0.996 0.001 0.001 0.001 0.001 0.001
226 226 (0) 4 : 0.000 0.002 0.992 0.001 0.001 0.001 0.002 0.000
1 1 (0) 3 : 0.001 0.003 0.001 0.988 0.002 0.001 0.001 0.003
2 2 (0) 3 : 0.003 0.005 0.002 0.958 0.011 0.002 0.012 0.006
3 3 (0) 3 : 0.001 0.001 0.001 0.994 0.001 0.001 0.001 0.001
4 4 (0) 3 : 0.000 0.003 0.001 0.989 0.002 0.001 0.002 0.003
5 5 (0) 3 : 0.001 0.001 0.001 0.995 0.001 0.000 0.001 0.001
6 6 (0) 3 : 0.001 0.002 0.001 0.987 0.003 0.001 0.002 0.003
7 7 (0) 3 : 0.001 0.002 0.001 0.994 0.001 0.001 0.001 0.001
8 8 (0) 3 : 0.000 0.007 0.001 0.977 0.005 0.001 0.001 0.008
9 9 (0) 3 : 0.001 0.002 0.001 0.991 0.001 0.000 0.001 0.002
10 10 (0) 3 : 0.003 0.008 0.006 0.967 0.007 0.001 0.005 0.004
11 11 (0) 3 : 0.001 0.002 0.001 0.898 0.007 0.001 0.011 0.080
12 12 (0) 3 : 0.003 0.003 0.002 0.980 0.004 0.001 0.001 0.005
13 13 (0) 3 : 0.000 0.001 0.000 0.995 0.000 0.001 0.001 0.002
14 14 (0) 3 : 0.002 0.002 0.001 0.981 0.003 0.001 0.001 0.008
15 15 (0) 3 : 0.001 0.002 0.001 0.991 0.002 0.001 0.001 0.001
16 16 (0) 3 : 0.001 0.001 0.000 0.991 0.003 0.000 0.001 0.002
17 17 (0) 3 : 0.001 0.014 0.001 0.972 0.010 0.001 0.001 0.001
18 18 (0) 3 : 0.002 0.006 0.007 0.939 0.021 0.015 0.009 0.002
19 19 (0) 3 : 0.001 0.001 0.000 0.994 0.001 0.000 0.001 0.002
20 20 (0) 3 : 0.001 0.001 0.001 0.992 0.002 0.001 0.001 0.002
21 21 (0) 3 : 0.001 0.003 0.001 0.988 0.003 0.001 0.002 0.002
22 22 (0) 3 : 0.003 0.005 0.001 0.970 0.007 0.002 0.002 0.010
23 23 (0) 3 : 0.001 0.001 0.001 0.992 0.001 0.001 0.001 0.003
24 24 (0) 3 : 0.001 0.001 0.001 0.994 0.002 0.000 0.001 0.001
25 25 (0) 3 : 0.001 0.001 0.001 0.989 0.003 0.001 0.002 0.001
26 26 (0) 3 : 0.000 0.001 0.001 0.993 0.001 0.001 0.002 0.001
27 27 (0) 3 : 0.001 0.001 0.000 0.995 0.001 0.001 0.001 0.001
28 28 (0) 3 : 0.001 0.003 0.003 0.983 0.003 0.001 0.002 0.003
29 29 (0) 3 : 0.001 0.001 0.001 0.993 0.001 0.001 0.001 0.002
30 30 (0) 3 : 0.000 0.001 0.001 0.995 0.001 0.000 0.001 0.001
31 31 (0) 3 : 0.001 0.003 0.001 0.959 0.004 0.002 0.006 0.023
32 32 (0) 3 : 0.001 0.004 0.001 0.982 0.002 0.001 0.003 0.007
33 33 (0) 3 : 0.001 0.001 0.000 0.995 0.001 0.000 0.000 0.002
34 34 (0) 3 : 0.000 0.001 0.001 0.995 0.001 0.000 0.000 0.002
35 35 (0) 3 : 0.001 0.001 0.001 0.994 0.002 0.001 0.001 0.001
36 36 (0) 5 : 0.010 0.410 0.024 0.015 0.053 0.003 0.480 0.006
37 37 (0) 5 : 0.002 0.004 0.003 0.002 0.008 0.018 0.961 0.002
38 38 (0) 6 : 0.002 0.003 0.001 0.009 0.762 0.001 0.001 0.221
39 39 (0) 6 : 0.001 0.960 0.002 0.021 0.011 0.001 0.003 0.001
40 40 (0) 6 : 0.003 0.865 0.002 0.120 0.006 0.001 0.002 0.002
41 41 (0) 6 : 0.003 0.193 0.002 0.010 0.739 0.002 0.044 0.007
42 42 (0) 6 : 0.001 0.029 0.018 0.011 0.499 0.014 0.092 0.337
43 43 (0) 5 : 0.004 0.004 0.002 0.002 0.004 0.038 0.944 0.001
44 44 (0) 5 : 0.002 0.032 0.004 0.033 0.785 0.007 0.047 0.090
45 45 (0) 5 : 0.057 0.003 0.003 0.001 0.003 0.020 0.913 0.002
46 46 (0) 5 : 0.003 0.005 0.014 0.002 0.004 0.008 0.962 0.002
47 47 (0) 5 : 0.001 0.203 0.003 0.003 0.101 0.006 0.666 0.016
48 48 (0) 5 : 0.002 0.907 0.001 0.006 0.004 0.011 0.067 0.003
49 49 (0) 5 : 0.004 0.196 0.006 0.008 0.616 0.014 0.141 0.015
50 50 (0) 5 : 0.002 0.007 0.173 0.002 0.015 0.060 0.740 0.002
51 51 (0) 5 : 0.007 0.023 0.008 0.001 0.009 0.008 0.939 0.005
52 52 (0) 6 : 0.002 0.003 0.001 0.029 0.940 0.002 0.004 0.020
53 53 (0) 6 : 0.011 0.026 0.003 0.042 0.896 0.008 0.012 0.004
54 54 (0) 6 : 0.001 0.032 0.006 0.044 0.840 0.003 0.009 0.064
55 55 (0) 6 : 0.006 0.522 0.089 0.009 0.337 0.005 0.021 0.011
56 56 (0) 6 : 0.001 0.002 0.001 0.019 0.002 0.001 0.002 0.973
57 57 (0) 6 : 0.001 0.498 0.001 0.040 0.439 0.001 0.012 0.009
58 58 (0) 6 : 0.017 0.004 0.029 0.009 0.505 0.006 0.005 0.425
59 59 (0) 6 : 0.004 0.798 0.029 0.027 0.106 0.018 0.013 0.004
60 60 (0) 6 : 0.001 0.003 0.001 0.001 0.001 0.001 0.001 0.991
61 61 (0) 6 : 0.001 0.001 0.001 0.001 0.001 0.001 0.001 0.992
62 62 (0) 6 : 0.001 0.005 0.001 0.005 0.968 0.002 0.005 0.013
63 63 (0) 6 : 0.001 0.005 0.002 0.005 0.972 0.001 0.001 0.012
64 64 (0) 6 : 0.007 0.002 0.003 0.414 0.564 0.004 0.002 0.004
65 65 (0) 6 : 0.004 0.167 0.005 0.429 0.386 0.002 0.006 0.003
66 66 (0) 6 : 0.001 0.007 0.001 0.439 0.370 0.003 0.174 0.005
67 67 (0) 6 : 0.001 0.044 0.024 0.499 0.199 0.019 0.184 0.030
68 68 (0) 6 : 0.000 0.001 0.001 0.001 0.001 0.001 0.001 0.993
69 69 (0) 6 : 0.002 0.001 0.001 0.387 0.596 0.004 0.006 0.002
70 70 (0) 6 : 0.002 0.005 0.001 0.006 0.012 0.004 0.005 0.966
71 71 (0) 6 : 0.001 0.002 0.001 0.005 0.011 0.001 0.002 0.978
72 72 (0) 6 : 0.001 0.001 0.001 0.003 0.002 0.001 0.002 0.989
73 73 (0) 6 : 0.006 0.008 0.076 0.008 0.221 0.007 0.002 0.672
74 74 (0) 6 : 0.003 0.003 0.002 0.006 0.976 0.003 0.006 0.002
75 75 (0) 6 : 0.001 0.059 0.002 0.010 0.919 0.001 0.006 0.002
76 76 (0) 6 : 0.003 0.006 0.003 0.006 0.957 0.014 0.006 0.004
77 77 (0) 6 : 0.188 0.081 0.007 0.013 0.051 0.008 0.007 0.644
78 78 (0) 6 : 0.002 0.006 0.001 0.020 0.924 0.001 0.002 0.043
79 79 (0) 6 : 0.002 0.043 0.001 0.003 0.940 0.006 0.002 0.002
80 80 (0) 6 : 0.002 0.002 0.002 0.015 0.934 0.002 0.002 0.042
81 81 (0) 6 : 0.001 0.005 0.002 0.003 0.978 0.001 0.003 0.007
82 82 (0) 6 : 0.002 0.046 0.013 0.046 0.854 0.019 0.011 0.010
83 83 (0) 6 : 0.007 0.009 0.002 0.008 0.374 0.008 0.002 0.591
84 84 (0) 6 : 0.001 0.003 0.001 0.004 0.716 0.002 0.002 0.271
85 85 (0) 6 : 0.001 0.002 0.001 0.002 0.002 0.001 0.001 0.990
86 86 (0) 6 : 0.008 0.938 0.004 0.002 0.031 0.004 0.004 0.009
87 87 (0) 6 : 0.005 0.079 0.003 0.026 0.837 0.004 0.004 0.042
88 88 (0) 5 : 0.005 0.003 0.002 0.001 0.003 0.038 0.947 0.002
89 89 (0) 5 : 0.007 0.003 0.006 0.002 0.005 0.036 0.938 0.002
90 90 (0) 5 : 0.001 0.006 0.001 0.001 0.002 0.005 0.983 0.002
91 91 (0) 5 : 0.006 0.053 0.026 0.005 0.481 0.002 0.420 0.008
92 92 (0) 5 : 0.002 0.045 0.002 0.001 0.003 0.005 0.939 0.003
93 93 (0) 5 : 0.002 0.002 0.021 0.002 0.003 0.086 0.884 0.001
94 94 (2) 1 : 0.048 0.019 0.913 0.006 0.004 0.002 0.002 0.006
95 95 (3) 1 : 0.001 0.001 0.989 0.001 0.003 0.001 0.002 0.002
96 96 (2) 1 : 0.001 0.001 0.991 0.001 0.002 0.001 0.001 0.001
97 97 (0) 1 : 0.004 0.002 0.984 0.001 0.001 0.005 0.002 0.001
98 98 (1) 1 : 0.016 0.008 0.941 0.011 0.014 0.004 0.005 0.002
99 99 (6) 1 : 0.001 0.001 0.983 0.002 0.003 0.008 0.001 0.001
100 100 (11) 1 : 0.003 0.001 0.986 0.002 0.002 0.003 0.002 0.001
101 101 (3) 1 : 0.002 0.002 0.986 0.002 0.001 0.003 0.002 0.001
102 102 (2) 1 : 0.013 0.003 0.964 0.004 0.004 0.003 0.007 0.002
103 103 (5) 1 : 0.028 0.002 0.949 0.001 0.003 0.008 0.007 0.001
104 104 (1) 1 : 0.004 0.001 0.988 0.001 0.001 0.003 0.001 0.001
105 105 (0) 1 : 0.065 0.003 0.902 0.003 0.002 0.002 0.018 0.004
106 106 (1) 1 : 0.001 0.013 0.964 0.006 0.003 0.007 0.005 0.001
107 107 (6) 1 : 0.002 0.002 0.985 0.002 0.002 0.001 0.004 0.003
108 108 (1) 1 : 0.002 0.003 0.925 0.002 0.009 0.008 0.049 0.002
109 109 (18) 1 : 0.025 0.005 0.952 0.001 0.004 0.008 0.003 0.002
110 110 (2) 1 : 0.004 0.003 0.973 0.001 0.003 0.007 0.006 0.002
111 111 (1) 1 : 0.001 0.001 0.993 0.001 0.001 0.001 0.001 0.001
112 112 (2) 1 : 0.003 0.001 0.992 0.001 0.001 0.001 0.001 0.001
113 113 (2) 1 : 0.003 0.002 0.984 0.001 0.001 0.005 0.002 0.001
114 114 (3) 1 : 0.003 0.002 0.982 0.003 0.002 0.003 0.004 0.002
115 115 (2) 1 : 0.001 0.001 0.989 0.001 0.001 0.004 0.003 0.001
116 116 (1) 1 : 0.001 0.001 0.992 0.000 0.001 0.004 0.001 0.001
117 117 (1) 1 : 0.002 0.002 0.988 0.001 0.001 0.003 0.002 0.002
118 118 (3) 1 : 0.029 0.011 0.923 0.005 0.019 0.005 0.005 0.003
119 119 (2) 1 : 0.011 0.016 0.833 0.006 0.010 0.040 0.076 0.009
120 120 (3) 1 : 0.001 0.001 0.986 0.001 0.001 0.006 0.002 0.001
121 121 (0) 1 : 0.001 0.001 0.990 0.001 0.001 0.002 0.001 0.002
122 122 (1) 1 : 0.002 0.026 0.946 0.004 0.007 0.008 0.002 0.004
123 123 (3) 1 : 0.004 0.003 0.985 0.001 0.002 0.002 0.001 0.002
124 124 (3) 1 : 0.011 0.003 0.975 0.001 0.001 0.004 0.003 0.001
125 125 (2) 1 : 0.011 0.003 0.789 0.001 0.002 0.192 0.002 0.001
126 126 (3) 1 : 0.002 0.003 0.979 0.004 0.003 0.005 0.002 0.003
127 127 (1) 1 : 0.002 0.001 0.990 0.002 0.002 0.001 0.002 0.002
128 128 (5) 1 : 0.001 0.001 0.987 0.001 0.001 0.007 0.001 0.001
129 129 (1) 1 : 0.004 0.002 0.989 0.001 0.001 0.002 0.002 0.001
130 130 (5) 1 : 0.001 0.001 0.993 0.001 0.001 0.001 0.001 0.001
131 131 (10) 1 : 0.038 0.029 0.890 0.002 0.002 0.028 0.004 0.008
132 132 (2) 1 : 0.005 0.007 0.947 0.005 0.011 0.013 0.009 0.003
133 133 (4) 1 : 0.004 0.004 0.907 0.001 0.002 0.063 0.019 0.001
134 134 (2) 1 : 0.004 0.004 0.947 0.014 0.011 0.002 0.001 0.016
135 135 (18) 1 : 0.003 0.002 0.985 0.002 0.001 0.005 0.002 0.002
136 136 (3) 1 : 0.007 0.001 0.959 0.001 0.002 0.027 0.001 0.002
137 137 (0) 1 : 0.002 0.723 0.001 0.089 0.003 0.002 0.021 0.158
138 138 (6) 1 : 0.005 0.927 0.001 0.014 0.012 0.002 0.005 0.035
139 139 (17) 2 : 0.004 0.002 0.003 0.002 0.002 0.981 0.005 0.001
140 140 (2) 2 : 0.001 0.001 0.009 0.001 0.001 0.984 0.001 0.001
141 141 (3) 2 : 0.001 0.001 0.001 0.000 0.001 0.995 0.001 0.001
142 142 (0) 2 : 0.004 0.002 0.003 0.001 0.001 0.986 0.002 0.002
143 143 (4) 2 : 0.003 0.001 0.002 0.003 0.003 0.981 0.005 0.002
144 144 (1) 2 : 0.001 0.004 0.005 0.003 0.003 0.967 0.014 0.002
145 145 (8) 2 : 0.003 0.001 0.005 0.001 0.002 0.983 0.002 0.002
146 146 (4) 2 : 0.001 0.001 0.003 0.000 0.001 0.991 0.002 0.001
147 147 (1) 2 : 0.003 0.005 0.018 0.003 0.006 0.960 0.003 0.002
148 148 (17) 2 : 0.001 0.001 0.001 0.001 0.001 0.993 0.001 0.001
149 149 (8) 2 : 0.004 0.002 0.015 0.001 0.003 0.967 0.004 0.003
150 150 (3) 2 : 0.002 0.002 0.002 0.003 0.002 0.985 0.002 0.002
151 151 (0) 2 : 0.001 0.001 0.003 0.001 0.001 0.989 0.001 0.002
152 152 (0) 2 : 0.005 0.002 0.004 0.001 0.001 0.986 0.001 0.001
153 153 (3) 2 : 0.002 0.001 0.006 0.001 0.001 0.987 0.002 0.001
154 154 (1) 2 : 0.005 0.003 0.004 0.000 0.002 0.982 0.004 0.001
155 155 (1) 2 : 0.001 0.001 0.002 0.002 0.002 0.988 0.002 0.002
156 156 (15) 2 : 0.001 0.001 0.002 0.002 0.001 0.991 0.001 0.001
157 157 (3) 2 : 0.001 0.001 0.003 0.001 0.002 0.987 0.003 0.001
158 158 (2) 2 : 0.002 0.003 0.003 0.002 0.003 0.965 0.016 0.006
159 159 (7) 2 : 0.005 0.023 0.003 0.006 0.008 0.938 0.013 0.004
160 160 (4) 2 : 0.002 0.007 0.005 0.004 0.036 0.935 0.003 0.008
161 161 (1) 2 : 0.005 0.003 0.006 0.002 0.002 0.979 0.002 0.001
162 162 (14) 2 : 0.001 0.003 0.001 0.001 0.001 0.991 0.002 0.001
163 163 (15) 2 : 0.003 0.003 0.003 0.002 0.004 0.981 0.003 0.001
164 164 (11) 2 : 0.001 0.001 0.005 0.001 0.000 0.989 0.002 0.001
165 165 (1) 2 : 0.003 0.003 0.007 0.001 0.001 0.977 0.006 0.001
166 166 (8) 2 : 0.001 0.009 0.005 0.002 0.006 0.958 0.008 0.011
167 167 (6) 2 : 0.007 0.004 0.002 0.005 0.002 0.955 0.022 0.003
168 168 (3) 2 : 0.048 0.013 0.016 0.007 0.026 0.873 0.006 0.011
169 169 (6) 2 : 0.064 0.008 0.007 0.002 0.008 0.904 0.005 0.002
170 170 (4) 2 : 0.004 0.002 0.002 0.001 0.001 0.985 0.004 0.002
171 171 (2) 2 : 0.004 0.010 0.002 0.006 0.006 0.957 0.007 0.007
172 172 (6) 2 : 0.036 0.002 0.002 0.001 0.003 0.951 0.004 0.001
173 173 (1) 2 : 0.003 0.001 0.007 0.001 0.001 0.977 0.008 0.001
174 174 (3) 2 : 0.005 0.002 0.002 0.001 0.002 0.986 0.002 0.001
175 175 (2) 2 : 0.007 0.001 0.028 0.001 0.002 0.957 0.001 0.002
176 176 (4) 2 : 0.018 0.001 0.028 0.001 0.002 0.944 0.003 0.003
177 177 (2) 2 : 0.082 0.003 0.034 0.002 0.002 0.866 0.007 0.004
178 178 (3) 2 : 0.001 0.001 0.005 0.001 0.001 0.989 0.001 0.001
179 179 (1) 2 : 0.002 0.001 0.003 0.001 0.001 0.990 0.002 0.002
180 180 (7) 2 : 0.003 0.002 0.003 0.001 0.002 0.987 0.003 0.001
181 181 (0) 2 : 0.003 0.001 0.007 0.001 0.002 0.981 0.002 0.002
182 182 (0) 7 : 0.002 0.002 0.002 0.002 0.003 0.006 0.981 0.002
183 183 (0) 7 : 0.003 0.004 0.016 0.003 0.006 0.049 0.901 0.019
184 184 (1) 7 : 0.024 0.004 0.004 0.003 0.003 0.005 0.953 0.004
185 185 (0) 7 : 0.007 0.036 0.005 0.003 0.010 0.002 0.933 0.005
186 186 (2) 7 : 0.036 0.010 0.006 0.004 0.014 0.005 0.914 0.012
187 187 (0) 7 : 0.007 0.006 0.006 0.007 0.005 0.015 0.949 0.005
188 188 (1) 7 : 0.002 0.004 0.003 0.002 0.005 0.004 0.976 0.003
189 189 (1) 7 : 0.003 0.004 0.004 0.004 0.294 0.136 0.552 0.003
190 190 (0) 7 : 0.004 0.002 0.001 0.002 0.003 0.005 0.979 0.005
191 191 (0) 7 : 0.003 0.003 0.004 0.003 0.006 0.002 0.976 0.004
192 192 (2) 7 : 0.208 0.003 0.014 0.003 0.002 0.010 0.731 0.029
193 193 (1) 7 : 0.001 0.005 0.026 0.004 0.003 0.008 0.951 0.001
194 194 (1) 7 : 0.012 0.015 0.004 0.015 0.018 0.001 0.923 0.013
195 195 (0) 7 : 0.015 0.003 0.023 0.001 0.001 0.012 0.942 0.004
196 196 (0) 7 : 0.001 0.003 0.005 0.004 0.002 0.003 0.976 0.005
197 197 (1) 7 : 0.003 0.012 0.007 0.005 0.008 0.002 0.961 0.003
198 198 (1) 7 : 0.001 0.006 0.002 0.002 0.003 0.002 0.982 0.001
199 199 (0) 7 : 0.001 0.005 0.002 0.008 0.014 0.003 0.961 0.005
200 200 (0) 7 : 0.056 0.030 0.253 0.006 0.015 0.002 0.636 0.002
201 201 (1) 7 : 0.003 0.003 0.013 0.005 0.002 0.271 0.700 0.004
202 202 (0) 7 : 0.001 0.002 0.001 0.001 0.001 0.002 0.990 0.001
203 203 (1) 7 : 0.003 0.003 0.004 0.003 0.002 0.004 0.979 0.002
204 204 (1) 7 : 0.014 0.044 0.283 0.016 0.022 0.010 0.609 0.002
205 205 (0) 7 : 0.004 0.005 0.007 0.005 0.015 0.004 0.957 0.003
206 206 (2) 7 : 0.009 0.006 0.009 0.004 0.005 0.215 0.750 0.003
207 207 (2) 7 : 0.001 0.016 0.001 0.046 0.011 0.002 0.914 0.009
208 208 (2) 7 : 0.030 0.073 0.007 0.004 0.067 0.012 0.797 0.010
209 209 (0) 7 : 0.002 0.010 0.005 0.054 0.042 0.011 0.872 0.004
210 210 (1) 7 : 0.003 0.003 0.009 0.006 0.006 0.001 0.967 0.006
211 211 (0) 7 : 0.002 0.002 0.002 0.004 0.002 0.007 0.980 0.001
212 212 (10) 7 : 0.003 0.003 0.001 0.002 0.003 0.112 0.872 0.004
213 213 (1) 7 : 0.001 0.015 0.004 0.002 0.004 0.004 0.965 0.005
214 214 (0) 7 : 0.003 0.006 0.001 0.003 0.009 0.014 0.953 0.010
215 215 (2) 7 : 0.114 0.008 0.292 0.004 0.002 0.013 0.566 0.002
216 216 (1) 4 : 0.995 0.001 0.001 0.000 0.001 0.001 0.001 0.001
217 217 (1) 4 : 0.987 0.002 0.001 0.002 0.003 0.003 0.001 0.001
218 218 (1) 4 : 0.994 0.001 0.002 0.000 0.001 0.001 0.001 0.001
219 219 (1) 4 : 0.995 0.001 0.001 0.001 0.001 0.001 0.000 0.001
220 220 (1) 4 : 0.721 0.002 0.031 0.002 0.003 0.233 0.005 0.002
221 221 (1) 4 : 0.988 0.001 0.002 0.001 0.002 0.002 0.002 0.002
222 222 (10) 4 : 0.973 0.002 0.007 0.001 0.004 0.006 0.002 0.005
223 223 (2) 4 : 0.991 0.001 0.004 0.001 0.001 0.002 0.001 0.001
224 224 (0) 4 : 0.984 0.001 0.007 0.002 0.002 0.002 0.002 0.001
225 225 (2) 4 : 0.995 0.001 0.001 0.001 0.001 0.001 0.001 0.001
226 226 (0) 4 : 0.993 0.001 0.002 0.001 0.001 0.001 0.001 0.001
1 1 (0) 3 : 0.001 0.001 0.001 0.992 0.002 0.001 0.001 0.001
2 2 (0) 3 : 0.011 0.008 0.002 0.965 0.004 0.002 0.006 0.002
3 3 (0) 3 : 0.001 0.001 0.001 0.995 0.001 0.001 0.001 0.001
4 4 (0) 3 : 0.001 0.002 0.001 0.990 0.001 0.000 0.003 0.001
5 5 (0) 3 : 0.001 0.001 0.000 0.995 0.001 0.000 0.001 0.000
6 6 (0) 3 : 0.001 0.002 0.001 0.990 0.003 0.001 0.002 0.001
7 7 (0) 3 : 0.001 0.001 0.001 0.994 0.001 0.001 0.001 0.000
8 8 (0) 3 : 0.004 0.001 0.001 0.980 0.005 0.000 0.007 0.001
9 9 (0) 3 : 0.001 0.001 0.001 0.993 0.001 0.001 0.002 0.000
10 10 (0) 3 : 0.007 0.005 0.005 0.959 0.013 0.004 0.006 0.001
11 11 (0) 3 : 0.058 0.005 0.002 0.916 0.005 0.001 0.013 0.001
12 12 (0) 3 : 0.006 0.003 0.002 0.977 0.003 0.002 0.006 0.001
13 13 (0) 3 : 0.001 0.000 0.000 0.996 0.001 0.000 0.001 0.000
14 14 (0) 3 : 0.011 0.001 0.001 0.978 0.002 0.001 0.005 0.001
15 15 (0) 3 : 0.001 0.001 0.001 0.992 0.001 0.001 0.002 0.000
16 16 (0) 3 : 0.003 0.001 0.001 0.992 0.001 0.001 0.001 0.000
17 17 (0) 3 : 0.001 0.001 0.001 0.976 0.016 0.001 0.004 0.000
18 18 (0) 3 : 0.002 0.006 0.010 0.940 0.003 0.002 0.028 0.010
19 19 (0) 3 : 0.001 0.000 0.001 0.995 0.001 0.000 0.001 0.000
20 20 (0) 3 : 0.002 0.002 0.001 0.991 0.001 0.001 0.002 0.001
21 21 (0) 3 : 0.001 0.002 0.001 0.987 0.002 0.001 0.006 0.001
22 22 (0) 3 : 0.009 0.003 0.001 0.971 0.008 0.001 0.004 0.002
23 23 (0) 3 : 0.002 0.001 0.001 0.992 0.001 0.001 0.002 0.000
24 24 (0) 3 : 0.002 0.001 0.001 0.993 0.002 0.000 0.001 0.001
25 25 (0) 3 : 0.001 0.001 0.001 0.991 0.001 0.001 0.002 0.001
26 26 (0) 3 : 0.001 0.002 0.001 0.993 0.001 0.001 0.001 0.001
27 27 (0) 3 : 0.001 0.001 0.001 0.995 0.001 0.000 0.001 0.001
28 28 (0) 3 : 0.006 0.001 0.003 0.984 0.002 0.001 0.004 0.001
29 29 (0) 3 : 0.001 0.001 0.001 0.993 0.001 0.001 0.001 0.000
30 30 (0) 3 : 0.001 0.001 0.001 0.995 0.001 0.000 0.001 0.001
31 31 (0) 3 : 0.018 0.004 0.001 0.968 0.003 0.001 0.003 0.002
32 32 (0) 3 : 0.004 0.002 0.001 0.984 0.006 0.001 0.002 0.001
33 33 (0) 3 : 0.002 0.001 0.000 0.995 0.001 0.001 0.001 0.000
34 34 (0) 3 : 0.002 0.001 0.000 0.995 0.001 0.000 0.001 0.000
35 35 (0) 3 : 0.002 0.001 0.001 0.993 0.001 0.001 0.002 0.001
36 36 (0) 5 : 0.004 0.462 0.040 0.032 0.380 0.008 0.064 0.009
37 37 (0) 5 : 0.003 0.956 0.002 0.002 0.004 0.002 0.008 0.024
38 38 (0) 6 : 0.267 0.001 0.002 0.012 0.002 0.001 0.712 0.001
39 39 (0) 6 : 0.001 0.002 0.001 0.013 0.977 0.001 0.004 0.001
40 40 (0) 6 : 0.003 0.003 0.002 0.072 0.913 0.001 0.005 0.001
41 41 (0) 6 : 0.013 0.130 0.003 0.013 0.109 0.002 0.727 0.003
42 42 (0) 6 : 0.310 0.059 0.009 0.009 0.004 0.001 0.595 0.013
43 43 (0) 5 : 0.001 0.910 0.002 0.001 0.007 0.004 0.002 0.073
44 44 (0) 5 : 0.057 0.068 0.003 0.021 0.006 0.002 0.838 0.004
45 45 (0) 5 : 0.001 0.922 0.006 0.001 0.002 0.045 0.003 0.020
46 46 (0) 5 : 0.002 0.959 0.019 0.002 0.007 0.002 0.003 0.005
47 47 (0) 5 : 0.049 0.736 0.002 0.009 0.123 0.002 0.074 0.005
48 48 (0) 5 : 0.002 0.114 0.003 0.011 0.844 0.003 0.013 0.011
49 49 (0) 5 : 0.006 0.229 0.003 0.014 0.070 0.003 0.661 0.015
50 50 (0) 5 : 0.003 0.748 0.140 0.002 0.008 0.002 0.044 0.054
51 51 (0) 5 : 0.004 0.949 0.005 0.002 0.014 0.009 0.007 0.010
52 52 (0) 6 : 0.057 0.003 0.001 0.029 0.007 0.001 0.899 0.001
53 53 (0) 6 : 0.009 0.005 0.002 0.071 0.071 0.003 0.830 0.009
54 54 (0) 6 : 0.081 0.007 0.007 0.049 0.024 0.003 0.824 0.005
55 55 (0) 6 : 0.009 0.009 0.037 0.006 0.907 0.010 0.016 0.007
56 56 (0) 6 : 0.981 0.001 0.001 0.013 0.002 0.001 0.001 0.000
57 57 (0) 6 : 0.005 0.004 0.001 0.036 0.916 0.001 0.035 0.002
58 58 (0) 6 : 0.400 0.002 0.017 0.008 0.003 0.017 0.549 0.004
59 59 (0) 6 : 0.016 0.027 0.038 0.035 0.723 0.008 0.121 0.032
60 60 (0) 6 : 0.992 0.001 0.001 0.001 0.002 0.001 0.001 0.001
61 61 (0) 6 : 0.991 0.001 0.001 0.001 0.001 0.001 0.002 0.001
62 62 (0) 6 : 0.028 0.002 0.001 0.002 0.008 0.001 0.957 0.001
63 63 (0) 6 : 0.007 0.002 0.002 0.006 0.003 0.002 0.978 0.001
64 64 (0) 6 : 0.002 0.001 0.006 0.417 0.006 0.008 0.558 0.002
65 65 (0) 6 : 0.012 0.003 0.002 0.463 0.473 0.005 0.040 0.001
66 66 (0) 6 : 0.002 0.104 0.001 0.440 0.008 0.001 0.438 0.005
67 67 (0) 6 : 0.039 0.198 0.021 0.504 0.036 0.001 0.177 0.024
68 68 (0) 6 : 0.992 0.001 0.001 0.002 0.002 0.001 0.001 0.001
69 69 (0) 6 : 0.003 0.010 0.001 0.393 0.006 0.002 0.583 0.003
70 70 (0) 6 : 0.967 0.006 0.002 0.008 0.004 0.002 0.010 0.001
71 71 (0) 6 : 0.977 0.001 0.001 0.009 0.002 0.001 0.009 0.001
72 72 (0) 6 : 0.989 0.002 0.001 0.002 0.001 0.002 0.001 0.001
73 73 (0) 6 : 0.656 0.002 0.062 0.014 0.005 0.008 0.249 0.004
74 74 (0) 6 : 0.004 0.002 0.004 0.009 0.003 0.004 0.974 0.001
75 75 (0) 6 : 0.002 0.003 0.002 0.016 0.085 0.001 0.889 0.001
76 76 (0) 6 : 0.005 0.008 0.005 0.002 0.008 0.004 0.957 0.011
77 77 (0) 6 : 0.642 0.007 0.007 0.015 0.095 0.130 0.076 0.028
78 78 (0) 6 : 0.045 0.001 0.001 0.030 0.005 0.003 0.913 0.001
79 79 (0) 6 : 0.002 0.002 0.001 0.004 0.075 0.002 0.908 0.004
80 80 (0) 6 : 0.066 0.002 0.002 0.022 0.004 0.001 0.901 0.002
81 81 (0) 6 : 0.003 0.002 0.001 0.012 0.002 0.003 0.976 0.001
82 82 (0) 6 : 0.006 0.009 0.015 0.102 0.004 0.006 0.849 0.009
83 83 (0) 6 : 0.597 0.003 0.004 0.007 0.016 0.005 0.358 0.010
84 84 (0) 6 : 0.215 0.001 0.002 0.008 0.002 0.001 0.769 0.001
85 85 (0) 6 : 0.992 0.002 0.001 0.001 0.001 0.001 0.002 0.001
86 86 (0) 6 : 0.004 0.002 0.007 0.003 0.929 0.010 0.040 0.005
87 87 (0) 6 : 0.034 0.010 0.002 0.103 0.011 0.023 0.811 0.006
88 88 (0) 5 : 0.002 0.874 0.002 0.001 0.002 0.003 0.003 0.113
89 89 (0) 5 : 0.002 0.939 0.004 0.002 0.003 0.010 0.004 0.036
90 90 (0) 5 : 0.002 0.983 0.002 0.002 0.004 0.001 0.002 0.004
91 91 (0) 5 : 0.003 0.473 0.007 0.005 0.004 0.004 0.503 0.002
92 92 (0) 5 : 0.002 0.951 0.002 0.001 0.031 0.002 0.007 0.003
93 93 (0) 5 : 0.001 0.833 0.028 0.001 0.003 0.001 0.002 0.131
94 94 (2) 1 : 0.007 0.006 0.895 0.003 0.036 0.047 0.004 0.002
95 95 (3) 1 : 0.002 0.002 0.989 0.001 0.001 0.002 0.002 0.003
96 96 (2) 1 : 0.001 0.003 0.990 0.001 0.002 0.001 0.001 0.002
97 97 (0) 1 : 0.001 0.002 0.986 0.001 0.001 0.003 0.001 0.006
98 98 (1) 1 : 0.002 0.003 0.938 0.008 0.006 0.016 0.023 0.004
99 99 (6) 1 : 0.002 0.002 0.983 0.002 0.002 0.001 0.003 0.005
100 100 (11) 1 : 0.003 0.002 0.986 0.002 0.001 0.003 0.002 0.001
101 101 (3) 1 : 0.001 0.001 0.988 0.001 0.001 0.002 0.001 0.003
102 102 (2) 1 : 0.003 0.008 0.969 0.004 0.004 0.005 0.004 0.002
103 103 (5) 1 : 0.001 0.007 0.962 0.001 0.002 0.019 0.004 0.002
104 104 (1) 1 : 0.001 0.002 0.989 0.001 0.001 0.003 0.001 0.004
105 105 (0) 1 : 0.005 0.015 0.918 0.003 0.008 0.046 0.004 0.002
106 106 (1) 1 : 0.001 0.003 0.964 0.005 0.013 0.002 0.004 0.009
107 107 (6) 1 : 0.002 0.004 0.983 0.002 0.002 0.001 0.003 0.003
108 108 (1) 1 : 0.002 0.024 0.955 0.001 0.006 0.002 0.006 0.004
109 109 (18) 1 : 0.002 0.004 0.967 0.001 0.007 0.008 0.005 0.006
110 110 (2) 1 : 0.003 0.005 0.971 0.002 0.002 0.008 0.004 0.007
111 111 (1) 1 : 0.001 0.001 0.992 0.001 0.002 0.002 0.001 0.001
112 112 (2) 1 : 0.001 0.001 0.992 0.000 0.001 0.003 0.001 0.001
113 113 (2) 1 : 0.001 0.003 0.980 0.001 0.001 0.004 0.001 0.008
114 114 (3) 1 : 0.001 0.005 0.983 0.002 0.002 0.004 0.002 0.003
115 115 (2) 1 : 0.001 0.003 0.989 0.001 0.002 0.002 0.001 0.002
116 116 (1) 1 : 0.001 0.001 0.994 0.000 0.001 0.001 0.001 0.002
117 117 (1) 1 : 0.001 0.001 0.986 0.002 0.001 0.002 0.001 0.005
118 118 (3) 1 : 0.004 0.005 0.924 0.006 0.010 0.023 0.021 0.007
119 119 (2) 1 : 0.006 0.035 0.853 0.012 0.022 0.007 0.017 0.048
120 120 (3) 1 : 0.002 0.003 0.985 0.001 0.001 0.001 0.001 0.007
121 121 (0) 1 : 0.002 0.002 0.987 0.002 0.002 0.002 0.001 0.002
122 122 (1) 1 : 0.004 0.003 0.956 0.007 0.019 0.002 0.007 0.003
123 123 (3) 1 : 0.002 0.001 0.984 0.002 0.002 0.003 0.002 0.003
124 124 (3) 1 : 0.001 0.003 0.980 0.001 0.002 0.006 0.002 0.004
125 125 (2) 1 : 0.001 0.003 0.802 0.001 0.002 0.009 0.002 0.180
126 126 (3) 1 : 0.003 0.002 0.981 0.002 0.003 0.004 0.002 0.004
127 127 (1) 1 : 0.001 0.002 0.987 0.001 0.001 0.003 0.001 0.002
128 128 (5) 1 : 0.001 0.001 0.988 0.001 0.001 0.001 0.001 0.006
129 129 (1) 1 : 0.001 0.001 0.991 0.001 0.001 0.002 0.001 0.002
130 130 (5) 1 : 0.001 0.002 0.992 0.001 0.001 0.001 0.001 0.001
131 131 (10) 1 : 0.004 0.005 0.890 0.002 0.041 0.036 0.003 0.019
132 132 (2) 1 : 0.002 0.011 0.943 0.005 0.008 0.004 0.013 0.014
133 133 (4) 1 : 0.001 0.013 0.900 0.001 0.004 0.002 0.002 0.077
134 134 (2) 1 : 0.020 0.003 0.941 0.018 0.005 0.004 0.008 0.001
135 135 (18) 1 : 0.001 0.003 0.980 0.001 0.001 0.002 0.002 0.010
136 136 (3) 1 : 0.002 0.002 0.976 0.003 0.001 0.004 0.001 0.011
137 137 (0) 1 : 0.100 0.002 0.001 0.059 0.829 0.002 0.006 0.001
138 138 (6) 1 : 0.016 0.007 0.001 0.016 0.944 0.008 0.007 0.001
139 139 (17) 2 : 0.001 0.003 0.003 0.003 0.002 0.003 0.002 0.983
140 140 (2) 2 : 0.001 0.002 0.006 0.001 0.001 0.003 0.001 0.986
141 141 (3) 2 : 0.001 0.001 0.001 0.000 0.001 0.001 0.001 0.995
142 142 (0) 2 : 0.002 0.003 0.004 0.001 0.001 0.002 0.001 0.985
143 143 (4) 2 : 0.002 0.003 0.003 0.003 0.002 0.002 0.004 0.981
144 144 (1) 2 : 0.004 0.009 0.006 0.003 0.004 0.001 0.003 0.970
145 145 (8) 2 : 0.002 0.002 0.003 0.001 0.002 0.003 0.002 0.985
146 146 (4) 2 : 0.001 0.003 0.003 0.000 0.001 0.001 0.001 0.989
147 147 (1) 2 : 0.002 0.004 0.016 0.003 0.003 0.001 0.006 0.965
148 148 (17) 2 : 0.001 0.001 0.001 0.001 0.000 0.001 0.001 0.994
149 149 (8) 2 : 0.003 0.007 0.009 0.002 0.002 0.005 0.002 0.970
150 150 (3) 2 : 0.003 0.003 0.001 0.001 0.003 0.003 0.005 0.980
151 151 (0) 2 : 0.001 0.001 0.002 0.001 0.002 0.002 0.001 0.989
152 152 (0) 2 : 0.002 0.002 0.003 0.001 0.002 0.004 0.002 0.986
153 153 (3) 2 : 0.000 0.001 0.005 0.000 0.001 0.002 0.001 0.988
154 154 (1) 2 : 0.002 0.007 0.005 0.001 0.003 0.004 0.001 0.978
155 155 (1) 2 : 0.003 0.003 0.001 0.002 0.001 0.002 0.002 0.986
156 156 (15) 2 : 0.002 0.002 0.001 0.001 0.002 0.001 0.003 0.988
157 157 (3) 2 : 0.001 0.006 0.002 0.001 0.002 0.001 0.002 0.986
158 158 (2) 2 : 0.011 0.029 0.003 0.002 0.004 0.003 0.003 0.946
159 159 (7) 2 : 0.006 0.014 0.007 0.007 0.035 0.003 0.007 0.922
160 160 (4) 2 : 0.009 0.003 0.008 0.002 0.006 0.003 0.026 0.942
161 161 (1) 2 : 0.001 0.003 0.005 0.002 0.002 0.005 0.002 0.980
162 162 (14) 2 : 0.001 0.001 0.002 0.001 0.002 0.001 0.001 0.992
163 163 (15) 2 : 0.001 0.002 0.003 0.004 0.003 0.002 0.005 0.980
164 164 (11) 2 : 0.001 0.001 0.002 0.001 0.001 0.001 0.001 0.993
165 165 (1) 2 : 0.001 0.005 0.005 0.001 0.001 0.003 0.002 0.981
166 166 (8) 2 : 0.010 0.008 0.008 0.005 0.007 0.002 0.012 0.949
167 167 (6) 2 : 0.004 0.018 0.002 0.004 0.004 0.011 0.002 0.955
168 168 (3) 2 : 0.010 0.004 0.012 0.005 0.007 0.077 0.011 0.874
169 169 (6) 2 : 0.006 0.007 0.004 0.001 0.004 0.070 0.005 0.903
170 170 (4) 2 : 0.001 0.008 0.003 0.001 0.002 0.003 0.002 0.981
171 171 (2) 2 : 0.009 0.004 0.004 0.009 0.010 0.002 0.016 0.946
172 172 (6) 2 : 0.001 0.004 0.001 0.002 0.002 0.041 0.005 0.944
173 173 (1) 2 : 0.001 0.006 0.003 0.002 0.002 0.005 0.001 0.980
174 174 (3) 2 : 0.002 0.002 0.004 0.001 0.002 0.003 0.002 0.985
175 175 (2) 2 : 0.003 0.002 0.027 0.001 0.001 0.005 0.003 0.958
176 176 (4) 2 : 0.002 0.001 0.035 0.001 0.001 0.036 0.003 0.921
177 177 (2) 2 : 0.004 0.005 0.036 0.002 0.003 0.083 0.001 0.866
178 178 (3) 2 : 0.001 0.001 0.003 0.001 0.001 0.002 0.001 0.991
179 179 (1) 2 : 0.001 0.001 0.004 0.001 0.001 0.002 0.001 0.988
180 180 (7) 2 : 0.001 0.002 0.004 0.001 0.002 0.002 0.002 0.986
181 181 (0) 2 : 0.002 0.002 0.004 0.002 0.002 0.002 0.001 0.984
182 182 (0) 7 : 0.002 0.983 0.003 0.002 0.002 0.003 0.004 0.002
183 183 (0) 7 : 0.010 0.913 0.020 0.003 0.011 0.004 0.022 0.017
184 184 (1) 7 : 0.008 0.961 0.004 0.003 0.003 0.008 0.001 0.011
185 185 (0) 7 : 0.002 0.924 0.004 0.003 0.056 0.002 0.005 0.004
186 186 (2) 7 : 0.007 0.916 0.005 0.004 0.006 0.039 0.019 0.004
187 187 (0) 7 : 0.006 0.949 0.006 0.006 0.006 0.005 0.018 0.004
188 188 (1) 7 : 0.002 0.972 0.004 0.002 0.004 0.002 0.010 0.005
189 189 (1) 7 : 0.002 0.448 0.003 0.002 0.008 0.002 0.371 0.164
190 190 (0) 7 : 0.004 0.971 0.001 0.001 0.002 0.003 0.003 0.015
191 191 (0) 7 : 0.002 0.980 0.005 0.003 0.003 0.002 0.004 0.002
192 192 (2) 7 : 0.029 0.754 0.008 0.003 0.007 0.182 0.004 0.013
193 193 (1) 7 : 0.002 0.965 0.018 0.003 0.002 0.002 0.003 0.005
194 194 (1) 7 : 0.010 0.931 0.003 0.009 0.027 0.007 0.012 0.002
195 195 (0) 7 : 0.003 0.937 0.019 0.002 0.004 0.013 0.001 0.021
196 196 (0) 7 : 0.002 0.976 0.007 0.002 0.009 0.001 0.001 0.002
197 197 (1) 7 : 0.003 0.961 0.003 0.006 0.014 0.002 0.008 0.004
198 198 (1) 7 : 0.001 0.986 0.001 0.002 0.003 0.001 0.002 0.002
199 199 (0) 7 : 0.002 0.958 0.002 0.007 0.016 0.001 0.012 0.002
200 200 (0) 7 : 0.003 0.656 0.233 0.004 0.024 0.073 0.006 0.002
201 201 (1) 7 : 0.004 0.707 0.021 0.003 0.003 0.002 0.002 0.259
202 202 (0) 7 : 0.001 0.988 0.001 0.002 0.002 0.001 0.001 0.004
203 203 (1) 7 : 0.002 0.984 0.001 0.002 0.002 0.001 0.002 0.005
204 204 (1) 7 : 0.004 0.595 0.279 0.024 0.038 0.007 0.032 0.021
205 205 (0) 7 : 0.003 0.952 0.013 0.011 0.003 0.005 0.011 0.003
206 206 (2) 7 : 0.003 0.683 0.007 0.004 0.007 0.008 0.002 0.287
207 207 (2) 7 : 0.013 0.905 0.001 0.042 0.028 0.001 0.008 0.001
208 208 (2) 7 : 0.010 0.746 0.016 0.007 0.135 0.028 0.039 0.019
209 209 (0) 7 : 0.003 0.848 0.004 0.063 0.015 0.001 0.045 0.020
210 210 (1) 7 : 0.006 0.971 0.005 0.004 0.005 0.003 0.003 0.003
211 211 (0) 7 : 0.002 0.981 0.003 0.003 0.003 0.002 0.001 0.006
212 212 (10) 7 : 0.005 0.910 0.001 0.001 0.002 0.005 0.006 0.070
213 213 (1) 7 : 0.005 0.976 0.002 0.002 0.006 0.001 0.004 0.005
214 214 (0) 7 : 0.010 0.948 0.004 0.002 0.019 0.003 0.008 0.007
215 215 (2) 7 : 0.003 0.567 0.349 0.003 0.002 0.059 0.003 0.014
216 216 (1) 4 : 0.001 0.001 0.001 0.001 0.001 0.995 0.001 0.001
217 217 (1) 4 : 0.001 0.002 0.001 0.002 0.001 0.989 0.002 0.002
218 218 (1) 4 : 0.001 0.001 0.002 0.001 0.001 0.992 0.001 0.001
219 219 (1) 4 : 0.001 0.001 0.001 0.001 0.001 0.994 0.001 0.001
220 220 (1) 4 : 0.002 0.013 0.051 0.002 0.002 0.720 0.004 0.207
221 221 (1) 4 : 0.002 0.001 0.001 0.001 0.003 0.988 0.002 0.001
222 222 (10) 4 : 0.006 0.001 0.003 0.002 0.004 0.977 0.002 0.005
223 223 (2) 4 : 0.001 0.001 0.004 0.000 0.001 0.990 0.001 0.001
224 224 (0) 4 : 0.002 0.002 0.007 0.002 0.002 0.981 0.002 0.001
225 225 (2) 4 : 0.001 0.000 0.001 0.001 0.001 0.996 0.001 0.001
226 226 (0) 4 : 0.001 0.001 0.003 0.001 0.001 0.993 0.001 0.001
1 1 (0) 3 : 0.002 0.001 0.001 0.991 0.001 0.001 0.001 0.002
2 2 (0) 3 : 0.006 0.003 0.009 0.960 0.002 0.003 0.004 0.013
3 3 (0) 3 : 0.001 0.000 0.001 0.994 0.001 0.001 0.001 0.002
4 4 (0) 3 : 0.003 0.001 0.002 0.989 0.001 0.001 0.002 0.002
5 5 (0) 3 : 0.002 0.000 0.001 0.994 0.000 0.000 0.001 0.001
6 6 (0) 3 : 0.001 0.001 0.002 0.989 0.001 0.001 0.002 0.003
7 7 (0) 3 : 0.001 0.001 0.001 0.993 0.000 0.001 0.001 0.002
8 8 (0) 3 : 0.006 0.001 0.002 0.977 0.001 0.000 0.006 0.008
9 9 (0) 3 : 0.002 0.001 0.001 0.992 0.000 0.001 0.001 0.003
10 10 (0) 3 : 0.006 0.004 0.004 0.965 0.002 0.003 0.007 0.008
11 11 (0) 3 : 0.060 0.001 0.008 0.913 0.001 0.001 0.004 0.012
12 12 (0) 3 : 0.006 0.003 0.004 0.977 0.001 0.003 0.002 0.005
13 13 (0) 3 : 0.001 0.000 0.001 0.996 0.000 0.000 0.001 0.001
14 14 (0) 3 : 0.006 0.001 0.002 0.983 0.001 0.001 0.003 0.003
15 15 (0) 3 : 0.001 0.001 0.001 0.993 0.001 0.001 0.001 0.001
16 16 (0) 3 : 0.002 0.001 0.001 0.992 0.000 0.001 0.001 0.002
17 17 (0) 3 : 0.001 0.000 0.001 0.971 0.001 0.001 0.022 0.004
18 18 (0) 3 : 0.001 0.006 0.005 0.940 0.014 0.004 0.004 0.027
19 19 (0) 3 : 0.001 0.001 0.001 0.994 0.000 0.001 0.001 0.001
20 20 (0) 3 : 0.002 0.001 0.001 0.991 0.001 0.001 0.002 0.001
21 21 (0) 3 : 0.001 0.001 0.003 0.983 0.001 0.001 0.002 0.009
22 22 (0) 3 : 0.012 0.001 0.003 0.968 0.002 0.001 0.006 0.006
23 23 (0) 3 : 0.001 0.001 0.001 0.995 0.000 0.000 0.001 0.001
24 24 (0) 3 : 0.002 0.001 0.001 0.992 0.001 0.001 0.002 0.001
25 25 (0) 3 : 0.001 0.002 0.002 0.988 0.001 0.001 0.002 0.004
26 26 (0) 3 : 0.002 0.001 0.001 0.992 0.001 0.001 0.001 0.001
27 27 (0) 3 : 0.001 0.001 0.001 0.994 0.001 0.001 0.001 0.001
28 28 (0) 3 : 0.003 0.003 0.001 0.985 0.001 0.001 0.002 0.003
29 29 (0) 3 : 0.001 0.000 0.002 0.992 0.001 0.001 0.001 0.002
30 30 (0) 3 : 0.001 0.001 0.001 0.995 0.000 0.000 0.001 0.001
31 31 (0) 3 : 0.010 0.002 0.005 0.968 0.003 0.002 0.003 0.007
32 32 (0) 3 : 0.004 0.001 0.002 0.983 0.001 0.001 0.004 0.003
33 33 (0) 3 : 0.002 0.000 0.001 0.993 0.001 0.001 0.001 0.001
34 34 (0) 3 : 0.002 0.001 0.000 0.994 0.000 0.000 0.001 0.001
35 35 (0) 3 : 0.002 0.001 0.001 0.992 0.000 0.001 0.001 0.002
36 36 (0) 5 : 0.004 0.008 0.604 0.069 0.010 0.016 0.232 0.058
37 37 (0) 5 : 0.003 0.004 0.954 0.006 0.019 0.003 0.007 0.004
38 38 (0) 6 : 0.217 0.002 0.001 0.008 0.002 0.001 0.004 0.765
39 39 (0) 6 : 0.001 0.001 0.003 0.015 0.001 0.002 0.975 0.002
40 40 (0) 6 : 0.002 0.006 0.004 0.124 0.001 0.002 0.851 0.011
41 41 (0) 6 : 0.004 0.002 0.100 0.009 0.002 0.003 0.126 0.752
42 42 (0) 6 : 0.244 0.010 0.068 0.012 0.008 0.002 0.021 0.636
43 43 (0) 5 : 0.001 0.004 0.657 0.001 0.194 0.003 0.108 0.031
44 44 (0) 5 : 0.103 0.003 0.031 0.041 0.009 0.001 0.010 0.802
45 45 (0) 5 : 0.001 0.005 0.905 0.001 0.025 0.058 0.002 0.002
46 46 (0) 5 : 0.003 0.013 0.962 0.001 0.010 0.004 0.004 0.003
47 47 (0) 5 : 0.029 0.001 0.722 0.011 0.007 0.002 0.100 0.128
48 48 (0) 5 : 0.002 0.001 0.080 0.016 0.005 0.003 0.867 0.024
49 49 (0) 5 : 0.018 0.006 0.188 0.017 0.016 0.002 0.123 0.630
50 50 (0) 5 : 0.001 0.208 0.729 0.002 0.024 0.003 0.011 0.023
51 51 (0) 5 : 0.005 0.005 0.943 0.002 0.010 0.009 0.020 0.007
52 52 (0) 6 : 0.055 0.001 0.006 0.025 0.001 0.001 0.005 0.907
53 53 (0) 6 : 0.008 0.002 0.009 0.110 0.019 0.007 0.032 0.813
54 54 (0) 6 : 0.130 0.006 0.008 0.045 0.002 0.003 0.110 0.695
55 55 (0) 6 : 0.008 0.041 0.014 0.011 0.007 0.007 0.820 0.092
56 56 (0) 6 : 0.982 0.001 0.002 0.010 0.001 0.001 0.001 0.002
57 57 (0) 6 : 0.009 0.001 0.008 0.047 0.001 0.001 0.859 0.075
58 58 (0) 6 : 0.437 0.019 0.001 0.006 0.005 0.017 0.006 0.507
59 59 (0) 6 : 0.006 0.064 0.017 0.048 0.013 0.003 0.687 0.162
60 60 (0) 6 : 0.991 0.000 0.001 0.001 0.001 0.001 0.003 0.001
61 61 (0) 6 : 0.990 0.001 0.001 0.003 0.001 0.001 0.001 0.002
62 62 (0) 6 : 0.052 0.001 0.001 0.007 0.002 0.001 0.007 0.928
63 63 (0) 6 : 0.004 0.001 0.001 0.004 0.001 0.002 0.005 0.982
64 64 (0) 6 : 0.005 0.004 0.001 0.421 0.004 0.008 0.009 0.548
65 65 (0) 6 : 0.010 0.003 0.006 0.458 0.003 0.005 0.288 0.228
66 66 (0) 6 : 0.003 0.001 0.156 0.455 0.004 0.001 0.008 0.371
67 67 (0) 6 : 0.033 0.018 0.185 0.495 0.011 0.001 0.010 0.246
68 68 (0) 6 : 0.994 0.001 0.001 0.001 0.001 0.001 0.001 0.001
69 69 (0) 6 : 0.002 0.001 0.050 0.422 0.002 0.003 0.010 0.509
70 70 (0) 6 : 0.959 0.002 0.004 0.010 0.004 0.003 0.004 0.014
71 71 (0) 6 : 0.979 0.001 0.001 0.008 0.001 0.002 0.002 0.006
72 72 (0) 6 : 0.987 0.001 0.003 0.002 0.002 0.001 0.002 0.002
73 73 (0) 6 : 0.667 0.083 0.004 0.007 0.002 0.012 0.004 0.221
74 74 (0) 6 : 0.002 0.001 0.003 0.008 0.001 0.007 0.001 0.977
75 75 (0) 6 : 0.004 0.002 0.005 0.017 0.002 0.001 0.047 0.923
76 76 (0) 6 : 0.002 0.009 0.015 0.004 0.014 0.003 0.009 0.943
77 77 (0) 6 : 0.615 0.006 0.008 0.006 0.005 0.166 0.061 0.132
78 78 (0) 6 : 0.069 0.001 0.001 0.026 0.001 0.002 0.005 0.895
79 79 (0) 6 : 0.001 0.001 0.003 0.006 0.004 0.003 0.090 0.892
80 80 (0) 6 : 0.118 0.001 0.002 0.009 0.003 0.002 0.009 0.855
81 81 (0) 6 : 0.005 0.001 0.001 0.007 0.001 0.002 0.008 0.975
82 82 (0) 6 : 0.005 0.011 0.006 0.140 0.023 0.003 0.012 0.799
83 83 (0) 6 : 0.612 0.002 0.009 0.015 0.007 0.008 0.030 0.318
84 84 (0) 6 : 0.237 0.001 0.002 0.005 0.001 0.001 0.003 0.750
85 85 (0) 6 : 0.990 0.001 0.002 0.002 0.001 0.001 0.002 0.002
86 86 (0) 6 : 0.006 0.006 0.008 0.003 0.006 0.009 0.952 0.010
87 87 (0) 6 : 0.053 0.003 0.008 0.073 0.007 0.007 0.059 0.791
88 88 (0) 5 : 0.002 0.003 0.602 0.001 0.219 0.004 0.129 0.039
89 89 (0) 5 : 0.001 0.005 0.963 0.001 0.018 0.008 0.002 0.002
90 90 (0) 5 : 0.002 0.002 0.983 0.001 0.007 0.001 0.003 0.002
91 91 (0) 5 : 0.005 0.017 0.429 0.006 0.003 0.004 0.042 0.495
92 92 (0) 5 : 0.005 0.002 0.952 0.002 0.008 0.002 0.026 0.003
93 93 (0) 5 : 0.001 0.021 0.838 0.001 0.131 0.002 0.002 0.003
94 94 (2) 1 : 0.014 0.912 0.002 0.004 0.003 0.050 0.012 0.003
95 95 (3) 1 : 0.001 0.989 0.001 0.002 0.002 0.001 0.001 0.002
96 96 (2) 1 : 0.001 0.990 0.001 0.001 0.003 0.001 0.002 0.001
97 97 (0) 1 : 0.001 0.984 0.002 0.001 0.006 0.005 0.001 0.001
98 98 (1) 1 : 0.002 0.945 0.004 0.010 0.005 0.009 0.011 0.013
99 99 (6) 1 : 0.002 0.983 0.002 0.002 0.006 0.001 0.002 0.002
100 100 (11) 1 : 0.002 0.985 0.003 0.002 0.004 0.001 0.002 0.001
101 101 (3) 1 : 0.001 0.987 0.001 0.002 0.003 0.004 0.001 0.001
102 102 (2) 1 : 0.003 0.960 0.006 0.003 0.004 0.014 0.003 0.006
103 103 (5) 1 : 0.001 0.959 0.004 0.001 0.009 0.017 0.002 0.005
104 104 (1) 1 : 0.001 0.988 0.002 0.001 0.002 0.003 0.001 0.002
105 105 (0) 1 : 0.004 0.902 0.020 0.003 0.002 0.055 0.011 0.003
106 106 (1) 1 : 0.001 0.963 0.003 0.007 0.008 0.001 0.015 0.002
107 107 (6) 1 : 0.002 0.979 0.009 0.003 0.003 0.001 0.002 0.002
108 108 (1) 1 : 0.002 0.914 0.050 0.002 0.009 0.004 0.007 0.012
109 109 (18) 1 : 0.002 0.950 0.003 0.001 0.005 0.029 0.006 0.003
110 110 (2) 1 : 0.003 0.974 0.003 0.002 0.005 0.006 0.002 0.005
111 111 (1) 1 : 0.001 0.991 0.002 0.001 0.002 0.001 0.001 0.001
112 112 (2) 1 : 0.001 0.992 0.001 0.001 0.002 0.001 0.001 0.001
113 113 (2) 1 : 0.001 0.984 0.004 0.001 0.004 0.002 0.001 0.002
114 114 (3) 1 : 0.002 0.979 0.005 0.003 0.004 0.003 0.002 0.002
115 115 (2) 1 : 0.001 0.991 0.002 0.001 0.003 0.001 0.002 0.001
116 116 (1) 1 : 0.001 0.992 0.001 0.001 0.003 0.002 0.001 0.001
117 117 (1) 1 : 0.001 0.988 0.002 0.001 0.004 0.002 0.001 0.001
118 118 (3) 1 : 0.004 0.908 0.014 0.004 0.005 0.034 0.015 0.016
119 119 (2) 1 : 0.007 0.857 0.050 0.007 0.028 0.008 0.020 0.023
120 120 (3) 1 : 0.001 0.985 0.002 0.001 0.005 0.002 0.001 0.002
121 121 (0) 1 : 0.001 0.991 0.001 0.001 0.002 0.003 0.001 0.001
122 122 (1) 1 : 0.004 0.957 0.005 0.007 0.004 0.002 0.011 0.011
123 123 (3) 1 : 0.003 0.982 0.003 0.001 0.003 0.004 0.003 0.002
124 124 (3) 1 : 0.001 0.970 0.006 0.001 0.012 0.008 0.001 0.001
125 125 (2) 1 : 0.001 0.805 0.003 0.001 0.177 0.010 0.002 0.002
126 126 (3) 1 : 0.002 0.982 0.002 0.005 0.004 0.002 0.001 0.002
127 127 (1) 1 : 0.001 0.989 0.001 0.002 0.001 0.002 0.001 0.002
128 128 (5) 1 : 0.001 0.987 0.001 0.001 0.008 0.001 0.001 0.001
129 129 (1) 1 : 0.001 0.985 0.002 0.001 0.005 0.005 0.001 0.001
130 130 (5) 1 : 0.001 0.992 0.001 0.001 0.001 0.002 0.001 0.001
131 131 (10) 1 : 0.005 0.898 0.003 0.005 0.036 0.035 0.016 0.002
132 132 (2) 1 : 0.005 0.940 0.014 0.006 0.009 0.004 0.009 0.014
133 133 (4) 1 : 0.002 0.870 0.018 0.001 0.100 0.003 0.003 0.002
134 134 (2) 1 : 0.015 0.945 0.002 0.023 0.002 0.001 0.003 0.008
135 135 (18) 1 : 0.003 0.976 0.002 0.001 0.012 0.003 0.001 0.002
136 136 (3) 1 : 0.001 0.979 0.002 0.002 0.008 0.005 0.002 0.001
137 137 (0) 1 : 0.058 0.002 0.004 0.112 0.002 0.001 0.818 0.003
138 138 (6) 1 : 0.010 0.001 0.004 0.016 0.001 0.004 0.955 0.010
139 139 (17) 2 : 0.002 0.002 0.012 0.002 0.976 0.003 0.001 0.001
140 140 (2) 2 : 0.001 0.007 0.002 0.001 0.985 0.002 0.001 0.001
141 141 (3) 2 : 0.000 0.001 0.002 0.000 0.994 0.001 0.001 0.001
142 142 (0) 2 : 0.002 0.005 0.003 0.001 0.984 0.003 0.001 0.001
143 143 (4) 2 : 0.001 0.004 0.002 0.003 0.981 0.002 0.002 0.005
144 144 (1) 2 : 0.006 0.003 0.004 0.002 0.976 0.001 0.005 0.003
145 145 (8) 2 : 0.002 0.005 0.003 0.001 0.977 0.006 0.002 0.002
146 146 (4) 2 : 0.001 0.004 0.003 0.000 0.989 0.001 0.001 0.001
147 147 (1) 2 : 0.002 0.014 0.003 0.002 0.968 0.003 0.003 0.005
148 148 (17) 2 : 0.001 0.001 0.001 0.001 0.994 0.001 0.001 0.001
149 149 (8) 2 : 0.003 0.008 0.003 0.002 0.977 0.002 0.003 0.002
150 150 (3) 2 : 0.002 0.001 0.004 0.002 0.984 0.002 0.002 0.002
151 151 (0) 2 : 0.002 0.002 0.001 0.001 0.989 0.002 0.002 0.002
152 152 (0) 2 : 0.001 0.005 0.001 0.001 0.985 0.002 0.003 0.002
153 153 (3) 2 : 0.001 0.006 0.002 0.001 0.986 0.002 0.001 0.001
154 154 (1) 2 : 0.001 0.008 0.008 0.001 0.976 0.004 0.001 0.001
155 155 (1) 2 : 0.002 0.002 0.002 0.002 0.984 0.002 0.001 0.005
156 156 (15) 2 : 0.001 0.002 0.003 0.002 0.987 0.002 0.002 0.001
157 157 (3) 2 : 0.002 0.002 0.003 0.001 0.988 0.002 0.001 0.002
158 158 (2) 2 : 0.004 0.002 0.020 0.002 0.961 0.003 0.004 0.003
159 159 (7) 2 : 0.004 0.008 0.015 0.005 0.930 0.004 0.029 0.006
160 160 (4) 2 : 0.010 0.003 0.003 0.003 0.939 0.002 0.004 0.036
161 161 (1) 2 : 0.001 0.005 0.005 0.003 0.973 0.009 0.002 0.002
162 162 (14) 2 : 0.001 0.002 0.001 0.001 0.991 0.002 0.001 0.001
163 163 (15) 2 : 0.001 0.002 0.005 0.002 0.980 0.003 0.001 0.005
164 164 (11) 2 : 0.001 0.002 0.001 0.001 0.992 0.001 0.001 0.001
165 165 (1) 2 : 0.001 0.007 0.005 0.002 0.979 0.003 0.002 0.001
166 166 (8) 2 : 0.007 0.002 0.008 0.003 0.959 0.002 0.009 0.010
167 167 (6) 2 : 0.005 0.003 0.017 0.003 0.955 0.013 0.003 0.002
168 168 (3) 2 : 0.013 0.005 0.005 0.005 0.887 0.066 0.005 0.015
169 169 (6) 2 : 0.005 0.020 0.004 0.001 0.900 0.056 0.005 0.008
170 170 (4) 2 : 0.001 0.001 0.002 0.001 0.986 0.005 0.002 0.001
171 171 (2) 2 : 0.006 0.005 0.013 0.007 0.939 0.002 0.017 0.011
172 172 (6) 2 : 0.002 0.001 0.005 0.001 0.959 0.024 0.003 0.004
173 173 (1) 2 : 0.001 0.005 0.003 0.001 0.983 0.003 0.002 0.002
174 174 (3) 2 : 0.001 0.002 0.003 0.001 0.986 0.003 0.001 0.003
175 175 (2) 2 : 0.004 0.021 0.001 0.001 0.961 0.006 0.001 0.004
176 176 (4) 2 : 0.001 0.053 0.002 0.001 0.912 0.026 0.001 0.002
177 177 (2) 2 : 0.002 0.058 0.006 0.002 0.850 0.076 0.005 0.002
178 178 (3) 2 : 0.001 0.005 0.002 0.001 0.988 0.001 0.001 0.001
179 179 (1) 2 : 0.002 0.003 0.001 0.001 0.987 0.003 0.001 0.001
180 180 (7) 2 : 0.001 0.003 0.006 0.001 0.983 0.002 0.001 0.003
181 181 (0) 2 : 0.002 0.007 0.002 0.001 0.981 0.002 0.002 0.002
182 182 (0) 7 : 0.003 0.004 0.978 0.002 0.003 0.003 0.004 0.004
183 183 (0) 7 : 0.016 0.017 0.923 0.003 0.017 0.003 0.007 0.014
184 184 (1) 7 : 0.008 0.004 0.961 0.002 0.008 0.010 0.003 0.004
185 185 (0) 7 : 0.003 0.008 0.867 0.004 0.002 0.003 0.104 0.008
186 186 (2) 7 : 0.009 0.006 0.918 0.006 0.005 0.026 0.010 0.020
187 187 (0) 7 : 0.006 0.003 0.946 0.012 0.014 0.002 0.004 0.012
188 188 (1) 7 : 0.003 0.005 0.973 0.002 0.002 0.002 0.006 0.006
189 189 (1) 7 : 0.002 0.003 0.426 0.001 0.161 0.002 0.013 0.392
190 190 (0) 7 : 0.003 0.001 0.981 0.002 0.004 0.005 0.002 0.002
191 191 (0) 7 : 0.004 0.004 0.976 0.003 0.002 0.002 0.005 0.005
192 192 (2) 7 : 0.039 0.009 0.732 0.003 0.008 0.200 0.003 0.004
193 193 (1) 7 : 0.001 0.018 0.966 0.002 0.006 0.002 0.002 0.003
194 194 (1) 7 : 0.010 0.003 0.939 0.014 0.001 0.010 0.005 0.017
195 195 (0) 7 : 0.002 0.016 0.942 0.002 0.021 0.014 0.002 0.002
196 196 (0) 7 : 0.005 0.003 0.982 0.003 0.003 0.001 0.002 0.001
197 197 (1) 7 : 0.002 0.006 0.968 0.010 0.003 0.001 0.006 0.004
198 198 (1) 7 : 0.002 0.002 0.980 0.003 0.004 0.001 0.006 0.002
199 199 (0) 7 : 0.005 0.002 0.968 0.007 0.001 0.002 0.010 0.007
200 200 (0) 7 : 0.002 0.265 0.641 0.004 0.003 0.049 0.025 0.012
201 201 (1) 7 : 0.002 0.020 0.694 0.003 0.271 0.002 0.008 0.001
202 202 (0) 7 : 0.001 0.001 0.991 0.001 0.003 0.001 0.001 0.001
203 203 (1) 7 : 0.002 0.003 0.978 0.003 0.009 0.002 0.002 0.002
204 204 (1) 7 : 0.005 0.244 0.614 0.036 0.037 0.017 0.019 0.029
205 205 (0) 7 : 0.004 0.010 0.961 0.005 0.005 0.003 0.006 0.006
206 206 (2) 7 : 0.002 0.007 0.763 0.002 0.214 0.006 0.003 0.003
207 207 (2) 7 : 0.006 0.001 0.923 0.030 0.002 0.002 0.027 0.009
208 208 (2) 7 : 0.005 0.009 0.715 0.003 0.016 0.035 0.124 0.095
209 209 (0) 7 : 0.005 0.004 0.857 0.056 0.016 0.001 0.012 0.048
210 210 (1) 7 : 0.008 0.007 0.970 0.003 0.003 0.003 0.003 0.003
211 211 (0) 7 : 0.002 0.002 0.982 0.002 0.005 0.003 0.002 0.002
212 212 (10) 7 : 0.004 0.002 0.909 0.002 0.072 0.003 0.003 0.006
213 213 (1) 7 : 0.006 0.003 0.965 0.003 0.006 0.001 0.012 0.004
214 214 (0) 7 : 0.006 0.003 0.953 0.002 0.017 0.004 0.005 0.011
215 215 (2) 7 : 0.004 0.236 0.565 0.003 0.013 0.166 0.011 0.002
216 216 (1) 4 : 0.000 0.001 0.001 0.001 0.001 0.995 0.001 0.000
217 217 (1) 4 : 0.001 0.001 0.001 0.002 0.001 0.989 0.001 0.004
218 218 (1) 4 : 0.001 0.002 0.001 0.001 0.001 0.993 0.001 0.001
219 219 (1) 4 : 0.001 0.001 0.000 0.001 0.001 0.995 0.001 0.001
220 220 (1) 4 : 0.001 0.032 0.009 0.001 0.236 0.716 0.003 0.003
221 221 (1) 4 : 0.002 0.003 0.002 0.001 0.001 0.985 0.003 0.003
222 222 (10) 4 : 0.006 0.006 0.002 0.001 0.006 0.973 0.004 0.002
223 223 (2) 4 : 0.001 0.003 0.001 0.001 0.001 0.993 0.001 0.001
224 224 (0) 4 : 0.002 0.009 0.004 0.001 0.001 0.979 0.003 0.001
225 225 (2) 4 : 0.000 0.001 0.001 0.001 0.001 0.995 0.001 0.001
226 226 (0) 4 : 0.001 0.002 0.001 0.001 0.001 0.994 0.001 0.001
