1.0000 0.9664 0.9842 0.9641 0.9803 0.9808 0.9756 0.9764 0.6207 0.9825
0.9664 1.0000 0.9702 0.9783 0.9715 0.9735 0.9715 0.9734 0.6291 0.9700
0.9842 0.9702 1.0000 0.9668 0.9815 0.9818 0.9764 0.9787 0.6229 0.9831
0.9641 0.9783 0.9668 1.0000 0.9665 0.9683 0.9657 0.9699 0.6309 0.9643
0.9803 0.9715 0.9815 0.9665 1.0000 0.9789 0.9775 0.9768 0.6228 0.9824
0.9808 0.9735 0.9818 0.9683 0.9789 1.0000 0.9795 0.9804 0.6239 0.9794
0.9756 0.9715 0.9764 0.9657 0.9775 0.9795 1.0000 0.9826 0.6236 0.9799
0.9764 0.9734 0.9787 0.9699 0.9768 0.9804 0.9826 1.0000 0.6258 0.9801
0.6207 0.6291 0.6229 0.6309 0.6228 0.6239 0.6236 0.6258 1.0000 0.6214
0.9825 0.9700 0.9831 0.9643 0.9824 0.9794 0.9799 0.9801 0.6214 1.0000
