1 1 (0) 3 : 0.001 0.002 0.001 0.002 0.001 0.002 0.990
2 2 (0) 3 : 0.002 0.009 0.009 0.008 0.003 0.008 0.962
3 3 (0) 3 : 0.001 0.001 0.002 0.001 0.001 0.002 0.993
4 4 (0) 3 : 0.001 0.003 0.002 0.002 0.000 0.003 0.989
5 5 (0) 3 : 0.001 0.001 0.001 0.001 0.000 0.001 0.995
6 6 (0) 3 : 0.001 0.003 0.002 0.003 0.001 0.003 0.987
7 7 (0) 3 : 0.001 0.001 0.001 0.001 0.001 0.001 0.994
8 8 (0) 3 : 0.001 0.009 0.001 0.009 0.001 0.003 0.978
9 9 (0) 3 : 0.001 0.002 0.001 0.003 0.000 0.002 0.991
10 10 (0) 3 : 0.002 0.007 0.006 0.006 0.003 0.015 0.961
11 11 (0) 3 : 0.001 0.066 0.005 0.007 0.001 0.010 0.908
12 12 (0) 3 : 0.002 0.006 0.003 0.005 0.002 0.004 0.979
13 13 (0) 3 : 0.000 0.001 0.001 0.001 0.000 0.001 0.995
14 14 (0) 3 : 0.001 0.009 0.001 0.002 0.002 0.002 0.982
15 15 (0) 3 : 0.001 0.002 0.001 0.001 0.001 0.001 0.993
16 16 (0) 3 : 0.000 0.003 0.001 0.002 0.001 0.001 0.992
17 17 (0) 3 : 0.000 0.002 0.001 0.029 0.001 0.001 0.965
18 18 (0) 3 : 0.011 0.001 0.008 0.027 0.003 0.016 0.933
19 19 (0) 3 : 0.001 0.002 0.001 0.001 0.001 0.001 0.995
20 20 (0) 3 : 0.001 0.003 0.001 0.002 0.001 0.001 0.991
21 21 (0) 3 : 0.001 0.002 0.002 0.004 0.001 0.004 0.986
22 22 (0) 3 : 0.002 0.009 0.005 0.008 0.001 0.003 0.973
23 23 (0) 3 : 0.000 0.004 0.001 0.001 0.001 0.001 0.992
24 24 (0) 3 : 0.001 0.003 0.001 0.001 0.001 0.001 0.993
25 25 (0) 3 : 0.002 0.003 0.002 0.002 0.002 0.002 0.988
26 26 (0) 3 : 0.001 0.003 0.002 0.001 0.001 0.002 0.991
27 27 (0) 3 : 0.001 0.001 0.001 0.001 0.001 0.002 0.994
28 28 (0) 3 : 0.002 0.003 0.003 0.002 0.002 0.004 0.986
29 29 (0) 3 : 0.000 0.002 0.001 0.002 0.001 0.002 0.992
30 30 (0) 3 : 0.000 0.001 0.001 0.001 0.001 0.001 0.996
31 31 (0) 3 : 0.002 0.018 0.004 0.004 0.002 0.004 0.967
32 32 (0) 3 : 0.001 0.005 0.002 0.003 0.002 0.005 0.983
33 33 (0) 3 : 0.000 0.001 0.001 0.001 0.000 0.001 0.995
34 34 (0) 3 : 0.001 0.002 0.001 0.001 0.001 0.001 0.994
35 35 (0) 3 : 0.001 0.001 0.001 0.002 0.001 0.001 0.994
36 36 (0) 5 : 0.031 0.004 0.354 0.015 0.005 0.585 0.007
37 37 (0) 5 : 0.005 0.004 0.974 0.009 0.002 0.003 0.003
38 38 (0) 6 : 0.001 0.335 0.001 0.640 0.002 0.011 0.011
39 39 (0) 6 : 0.001 0.002 0.004 0.352 0.002 0.628 0.011
40 40 (0) 6 : 0.003 0.002 0.013 0.217 0.003 0.640 0.122
41 41 (0) 6 : 0.002 0.021 0.025 0.411 0.003 0.523 0.014
42 42 (0) 6 : 0.014 0.353 0.044 0.438 0.002 0.140 0.009
43 43 (0) 5 : 0.009 0.002 0.981 0.002 0.003 0.003 0.001
44 44 (0) 5 : 0.004 0.075 0.021 0.028 0.002 0.836 0.034
45 45 (0) 5 : 0.008 0.001 0.932 0.002 0.053 0.004 0.001
46 46 (0) 5 : 0.012 0.002 0.967 0.006 0.002 0.009 0.002
47 47 (0) 5 : 0.010 0.027 0.616 0.055 0.003 0.286 0.003
48 48 (0) 5 : 0.008 0.002 0.052 0.129 0.002 0.799 0.008
49 49 (0) 5 : 0.011 0.014 0.093 0.286 0.004 0.573 0.017
50 50 (0) 5 : 0.326 0.003 0.633 0.021 0.002 0.012 0.003
51 51 (0) 5 : 0.006 0.004 0.928 0.008 0.016 0.033 0.004
52 52 (0) 6 : 0.002 0.073 0.002 0.872 0.002 0.012 0.038
53 53 (0) 6 : 0.003 0.011 0.004 0.201 0.006 0.698 0.077
54 54 (0) 6 : 0.003 0.140 0.003 0.109 0.002 0.710 0.035
55 55 (0) 6 : 0.047 0.007 0.030 0.806 0.023 0.083 0.004
56 56 (0) 6 : 0.001 0.986 0.002 0.001 0.001 0.002 0.007
57 57 (0) 6 : 0.003 0.011 0.010 0.945 0.001 0.021 0.009
58 58 (0) 6 : 0.024 0.546 0.003 0.347 0.018 0.057 0.005
59 59 (0) 6 : 0.012 0.003 0.005 0.010 0.004 0.961 0.006
60 60 (0) 6 : 0.001 0.993 0.001 0.001 0.001 0.002 0.001
61 61 (0) 6 : 0.001 0.991 0.001 0.002 0.001 0.002 0.001
62 62 (0) 6 : 0.002 0.053 0.005 0.915 0.001 0.020 0.005
63 63 (0) 6 : 0.001 0.013 0.002 0.972 0.001 0.005 0.006
64 64 (0) 6 : 0.007 0.008 0.001 0.519 0.010 0.026 0.429
65 65 (0) 6 : 0.002 0.010 0.007 0.500 0.004 0.056 0.422
66 66 (0) 6 : 0.004 0.003 0.058 0.203 0.001 0.303 0.427
67 67 (0) 6 : 0.010 0.010 0.057 0.012 0.001 0.474 0.435
68 68 (0) 6 : 0.001 0.993 0.001 0.002 0.001 0.001 0.001
69 69 (0) 6 : 0.003 0.003 0.011 0.226 0.003 0.371 0.383
70 70 (0) 6 : 0.002 0.961 0.002 0.013 0.003 0.008 0.011
71 71 (0) 6 : 0.001 0.979 0.001 0.003 0.001 0.003 0.011
72 72 (0) 6 : 0.001 0.990 0.002 0.002 0.001 0.002 0.002
73 73 (0) 6 : 0.095 0.756 0.004 0.067 0.022 0.039 0.017
74 74 (0) 6 : 0.002 0.003 0.003 0.972 0.004 0.005 0.010
75 75 (0) 6 : 0.002 0.003 0.003 0.973 0.001 0.006 0.013
76 76 (0) 6 : 0.020 0.012 0.004 0.920 0.007 0.028 0.009
77 77 (0) 6 : 0.046 0.684 0.008 0.078 0.157 0.018 0.010
78 78 (0) 6 : 0.001 0.155 0.002 0.817 0.004 0.004 0.016
79 79 (0) 6 : 0.003 0.003 0.004 0.978 0.003 0.006 0.002
80 80 (0) 6 : 0.001 0.138 0.002 0.840 0.002 0.004 0.012
81 81 (0) 6 : 0.001 0.005 0.001 0.979 0.001 0.004 0.007
82 82 (0) 6 : 0.011 0.039 0.008 0.238 0.003 0.607 0.093
83 83 (0) 6 : 0.004 0.689 0.012 0.244 0.008 0.036 0.007
84 84 (0) 6 : 0.001 0.365 0.001 0.618 0.002 0.002 0.011
85 85 (0) 6 : 0.000 0.990 0.002 0.003 0.001 0.002 0.002
86 86 (0) 6 : 0.005 0.003 0.003 0.021 0.006 0.960 0.003
87 87 (0) 6 : 0.002 0.054 0.004 0.006 0.008 0.884 0.043
88 88 (0) 5 : 0.011 0.001 0.973 0.003 0.004 0.006 0.001
89 89 (0) 5 : 0.013 0.002 0.967 0.004 0.010 0.002 0.002
90 90 (0) 5 : 0.004 0.003 0.986 0.002 0.001 0.002 0.002
91 91 (0) 5 : 0.004 0.003 0.277 0.018 0.003 0.685 0.010
92 92 (0) 5 : 0.002 0.003 0.962 0.007 0.002 0.024 0.001
93 93 (0) 5 : 0.117 0.001 0.870 0.002 0.002 0.005 0.001
94 94 (2) 1 : 0.742 0.015 0.002 0.009 0.217 0.005 0.011
95 95 (3) 1 : 0.985 0.002 0.002 0.003 0.003 0.002 0.003
96 96 (2) 1 : 0.990 0.003 0.002 0.002 0.001 0.001 0.001
97 97 (0) 1 : 0.966 0.001 0.003 0.002 0.024 0.003 0.001
98 98 (1) 1 : 0.839 0.005 0.003 0.016 0.089 0.014 0.034
99 99 (6) 1 : 0.988 0.002 0.002 0.002 0.002 0.002 0.003
100 100 (11) 1 : 0.977 0.003 0.005 0.003 0.007 0.003 0.003
101 101 (3) 1 : 0.975 0.001 0.002 0.003 0.012 0.003 0.004
102 102 (2) 1 : 0.870 0.008 0.008 0.012 0.072 0.019 0.011
103 103 (5) 1 : 0.862 0.002 0.002 0.002 0.129 0.002 0.001
104 104 (1) 1 : 0.987 0.001 0.002 0.001 0.006 0.002 0.001
105 105 (0) 1 : 0.720 0.002 0.006 0.004 0.258 0.007 0.003
106 106 (1) 1 : 0.982 0.001 0.002 0.002 0.004 0.004 0.004
107 107 (6) 1 : 0.977 0.002 0.005 0.002 0.004 0.004 0.006
108 108 (1) 1 : 0.916 0.002 0.027 0.025 0.006 0.019 0.004
109 109 (18) 1 : 0.944 0.001 0.003 0.003 0.042 0.005 0.002
110 110 (2) 1 : 0.935 0.010 0.003 0.007 0.036 0.004 0.004
111 111 (1) 1 : 0.990 0.003 0.001 0.001 0.003 0.002 0.001
112 112 (2) 1 : 0.940 0.001 0.002 0.001 0.053 0.001 0.001
113 113 (2) 1 : 0.982 0.001 0.003 0.002 0.009 0.002 0.001
114 114 (3) 1 : 0.952 0.002 0.003 0.005 0.028 0.003 0.006
115 115 (2) 1 : 0.989 0.001 0.003 0.001 0.003 0.002 0.001
116 116 (1) 1 : 0.991 0.001 0.001 0.001 0.004 0.001 0.001
117 117 (1) 1 : 0.978 0.002 0.002 0.003 0.012 0.001 0.001
118 118 (3) 1 : 0.857 0.002 0.006 0.014 0.097 0.018 0.006
119 119 (2) 1 : 0.886 0.018 0.015 0.038 0.010 0.015 0.017
120 120 (3) 1 : 0.992 0.001 0.001 0.001 0.002 0.001 0.001
121 121 (0) 1 : 0.970 0.003 0.004 0.003 0.009 0.006 0.005
122 122 (1) 1 : 0.931 0.004 0.006 0.012 0.005 0.015 0.027
123 123 (3) 1 : 0.954 0.004 0.001 0.003 0.031 0.004 0.003
124 124 (3) 1 : 0.947 0.002 0.004 0.002 0.042 0.002 0.001
125 125 (2) 1 : 0.985 0.000 0.001 0.001 0.009 0.002 0.001
126 126 (3) 1 : 0.923 0.006 0.003 0.004 0.049 0.004 0.010
127 127 (1) 1 : 0.970 0.002 0.003 0.003 0.017 0.002 0.003
128 128 (5) 1 : 0.994 0.001 0.001 0.001 0.001 0.002 0.001
129 129 (1) 1 : 0.983 0.001 0.001 0.002 0.010 0.002 0.001
130 130 (5) 1 : 0.984 0.002 0.001 0.004 0.003 0.003 0.002
131 131 (10) 1 : 0.943 0.010 0.003 0.007 0.015 0.012 0.009
132 132 (2) 1 : 0.953 0.003 0.007 0.016 0.005 0.008 0.008
133 133 (4) 1 : 0.987 0.003 0.002 0.001 0.003 0.003 0.001
134 134 (2) 1 : 0.857 0.042 0.003 0.006 0.028 0.017 0.047
135 135 (18) 1 : 0.984 0.002 0.002 0.001 0.007 0.002 0.002
136 136 (3) 1 : 0.983 0.001 0.002 0.001 0.010 0.002 0.002
137 137 (0) 1 : 0.003 0.033 0.004 0.018 0.003 0.875 0.064
138 138 (6) 1 : 0.001 0.005 0.003 0.016 0.004 0.957 0.015
139 139 (17) 2 : 0.948 0.003 0.035 0.005 0.002 0.004 0.003
140 140 (2) 2 : 0.993 0.001 0.001 0.001 0.001 0.001 0.001
141 141 (3) 2 : 0.988 0.001 0.006 0.001 0.002 0.001 0.001
142 142 (0) 2 : 0.979 0.003 0.011 0.002 0.002 0.003 0.001
143 143 (4) 2 : 0.967 0.002 0.011 0.007 0.002 0.008 0.003
144 144 (1) 2 : 0.935 0.006 0.038 0.004 0.001 0.014 0.002
145 145 (8) 2 : 0.983 0.003 0.005 0.001 0.004 0.002 0.001
146 146 (4) 2 : 0.978 0.001 0.016 0.001 0.001 0.002 0.001
147 147 (1) 2 : 0.988 0.002 0.003 0.002 0.002 0.002 0.001
148 148 (17) 2 : 0.989 0.001 0.006 0.001 0.001 0.002 0.001
149 149 (8) 2 : 0.985 0.002 0.007 0.002 0.002 0.002 0.001
150 150 (3) 2 : 0.951 0.002 0.020 0.005 0.001 0.018 0.002
151 151 (0) 2 : 0.986 0.003 0.005 0.001 0.001 0.002 0.001
152 152 (0) 2 : 0.991 0.001 0.002 0.002 0.001 0.002 0.001
153 153 (3) 2 : 0.992 0.001 0.002 0.002 0.002 0.001 0.001
154 154 (1) 2 : 0.968 0.002 0.021 0.002 0.003 0.003 0.001
155 155 (1) 2 : 0.984 0.002 0.008 0.003 0.001 0.002 0.001
156 156 (15) 2 : 0.967 0.002 0.007 0.008 0.002 0.011 0.003
157 157 (3) 2 : 0.976 0.004 0.013 0.002 0.002 0.002 0.001
158 158 (2) 2 : 0.800 0.006 0.183 0.003 0.002 0.005 0.002
159 159 (7) 2 : 0.958 0.002 0.020 0.005 0.002 0.011 0.002
160 160 (4) 2 : 0.956 0.005 0.010 0.022 0.002 0.003 0.002
161 161 (1) 2 : 0.984 0.001 0.007 0.002 0.002 0.001 0.002
162 162 (14) 2 : 0.990 0.001 0.003 0.002 0.002 0.002 0.001
163 163 (15) 2 : 0.963 0.001 0.010 0.011 0.002 0.008 0.004
164 164 (11) 2 : 0.993 0.001 0.002 0.001 0.001 0.001 0.001
165 165 (1) 2 : 0.970 0.002 0.021 0.003 0.002 0.002 0.001
166 166 (8) 2 : 0.925 0.008 0.021 0.023 0.002 0.018 0.004
167 167 (6) 2 : 0.842 0.005 0.141 0.002 0.004 0.003 0.002
168 168 (3) 2 : 0.881 0.032 0.019 0.009 0.034 0.020 0.004
169 169 (6) 2 : 0.949 0.002 0.017 0.003 0.021 0.005 0.001
170 170 (4) 2 : 0.971 0.002 0.018 0.001 0.002 0.006 0.001
171 171 (2) 2 : 0.909 0.005 0.043 0.013 0.001 0.023 0.006
172 172 (6) 2 : 0.897 0.001 0.063 0.005 0.027 0.006 0.001
173 173 (1) 2 : 0.975 0.002 0.016 0.002 0.003 0.001 0.001
174 174 (3) 2 : 0.970 0.001 0.019 0.002 0.004 0.002 0.001
175 175 (2) 2 : 0.987 0.004 0.002 0.002 0.002 0.002 0.001
176 176 (4) 2 : 0.988 0.001 0.002 0.002 0.004 0.002 0.001
177 177 (2) 2 : 0.946 0.003 0.013 0.003 0.031 0.002 0.001
178 178 (3) 2 : 0.994 0.001 0.002 0.001 0.001 0.001 0.001
179 179 (1) 2 : 0.988 0.001 0.004 0.001 0.003 0.002 0.001
180 180 (7) 2 : 0.984 0.002 0.008 0.002 0.002 0.001 0.001
181 181 (0) 2 : 0.987 0.002 0.003 0.002 0.002 0.003 0.001
182 182 (0) 7 : 0.006 0.004 0.981 0.003 0.003 0.002 0.002
183 183 (0) 7 : 0.031 0.020 0.923 0.006 0.004 0.013 0.003
184 184 (1) 7 : 0.009 0.005 0.951 0.008 0.019 0.004 0.004
185 185 (0) 7 : 0.010 0.004 0.923 0.022 0.005 0.028 0.008
186 186 (2) 7 : 0.006 0.010 0.892 0.015 0.061 0.012 0.004
187 187 (0) 7 : 0.007 0.007 0.952 0.006 0.005 0.013 0.011
188 188 (1) 7 : 0.005 0.003 0.978 0.009 0.002 0.002 0.002
189 189 (1) 7 : 0.014 0.005 0.791 0.160 0.003 0.024 0.002
190 190 (0) 7 : 0.002 0.004 0.982 0.003 0.004 0.004 0.001
191 191 (0) 7 : 0.005 0.004 0.973 0.007 0.003 0.004 0.003
192 192 (2) 7 : 0.027 0.009 0.730 0.002 0.220 0.009 0.003
193 193 (1) 7 : 0.023 0.001 0.965 0.003 0.003 0.003 0.003
194 194 (1) 7 : 0.004 0.022 0.905 0.032 0.007 0.010 0.020
195 195 (0) 7 : 0.056 0.002 0.919 0.002 0.017 0.003 0.001
196 196 (0) 7 : 0.007 0.001 0.981 0.003 0.001 0.004 0.003
197 197 (1) 7 : 0.003 0.003 0.962 0.011 0.003 0.009 0.008
198 198 (1) 7 : 0.002 0.002 0.986 0.004 0.001 0.003 0.002
199 199 (0) 7 : 0.004 0.004 0.947 0.017 0.001 0.021 0.007
200 200 (0) 7 : 0.054 0.008 0.702 0.013 0.202 0.016 0.004
201 201 (1) 7 : 0.302 0.003 0.690 0.001 0.002 0.001 0.002
202 202 (0) 7 : 0.002 0.002 0.990 0.002 0.001 0.002 0.001
203 203 (1) 7 : 0.004 0.001 0.987 0.002 0.002 0.003 0.002
204 204 (1) 7 : 0.395 0.004 0.388 0.044 0.010 0.091 0.068
205 205 (0) 7 : 0.012 0.005 0.940 0.011 0.006 0.021 0.005
206 206 (2) 7 : 0.160 0.002 0.812 0.002 0.017 0.003 0.004
207 207 (2) 7 : 0.002 0.010 0.880 0.016 0.002 0.007 0.083
208 208 (2) 7 : 0.028 0.005 0.632 0.067 0.026 0.240 0.003
209 209 (0) 7 : 0.007 0.002 0.850 0.012 0.002 0.027 0.098
210 210 (1) 7 : 0.004 0.008 0.974 0.003 0.003 0.003 0.007
211 211 (0) 7 : 0.003 0.001 0.987 0.002 0.004 0.002 0.002
212 212 (10) 7 : 0.006 0.003 0.975 0.006 0.005 0.003 0.002
213 213 (1) 7 : 0.009 0.005 0.968 0.004 0.001 0.010 0.003
214 214 (0) 7 : 0.011 0.010 0.954 0.009 0.005 0.010 0.003
215 215 (2) 7 : 0.308 0.005 0.497 0.001 0.177 0.006 0.005
216 216 (1) 4 : 0.001 0.001 0.001 0.001 0.995 0.001 0.000
217 217 (1) 4 : 0.001 0.001 0.002 0.002 0.989 0.002 0.003
218 218 (1) 4 : 0.001 0.001 0.001 0.001 0.995 0.001 0.001
219 219 (1) 4 : 0.001 0.001 0.001 0.001 0.996 0.001 0.001
220 220 (1) 4 : 0.290 0.002 0.004 0.002 0.696 0.005 0.001
221 221 (1) 4 : 0.002 0.002 0.001 0.003 0.988 0.002 0.001
222 222 (10) 4 : 0.006 0.008 0.002 0.002 0.978 0.002 0.001
223 223 (2) 4 : 0.002 0.001 0.001 0.001 0.994 0.001 0.001
224 224 (0) 4 : 0.002 0.002 0.001 0.001 0.990 0.002 0.001
225 225 (2) 4 : 0.001 0.001 0.001 0.001 0.996 0.001 0.001
226 226 (0) 4 : 0.002 0.001 0.001 0.001 0.995 0.001 0.001
1 1 (0) 3 : 0.001 0.001 0.993 0.001 0.001 0.003 0.001
2 2 (0) 3 : 0.002 0.005 0.967 0.002 0.005 0.009 0.009
3 3 (0) 3 : 0.000 0.001 0.993 0.001 0.001 0.002 0.001
4 4 (0) 3 : 0.001 0.002 0.992 0.001 0.001 0.002 0.002
5 5 (0) 3 : 0.000 0.001 0.995 0.000 0.001 0.001 0.001
6 6 (0) 3 : 0.001 0.002 0.991 0.001 0.002 0.002 0.002
7 7 (0) 3 : 0.000 0.002 0.993 0.001 0.001 0.001 0.002
8 8 (0) 3 : 0.001 0.005 0.983 0.001 0.001 0.006 0.005
9 9 (0) 3 : 0.001 0.001 0.993 0.000 0.001 0.002 0.001
10 10 (0) 3 : 0.002 0.005 0.974 0.004 0.004 0.004 0.006
11 11 (0) 3 : 0.001 0.012 0.914 0.001 0.008 0.005 0.060
12 12 (0) 3 : 0.002 0.004 0.978 0.002 0.002 0.007 0.006
13 13 (0) 3 : 0.000 0.001 0.996 0.001 0.000 0.001 0.001
14 14 (0) 3 : 0.001 0.002 0.979 0.001 0.001 0.006 0.009
15 15 (0) 3 : 0.001 0.002 0.992 0.001 0.001 0.001 0.001
16 16 (0) 3 : 0.000 0.001 0.988 0.001 0.001 0.003 0.005
17 17 (0) 3 : 0.000 0.014 0.981 0.001 0.001 0.001 0.002
18 18 (0) 3 : 0.013 0.023 0.948 0.003 0.009 0.002 0.003
19 19 (0) 3 : 0.000 0.001 0.995 0.001 0.000 0.001 0.001
20 20 (0) 3 : 0.001 0.004 0.991 0.001 0.001 0.002 0.001
21 21 (0) 3 : 0.001 0.003 0.988 0.002 0.002 0.002 0.001
22 22 (0) 3 : 0.002 0.009 0.966 0.001 0.004 0.008 0.010
23 23 (0) 3 : 0.000 0.002 0.993 0.001 0.001 0.001 0.001
24 24 (0) 3 : 0.001 0.001 0.993 0.001 0.001 0.002 0.002
25 25 (0) 3 : 0.002 0.002 0.991 0.002 0.002 0.001 0.001
26 26 (0) 3 : 0.001 0.001 0.995 0.001 0.001 0.001 0.001
27 27 (0) 3 : 0.000 0.001 0.996 0.001 0.001 0.001 0.001
28 28 (0) 3 : 0.001 0.003 0.986 0.002 0.001 0.002 0.005
29 29 (0) 3 : 0.001 0.001 0.994 0.001 0.001 0.001 0.001
30 30 (0) 3 : 0.001 0.001 0.996 0.000 0.000 0.001 0.001
31 31 (0) 3 : 0.002 0.004 0.970 0.001 0.005 0.005 0.014
32 32 (0) 3 : 0.001 0.001 0.987 0.001 0.002 0.005 0.003
33 33 (0) 3 : 0.000 0.001 0.992 0.001 0.001 0.002 0.003
34 34 (0) 3 : 0.000 0.001 0.995 0.001 0.001 0.002 0.001
35 35 (0) 3 : 0.001 0.001 0.993 0.001 0.001 0.001 0.002
36 36 (0) 5 : 0.038 0.412 0.023 0.017 0.474 0.032 0.004
37 37 (0) 5 : 0.004 0.005 0.003 0.002 0.972 0.012 0.002
38 38 (0) 6 : 0.001 0.004 0.007 0.001 0.001 0.887 0.098
39 39 (0) 6 : 0.002 0.970 0.019 0.002 0.003 0.003 0.002
40 40 (0) 6 : 0.003 0.926 0.057 0.003 0.005 0.004 0.002
41 41 (0) 6 : 0.002 0.892 0.003 0.003 0.022 0.071 0.007
42 42 (0) 6 : 0.022 0.567 0.009 0.001 0.028 0.009 0.364
43 43 (0) 5 : 0.011 0.005 0.000 0.003 0.978 0.002 0.001
44 44 (0) 5 : 0.006 0.868 0.026 0.001 0.006 0.047 0.046
45 45 (0) 5 : 0.015 0.002 0.002 0.043 0.937 0.001 0.001
46 46 (0) 5 : 0.016 0.002 0.002 0.003 0.972 0.004 0.002
47 47 (0) 5 : 0.007 0.167 0.004 0.001 0.675 0.131 0.015
48 48 (0) 5 : 0.008 0.891 0.005 0.004 0.085 0.004 0.002
49 49 (0) 5 : 0.014 0.817 0.010 0.003 0.085 0.065 0.006
50 50 (0) 5 : 0.330 0.007 0.002 0.002 0.637 0.020 0.002
51 51 (0) 5 : 0.007 0.012 0.001 0.013 0.958 0.004 0.004
52 52 (0) 6 : 0.002 0.838 0.042 0.002 0.002 0.005 0.110
53 53 (0) 6 : 0.003 0.938 0.037 0.005 0.007 0.007 0.004
54 54 (0) 6 : 0.002 0.904 0.016 0.002 0.005 0.044 0.027
55 55 (0) 6 : 0.040 0.924 0.002 0.009 0.012 0.010 0.003
56 56 (0) 6 : 0.001 0.001 0.007 0.001 0.001 0.003 0.986
57 57 (0) 6 : 0.002 0.971 0.016 0.001 0.004 0.004 0.003
58 58 (0) 6 : 0.003 0.004 0.006 0.002 0.002 0.975 0.008
59 59 (0) 6 : 0.072 0.897 0.010 0.003 0.014 0.003 0.001
60 60 (0) 6 : 0.001 0.001 0.002 0.001 0.001 0.002 0.992
61 61 (0) 6 : 0.001 0.002 0.002 0.001 0.001 0.002 0.991
62 62 (0) 6 : 0.002 0.754 0.004 0.001 0.003 0.193 0.044
63 63 (0) 6 : 0.001 0.961 0.007 0.001 0.001 0.016 0.014
64 64 (0) 6 : 0.007 0.440 0.456 0.008 0.002 0.086 0.001
65 65 (0) 6 : 0.002 0.594 0.386 0.003 0.002 0.010 0.003
66 66 (0) 6 : 0.001 0.526 0.409 0.001 0.048 0.013 0.001
67 67 (0) 6 : 0.028 0.456 0.406 0.001 0.083 0.014 0.012
68 68 (0) 6 : 0.001 0.002 0.001 0.001 0.001 0.003 0.991
69 69 (0) 6 : 0.002 0.443 0.440 0.001 0.100 0.010 0.004
70 70 (0) 6 : 0.002 0.008 0.004 0.002 0.002 0.009 0.972
71 71 (0) 6 : 0.001 0.004 0.004 0.001 0.001 0.007 0.982
72 72 (0) 6 : 0.001 0.002 0.002 0.001 0.002 0.004 0.987
73 73 (0) 6 : 0.005 0.003 0.011 0.004 0.003 0.879 0.096
74 74 (0) 6 : 0.001 0.965 0.006 0.003 0.002 0.019 0.003
75 75 (0) 6 : 0.001 0.981 0.007 0.001 0.003 0.003 0.004
76 76 (0) 6 : 0.005 0.966 0.003 0.002 0.010 0.012 0.004
77 77 (0) 6 : 0.006 0.002 0.003 0.014 0.005 0.963 0.008
78 78 (0) 6 : 0.002 0.154 0.034 0.003 0.004 0.748 0.056
79 79 (0) 6 : 0.002 0.985 0.004 0.002 0.001 0.003 0.003
80 80 (0) 6 : 0.002 0.112 0.014 0.002 0.003 0.851 0.017
81 81 (0) 6 : 0.001 0.976 0.008 0.002 0.001 0.002 0.009
82 82 (0) 6 : 0.012 0.726 0.050 0.004 0.012 0.193 0.004
83 83 (0) 6 : 0.001 0.003 0.005 0.001 0.001 0.980 0.009
84 84 (0) 6 : 0.002 0.003 0.005 0.001 0.003 0.826 0.160
85 85 (0) 6 : 0.001 0.002 0.002 0.001 0.001 0.003 0.990
86 86 (0) 6 : 0.011 0.955 0.003 0.020 0.005 0.003 0.003
87 87 (0) 6 : 0.003 0.826 0.055 0.006 0.007 0.063 0.040
88 88 (0) 5 : 0.011 0.004 0.001 0.004 0.978 0.002 0.001
89 89 (0) 5 : 0.010 0.003 0.001 0.006 0.976 0.002 0.001
90 90 (0) 5 : 0.004 0.002 0.001 0.002 0.987 0.002 0.003
91 91 (0) 5 : 0.009 0.603 0.004 0.006 0.370 0.003 0.004
92 92 (0) 5 : 0.003 0.017 0.001 0.002 0.969 0.002 0.005
93 93 (0) 5 : 0.129 0.002 0.001 0.002 0.863 0.002 0.001
94 94 (2) 1 : 0.735 0.006 0.009 0.230 0.001 0.011 0.009
95 95 (3) 1 : 0.981 0.002 0.002 0.004 0.003 0.003 0.004
96 96 (2) 1 : 0.988 0.001 0.002 0.001 0.002 0.003 0.002
97 97 (0) 1 : 0.965 0.002 0.001 0.027 0.002 0.002 0.001
98 98 (1) 1 : 0.862 0.011 0.038 0.039 0.001 0.046 0.003
99 99 (6) 1 : 0.989 0.002 0.002 0.002 0.001 0.002 0.002
100 100 (11) 1 : 0.978 0.002 0.002 0.011 0.002 0.002 0.003
101 101 (3) 1 : 0.974 0.001 0.002 0.015 0.003 0.002 0.002
102 102 (2) 1 : 0.852 0.027 0.008 0.080 0.011 0.013 0.008
103 103 (5) 1 : 0.906 0.002 0.003 0.080 0.002 0.004 0.004
104 104 (1) 1 : 0.989 0.001 0.001 0.005 0.001 0.001 0.001
105 105 (0) 1 : 0.723 0.005 0.003 0.253 0.007 0.001 0.007
106 106 (1) 1 : 0.981 0.004 0.004 0.007 0.002 0.002 0.001
107 107 (6) 1 : 0.979 0.002 0.004 0.003 0.005 0.003 0.003
108 108 (1) 1 : 0.945 0.014 0.003 0.003 0.020 0.013 0.002
109 109 (18) 1 : 0.900 0.004 0.002 0.088 0.002 0.003 0.001
110 110 (2) 1 : 0.947 0.007 0.005 0.018 0.003 0.013 0.007
111 111 (1) 1 : 0.990 0.001 0.001 0.003 0.001 0.002 0.001
112 112 (2) 1 : 0.959 0.001 0.001 0.034 0.002 0.001 0.001
113 113 (2) 1 : 0.989 0.001 0.002 0.005 0.002 0.002 0.001
114 114 (3) 1 : 0.942 0.005 0.007 0.037 0.004 0.002 0.001
115 115 (2) 1 : 0.990 0.001 0.002 0.003 0.003 0.001 0.001
116 116 (1) 1 : 0.991 0.001 0.001 0.004 0.001 0.002 0.001
117 117 (1) 1 : 0.978 0.002 0.002 0.013 0.001 0.002 0.002
118 118 (3) 1 : 0.847 0.014 0.010 0.110 0.010 0.006 0.002
119 119 (2) 1 : 0.886 0.021 0.023 0.011 0.032 0.021 0.006
120 120 (3) 1 : 0.994 0.001 0.001 0.002 0.002 0.001 0.001
121 121 (0) 1 : 0.977 0.003 0.006 0.006 0.004 0.001 0.003
122 122 (1) 1 : 0.943 0.010 0.018 0.008 0.006 0.007 0.009
123 123 (3) 1 : 0.958 0.002 0.004 0.029 0.002 0.002 0.003
124 124 (3) 1 : 0.963 0.003 0.001 0.028 0.002 0.002 0.002
125 125 (2) 1 : 0.988 0.002 0.001 0.005 0.001 0.002 0.001
126 126 (3) 1 : 0.916 0.005 0.009 0.060 0.002 0.004 0.004
127 127 (1) 1 : 0.972 0.004 0.002 0.011 0.003 0.004 0.003
128 128 (5) 1 : 0.994 0.001 0.001 0.001 0.001 0.001 0.001
129 129 (1) 1 : 0.980 0.002 0.001 0.014 0.001 0.001 0.001
130 130 (5) 1 : 0.977 0.003 0.004 0.010 0.002 0.003 0.002
131 131 (10) 1 : 0.953 0.007 0.008 0.019 0.003 0.005 0.006
132 132 (2) 1 : 0.956 0.014 0.012 0.008 0.004 0.003 0.003
133 133 (4) 1 : 0.990 0.003 0.001 0.002 0.002 0.002 0.001
134 134 (2) 1 : 0.873 0.009 0.045 0.014 0.002 0.011 0.046
135 135 (18) 1 : 0.983 0.001 0.001 0.008 0.002 0.003 0.002
136 136 (3) 1 : 0.990 0.001 0.001 0.004 0.001 0.001 0.001
137 137 (0) 1 : 0.006 0.833 0.099 0.002 0.012 0.016 0.032
138 138 (6) 1 : 0.001 0.940 0.010 0.009 0.009 0.005 0.026
139 139 (17) 2 : 0.946 0.005 0.003 0.002 0.040 0.002 0.002
140 140 (2) 2 : 0.992 0.001 0.001 0.001 0.002 0.001 0.002
141 141 (3) 2 : 0.989 0.001 0.001 0.001 0.007 0.001 0.001
142 142 (0) 2 : 0.984 0.001 0.001 0.001 0.008 0.002 0.002
143 143 (4) 2 : 0.968 0.006 0.004 0.003 0.006 0.010 0.002
144 144 (1) 2 : 0.936 0.011 0.003 0.001 0.040 0.003 0.006
145 145 (8) 2 : 0.987 0.001 0.001 0.001 0.005 0.002 0.003
146 146 (4) 2 : 0.990 0.001 0.001 0.001 0.005 0.001 0.001
147 147 (1) 2 : 0.987 0.002 0.001 0.001 0.004 0.004 0.002
148 148 (17) 2 : 0.988 0.001 0.001 0.001 0.006 0.002 0.001
149 149 (8) 2 : 0.979 0.002 0.001 0.002 0.012 0.001 0.003
150 150 (3) 2 : 0.952 0.008 0.002 0.003 0.015 0.015 0.004
151 151 (0) 2 : 0.987 0.002 0.001 0.001 0.005 0.002 0.002
152 152 (0) 2 : 0.993 0.002 0.001 0.001 0.002 0.001 0.001
153 153 (3) 2 : 0.990 0.001 0.000 0.002 0.005 0.001 0.001
154 154 (1) 2 : 0.982 0.002 0.001 0.002 0.009 0.002 0.002
155 155 (1) 2 : 0.979 0.003 0.001 0.002 0.011 0.003 0.001
156 156 (15) 2 : 0.970 0.010 0.004 0.001 0.009 0.002 0.003
157 157 (3) 2 : 0.974 0.002 0.001 0.001 0.019 0.001 0.002
158 158 (2) 2 : 0.759 0.002 0.002 0.002 0.227 0.005 0.002
159 159 (7) 2 : 0.972 0.003 0.003 0.002 0.014 0.004 0.003
160 160 (4) 2 : 0.951 0.027 0.002 0.001 0.004 0.009 0.006
161 161 (1) 2 : 0.986 0.003 0.002 0.002 0.005 0.001 0.001
162 162 (14) 2 : 0.990 0.001 0.001 0.002 0.003 0.002 0.001
163 163 (15) 2 : 0.966 0.010 0.002 0.002 0.007 0.011 0.001
164 164 (11) 2 : 0.993 0.001 0.001 0.001 0.002 0.002 0.001
165 165 (1) 2 : 0.983 0.001 0.001 0.001 0.011 0.001 0.002
166 166 (8) 2 : 0.950 0.009 0.003 0.002 0.021 0.005 0.010
167 167 (6) 2 : 0.880 0.004 0.002 0.005 0.095 0.003 0.012
168 168 (3) 2 : 0.888 0.005 0.004 0.022 0.024 0.023 0.034
169 169 (6) 2 : 0.955 0.004 0.001 0.026 0.008 0.004 0.002
170 170 (4) 2 : 0.967 0.001 0.001 0.002 0.025 0.001 0.003
171 171 (2) 2 : 0.906 0.010 0.005 0.001 0.064 0.002 0.012
172 172 (6) 2 : 0.905 0.004 0.001 0.019 0.067 0.002 0.002
173 173 (1) 2 : 0.986 0.002 0.001 0.002 0.006 0.003 0.001
174 174 (3) 2 : 0.979 0.002 0.001 0.003 0.011 0.003 0.001
175 175 (2) 2 : 0.990 0.001 0.001 0.002 0.002 0.002 0.002
176 176 (4) 2 : 0.989 0.001 0.001 0.003 0.002 0.002 0.001
177 177 (2) 2 : 0.934 0.001 0.001 0.039 0.020 0.002 0.003
178 178 (3) 2 : 0.992 0.001 0.001 0.001 0.003 0.002 0.001
179 179 (1) 2 : 0.987 0.001 0.002 0.002 0.004 0.003 0.002
180 180 (7) 2 : 0.989 0.001 0.001 0.002 0.005 0.001 0.001
181 181 (0) 2 : 0.986 0.001 0.002 0.002 0.004 0.002 0.002
182 182 (0) 7 : 0.003 0.002 0.001 0.001 0.987 0.002 0.003
183 183 (0) 7 : 0.055 0.005 0.002 0.003 0.915 0.013 0.006
184 184 (1) 7 : 0.005 0.008 0.003 0.011 0.952 0.005 0.016
185 185 (0) 7 : 0.005 0.025 0.007 0.003 0.955 0.003 0.002
186 186 (2) 7 : 0.007 0.016 0.004 0.019 0.927 0.024 0.004
187 187 (0) 7 : 0.013 0.005 0.007 0.004 0.961 0.007 0.004
188 188 (1) 7 : 0.007 0.005 0.002 0.002 0.979 0.004 0.003
189 189 (1) 7 : 0.019 0.165 0.004 0.003 0.792 0.014 0.003
190 190 (0) 7 : 0.009 0.003 0.001 0.005 0.975 0.004 0.003
191 191 (0) 7 : 0.004 0.002 0.006 0.003 0.979 0.003 0.003
192 192 (2) 7 : 0.010 0.003 0.002 0.189 0.746 0.031 0.019
193 193 (1) 7 : 0.021 0.002 0.003 0.003 0.967 0.002 0.002
194 194 (1) 7 : 0.002 0.011 0.013 0.009 0.920 0.037 0.009
195 195 (0) 7 : 0.022 0.002 0.001 0.015 0.957 0.002 0.002
196 196 (0) 7 : 0.006 0.002 0.002 0.001 0.981 0.003 0.005
197 197 (1) 7 : 0.004 0.010 0.007 0.003 0.969 0.002 0.004
198 198 (1) 7 : 0.003 0.005 0.001 0.002 0.986 0.003 0.001
199 199 (0) 7 : 0.002 0.010 0.012 0.001 0.961 0.010 0.004
200 200 (0) 7 : 0.029 0.016 0.004 0.203 0.743 0.002 0.002
201 201 (1) 7 : 0.275 0.003 0.004 0.002 0.712 0.002 0.004
202 202 (0) 7 : 0.002 0.001 0.001 0.001 0.993 0.001 0.001
203 203 (1) 7 : 0.006 0.003 0.005 0.003 0.979 0.001 0.002
204 204 (1) 7 : 0.362 0.087 0.056 0.005 0.461 0.026 0.002
205 205 (0) 7 : 0.009 0.008 0.009 0.004 0.956 0.011 0.004
206 206 (2) 7 : 0.159 0.003 0.003 0.011 0.818 0.003 0.003
207 207 (2) 7 : 0.001 0.012 0.049 0.002 0.912 0.012 0.012
208 208 (2) 7 : 0.043 0.225 0.004 0.029 0.676 0.014 0.008
209 209 (0) 7 : 0.011 0.046 0.064 0.002 0.864 0.008 0.005
210 210 (1) 7 : 0.002 0.006 0.007 0.002 0.974 0.003 0.007
211 211 (0) 7 : 0.001 0.002 0.002 0.004 0.986 0.002 0.002
212 212 (10) 7 : 0.006 0.004 0.002 0.004 0.973 0.006 0.004
213 213 (1) 7 : 0.012 0.005 0.004 0.001 0.970 0.003 0.006
214 214 (0) 7 : 0.008 0.012 0.002 0.005 0.961 0.009 0.004
215 215 (2) 7 : 0.324 0.001 0.004 0.182 0.485 0.002 0.002
216 216 (1) 4 : 0.001 0.001 0.001 0.995 0.001 0.001 0.001
217 217 (1) 4 : 0.002 0.002 0.002 0.990 0.001 0.002 0.002
218 218 (1) 4 : 0.001 0.001 0.001 0.995 0.000 0.001 0.001
219 219 (1) 4 : 0.001 0.001 0.001 0.995 0.001 0.001 0.001
220 220 (1) 4 : 0.269 0.002 0.001 0.703 0.023 0.001 0.001
221 221 (1) 4 : 0.002 0.003 0.002 0.988 0.002 0.003 0.002
222 222 (10) 4 : 0.007 0.002 0.001 0.978 0.002 0.002 0.008
223 223 (2) 4 : 0.003 0.001 0.000 0.994 0.001 0.001 0.001
224 224 (0) 4 : 0.003 0.001 0.001 0.989 0.003 0.001 0.002
225 225 (2) 4 : 0.001 0.001 0.001 0.996 0.001 0.001 0.001
226 226 (0) 4 : 0.001 0.001 0.000 0.995 0.001 0.001 0.000
