1 1 (0) 3 : 0.001 0.003 0.001 0.993 0.001 0.001
2 2 (0) 3 : 0.001 0.007 0.010 0.978 0.002 0.002
3 3 (0) 3 : 0.001 0.001 0.001 0.996 0.001 0.001
4 4 (0) 3 : 0.001 0.002 0.001 0.995 0.001 0.001
5 5 (0) 3 : 0.000 0.001 0.001 0.997 0.001 0.000
6 6 (0) 3 : 0.001 0.002 0.001 0.995 0.001 0.001
7 7 (0) 3 : 0.000 0.001 0.001 0.996 0.001 0.001
8 8 (0) 3 : 0.001 0.005 0.001 0.992 0.001 0.001
9 9 (0) 3 : 0.001 0.003 0.001 0.994 0.001 0.001
10 10 (0) 3 : 0.001 0.009 0.005 0.977 0.005 0.002
11 11 (0) 3 : 0.002 0.042 0.008 0.947 0.001 0.002
12 12 (0) 3 : 0.001 0.007 0.003 0.985 0.002 0.002
13 13 (0) 3 : 0.000 0.001 0.000 0.998 0.000 0.000
14 14 (0) 3 : 0.001 0.005 0.002 0.988 0.002 0.003
15 15 (0) 3 : 0.001 0.001 0.001 0.996 0.000 0.001
16 16 (0) 3 : 0.000 0.005 0.001 0.993 0.001 0.001
17 17 (0) 3 : 0.001 0.031 0.001 0.967 0.000 0.001
18 18 (0) 3 : 0.022 0.009 0.010 0.952 0.005 0.001
19 19 (0) 3 : 0.000 0.001 0.001 0.997 0.000 0.001
20 20 (0) 3 : 0.001 0.002 0.001 0.995 0.001 0.001
21 21 (0) 3 : 0.001 0.003 0.002 0.993 0.001 0.001
22 22 (0) 3 : 0.004 0.009 0.003 0.980 0.002 0.002
23 23 (0) 3 : 0.000 0.002 0.001 0.996 0.001 0.000
24 24 (0) 3 : 0.001 0.003 0.001 0.995 0.001 0.001
25 25 (0) 3 : 0.001 0.002 0.002 0.992 0.001 0.001
26 26 (0) 3 : 0.001 0.001 0.001 0.997 0.001 0.000
27 27 (0) 3 : 0.001 0.001 0.001 0.997 0.001 0.000
28 28 (0) 3 : 0.001 0.004 0.002 0.988 0.004 0.001
29 29 (0) 3 : 0.001 0.001 0.001 0.996 0.001 0.001
30 30 (0) 3 : 0.000 0.001 0.001 0.997 0.001 0.001
31 31 (0) 3 : 0.003 0.006 0.006 0.982 0.002 0.001
32 32 (0) 3 : 0.001 0.003 0.002 0.992 0.001 0.001
33 33 (0) 3 : 0.000 0.001 0.001 0.997 0.000 0.000
34 34 (0) 3 : 0.000 0.001 0.001 0.997 0.001 0.000
35 35 (0) 3 : 0.001 0.002 0.001 0.995 0.001 0.001
36 36 (0) 5 : 0.003 0.075 0.812 0.082 0.021 0.007
37 37 (0) 5 : 0.015 0.004 0.972 0.003 0.004 0.002
38 38 (0) 6 : 0.002 0.989 0.001 0.006 0.001 0.001
39 39 (0) 6 : 0.002 0.053 0.557 0.381 0.002 0.004
40 40 (0) 6 : 0.003 0.061 0.435 0.466 0.032 0.003
41 41 (0) 6 : 0.003 0.796 0.186 0.007 0.003 0.005
42 42 (0) 6 : 0.019 0.905 0.053 0.007 0.014 0.002
43 43 (0) 5 : 0.051 0.003 0.939 0.001 0.002 0.003
44 44 (0) 5 : 0.014 0.898 0.056 0.021 0.008 0.002
45 45 (0) 5 : 0.013 0.003 0.935 0.001 0.003 0.046
46 46 (0) 5 : 0.005 0.003 0.982 0.002 0.006 0.002
47 47 (0) 5 : 0.012 0.210 0.767 0.007 0.002 0.002
48 48 (0) 5 : 0.006 0.031 0.693 0.265 0.004 0.002
49 49 (0) 5 : 0.021 0.676 0.284 0.013 0.004 0.002
50 50 (0) 5 : 0.040 0.010 0.805 0.002 0.143 0.001
51 51 (0) 5 : 0.012 0.006 0.970 0.003 0.003 0.007
52 52 (0) 6 : 0.001 0.926 0.010 0.060 0.002 0.002
53 53 (0) 6 : 0.060 0.734 0.052 0.137 0.003 0.012
54 54 (0) 6 : 0.005 0.964 0.010 0.013 0.006 0.002
55 55 (0) 6 : 0.010 0.734 0.024 0.006 0.207 0.019
56 56 (0) 6 : 0.001 0.966 0.001 0.030 0.001 0.001
57 57 (0) 6 : 0.004 0.935 0.027 0.026 0.005 0.002
58 58 (0) 6 : 0.003 0.970 0.002 0.004 0.011 0.009
59 59 (0) 6 : 0.106 0.324 0.217 0.239 0.106 0.008
60 60 (0) 6 : 0.001 0.990 0.005 0.003 0.001 0.001
61 61 (0) 6 : 0.001 0.991 0.001 0.005 0.001 0.001
62 62 (0) 6 : 0.002 0.980 0.012 0.002 0.001 0.002
63 63 (0) 6 : 0.001 0.984 0.002 0.008 0.003 0.002
64 64 (0) 6 : 0.010 0.543 0.001 0.429 0.008 0.010
65 65 (0) 6 : 0.003 0.603 0.004 0.380 0.003 0.007
66 66 (0) 6 : 0.003 0.086 0.342 0.564 0.004 0.001
67 67 (0) 6 : 0.059 0.200 0.197 0.534 0.009 0.001
68 68 (0) 6 : 0.002 0.987 0.003 0.005 0.001 0.001
69 69 (0) 6 : 0.006 0.190 0.253 0.546 0.002 0.004
70 70 (0) 6 : 0.001 0.991 0.002 0.004 0.001 0.001
71 71 (0) 6 : 0.001 0.992 0.001 0.004 0.001 0.001
72 72 (0) 6 : 0.001 0.991 0.001 0.004 0.001 0.001
73 73 (0) 6 : 0.004 0.971 0.003 0.004 0.015 0.004
74 74 (0) 6 : 0.007 0.934 0.033 0.009 0.004 0.014
75 75 (0) 6 : 0.004 0.923 0.018 0.045 0.008 0.002
76 76 (0) 6 : 0.045 0.872 0.056 0.005 0.014 0.007
77 77 (0) 6 : 0.007 0.884 0.004 0.003 0.008 0.094
78 78 (0) 6 : 0.002 0.968 0.002 0.020 0.002 0.007
79 79 (0) 6 : 0.050 0.913 0.012 0.012 0.003 0.010
80 80 (0) 6 : 0.002 0.989 0.001 0.005 0.002 0.002
81 81 (0) 6 : 0.002 0.984 0.003 0.007 0.003 0.001
82 82 (0) 6 : 0.031 0.874 0.019 0.049 0.023 0.004
83 83 (0) 6 : 0.002 0.987 0.002 0.005 0.002 0.003
84 84 (0) 6 : 0.001 0.988 0.001 0.006 0.001 0.002
85 85 (0) 6 : 0.001 0.991 0.004 0.002 0.001 0.001
86 86 (0) 6 : 0.016 0.588 0.290 0.012 0.070 0.023
87 87 (0) 6 : 0.007 0.902 0.006 0.068 0.005 0.013
88 88 (0) 5 : 0.068 0.001 0.923 0.001 0.003 0.004
89 89 (0) 5 : 0.014 0.005 0.968 0.002 0.004 0.007
90 90 (0) 5 : 0.006 0.001 0.989 0.001 0.002 0.001
91 91 (0) 5 : 0.002 0.440 0.522 0.013 0.020 0.002
92 92 (0) 5 : 0.003 0.003 0.990 0.001 0.002 0.002
93 93 (0) 5 : 0.125 0.002 0.851 0.002 0.019 0.001
94 94 (2) 1 : 0.002 0.007 0.002 0.005 0.930 0.053
95 95 (3) 1 : 0.002 0.003 0.002 0.001 0.991 0.001
96 96 (2) 1 : 0.002 0.001 0.003 0.001 0.992 0.001
97 97 (0) 1 : 0.005 0.002 0.001 0.001 0.987 0.005
98 98 (1) 1 : 0.005 0.007 0.006 0.017 0.952 0.013
99 99 (6) 1 : 0.006 0.001 0.002 0.002 0.988 0.001
100 100 (11) 1 : 0.002 0.001 0.003 0.002 0.989 0.002
101 101 (3) 1 : 0.002 0.001 0.001 0.002 0.991 0.003
102 102 (2) 1 : 0.004 0.004 0.005 0.003 0.974 0.010
103 103 (5) 1 : 0.008 0.003 0.005 0.001 0.974 0.010
104 104 (1) 1 : 0.001 0.001 0.001 0.001 0.994 0.002
105 105 (0) 1 : 0.005 0.003 0.024 0.002 0.924 0.042
106 106 (1) 1 : 0.010 0.001 0.004 0.009 0.975 0.001
107 107 (6) 1 : 0.002 0.001 0.005 0.001 0.990 0.001
108 108 (1) 1 : 0.005 0.005 0.054 0.002 0.931 0.003
109 109 (18) 1 : 0.005 0.004 0.005 0.001 0.969 0.017
110 110 (2) 1 : 0.009 0.003 0.003 0.001 0.979 0.006
111 111 (1) 1 : 0.002 0.001 0.001 0.001 0.994 0.001
112 112 (2) 1 : 0.002 0.001 0.002 0.001 0.990 0.005
113 113 (2) 1 : 0.003 0.001 0.002 0.001 0.988 0.004
114 114 (3) 1 : 0.003 0.002 0.003 0.002 0.986 0.003
115 115 (2) 1 : 0.002 0.001 0.002 0.001 0.994 0.001
116 116 (1) 1 : 0.003 0.001 0.001 0.001 0.993 0.001
117 117 (1) 1 : 0.004 0.001 0.002 0.001 0.990 0.002
118 118 (3) 1 : 0.006 0.011 0.012 0.006 0.940 0.026
119 119 (2) 1 : 0.033 0.015 0.078 0.010 0.851 0.012
120 120 (3) 1 : 0.010 0.001 0.002 0.002 0.984 0.002
121 121 (0) 1 : 0.003 0.001 0.002 0.001 0.992 0.001
122 122 (1) 1 : 0.002 0.010 0.006 0.008 0.971 0.003
123 123 (3) 1 : 0.004 0.001 0.002 0.002 0.988 0.002
124 124 (3) 1 : 0.004 0.002 0.007 0.001 0.978 0.007
125 125 (2) 1 : 0.121 0.001 0.002 0.001 0.862 0.012
126 126 (3) 1 : 0.002 0.003 0.003 0.003 0.985 0.003
127 127 (1) 1 : 0.001 0.002 0.002 0.002 0.991 0.002
128 128 (5) 1 : 0.004 0.002 0.001 0.001 0.991 0.001
129 129 (1) 1 : 0.002 0.001 0.001 0.001 0.993 0.002
130 130 (5) 1 : 0.001 0.001 0.001 0.001 0.994 0.001
131 131 (10) 1 : 0.013 0.009 0.005 0.005 0.933 0.036
132 132 (2) 1 : 0.014 0.006 0.012 0.006 0.959 0.003
133 133 (4) 1 : 0.067 0.001 0.007 0.001 0.922 0.002
134 134 (2) 1 : 0.002 0.009 0.004 0.019 0.963 0.004
135 135 (18) 1 : 0.005 0.002 0.002 0.001 0.986 0.004
136 136 (3) 1 : 0.018 0.001 0.003 0.002 0.969 0.007
137 137 (0) 1 : 0.009 0.763 0.066 0.141 0.011 0.010
138 138 (6) 1 : 0.003 0.814 0.085 0.043 0.002 0.054
139 139 (17) 2 : 0.988 0.002 0.003 0.002 0.003 0.002
140 140 (2) 2 : 0.991 0.001 0.001 0.001 0.004 0.001
141 141 (3) 2 : 0.996 0.001 0.001 0.000 0.001 0.001
142 142 (0) 2 : 0.987 0.002 0.003 0.001 0.005 0.002
143 143 (4) 2 : 0.988 0.003 0.002 0.002 0.002 0.002
144 144 (1) 2 : 0.983 0.005 0.005 0.002 0.004 0.001
145 145 (8) 2 : 0.985 0.002 0.003 0.002 0.003 0.006
146 146 (4) 2 : 0.990 0.001 0.002 0.000 0.006 0.001
147 147 (1) 2 : 0.980 0.002 0.003 0.002 0.010 0.002
148 148 (17) 2 : 0.994 0.001 0.002 0.001 0.001 0.001
149 149 (8) 2 : 0.982 0.002 0.002 0.002 0.008 0.004
150 150 (3) 2 : 0.989 0.004 0.001 0.001 0.002 0.002
151 151 (0) 2 : 0.992 0.001 0.002 0.001 0.002 0.002
152 152 (0) 2 : 0.990 0.001 0.001 0.001 0.004 0.003
153 153 (3) 2 : 0.993 0.001 0.002 0.001 0.003 0.001
154 154 (1) 2 : 0.985 0.001 0.006 0.001 0.004 0.004
155 155 (1) 2 : 0.991 0.001 0.003 0.002 0.001 0.002
156 156 (15) 2 : 0.991 0.001 0.002 0.001 0.003 0.001
157 157 (3) 2 : 0.991 0.001 0.003 0.001 0.002 0.001
158 158 (2) 2 : 0.975 0.004 0.015 0.002 0.002 0.002
159 159 (7) 2 : 0.944 0.006 0.025 0.010 0.010 0.004
160 160 (4) 2 : 0.963 0.019 0.004 0.005 0.005 0.005
161 161 (1) 2 : 0.983 0.002 0.003 0.003 0.005 0.004
162 162 (14) 2 : 0.993 0.001 0.001 0.001 0.003 0.001
163 163 (15) 2 : 0.983 0.004 0.003 0.003 0.006 0.001
164 164 (11) 2 : 0.994 0.001 0.002 0.001 0.002 0.001
165 165 (1) 2 : 0.984 0.001 0.006 0.002 0.004 0.003
166 166 (8) 2 : 0.968 0.012 0.011 0.005 0.003 0.002
167 167 (6) 2 : 0.973 0.003 0.010 0.003 0.003 0.007
168 168 (3) 2 : 0.908 0.029 0.007 0.006 0.007 0.043
169 169 (6) 2 : 0.924 0.004 0.004 0.002 0.003 0.063
170 170 (4) 2 : 0.983 0.001 0.008 0.001 0.003 0.004
171 171 (2) 2 : 0.969 0.009 0.009 0.007 0.004 0.003
172 172 (6) 2 : 0.958 0.001 0.006 0.001 0.002 0.032
173 173 (1) 2 : 0.980 0.001 0.003 0.001 0.007 0.007
174 174 (3) 2 : 0.990 0.001 0.004 0.001 0.001 0.003
175 175 (2) 2 : 0.972 0.003 0.001 0.001 0.015 0.007
176 176 (4) 2 : 0.935 0.002 0.003 0.001 0.048 0.011
177 177 (2) 2 : 0.869 0.003 0.013 0.003 0.046 0.066
178 178 (3) 2 : 0.991 0.001 0.001 0.001 0.006 0.001
179 179 (1) 2 : 0.988 0.001 0.001 0.001 0.005 0.004
180 180 (7) 2 : 0.989 0.001 0.003 0.001 0.003 0.004
181 181 (0) 2 : 0.989 0.002 0.001 0.001 0.003 0.003
182 182 (0) 7 : 0.004 0.003 0.988 0.002 0.002 0.002
183 183 (0) 7 : 0.026 0.008 0.947 0.002 0.015 0.002
184 184 (1) 7 : 0.007 0.005 0.972 0.003 0.003 0.010
185 185 (0) 7 : 0.002 0.007 0.974 0.005 0.007 0.005
186 186 (2) 7 : 0.009 0.013 0.943 0.003 0.006 0.026
187 187 (0) 7 : 0.012 0.008 0.960 0.009 0.005 0.006
188 188 (1) 7 : 0.004 0.006 0.978 0.003 0.007 0.002
189 189 (1) 7 : 0.070 0.097 0.824 0.003 0.002 0.003
190 190 (0) 7 : 0.006 0.004 0.980 0.001 0.003 0.007
191 191 (0) 7 : 0.002 0.004 0.988 0.001 0.004 0.001
192 192 (2) 7 : 0.011 0.015 0.757 0.002 0.016 0.199
193 193 (1) 7 : 0.006 0.003 0.964 0.004 0.020 0.002
194 194 (1) 7 : 0.001 0.023 0.950 0.015 0.002 0.008
195 195 (0) 7 : 0.016 0.002 0.966 0.001 0.008 0.007
196 196 (0) 7 : 0.001 0.001 0.991 0.002 0.004 0.001
197 197 (1) 7 : 0.004 0.008 0.972 0.008 0.005 0.004
198 198 (1) 7 : 0.001 0.002 0.992 0.002 0.001 0.001
199 199 (0) 7 : 0.002 0.006 0.983 0.007 0.002 0.001
200 200 (0) 7 : 0.001 0.009 0.683 0.007 0.264 0.036
201 201 (1) 7 : 0.278 0.003 0.705 0.002 0.010 0.002
202 202 (0) 7 : 0.002 0.001 0.993 0.002 0.001 0.001
203 203 (1) 7 : 0.008 0.002 0.981 0.003 0.005 0.002
204 204 (1) 7 : 0.009 0.014 0.701 0.013 0.248 0.016
205 205 (0) 7 : 0.003 0.010 0.965 0.008 0.011 0.003
206 206 (2) 7 : 0.182 0.003 0.800 0.004 0.005 0.007
207 207 (2) 7 : 0.003 0.014 0.907 0.073 0.001 0.002
208 208 (2) 7 : 0.018 0.101 0.835 0.011 0.007 0.028
209 209 (0) 7 : 0.012 0.011 0.902 0.071 0.003 0.001
210 210 (1) 7 : 0.001 0.007 0.980 0.004 0.005 0.003
211 211 (0) 7 : 0.011 0.001 0.980 0.003 0.002 0.003
212 212 (10) 7 : 0.072 0.006 0.915 0.002 0.002 0.003
213 213 (1) 7 : 0.015 0.008 0.968 0.005 0.003 0.001
214 214 (0) 7 : 0.009 0.005 0.977 0.002 0.004 0.004
215 215 (2) 7 : 0.021 0.002 0.558 0.004 0.321 0.093
216 216 (1) 4 : 0.001 0.001 0.001 0.000 0.001 0.997
217 217 (1) 4 : 0.002 0.002 0.001 0.002 0.001 0.991
218 218 (1) 4 : 0.001 0.001 0.001 0.001 0.002 0.995
219 219 (1) 4 : 0.001 0.001 0.001 0.001 0.001 0.997
220 220 (1) 4 : 0.203 0.003 0.026 0.001 0.041 0.727
221 221 (1) 4 : 0.002 0.002 0.002 0.002 0.002 0.989
222 222 (10) 4 : 0.004 0.004 0.001 0.001 0.004 0.985
223 223 (2) 4 : 0.002 0.001 0.001 0.000 0.003 0.993
224 224 (0) 4 : 0.001 0.002 0.002 0.001 0.005 0.989
225 225 (2) 4 : 0.001 0.001 0.001 0.001 0.001 0.996
226 226 (0) 4 : 0.001 0.001 0.002 0.001 0.002 0.994
1 1 (0) 3 : 0.995 0.001 0.001 0.001 0.001 0.002
2 2 (0) 3 : 0.977 0.002 0.002 0.006 0.003 0.010
3 3 (0) 3 : 0.996 0.001 0.001 0.001 0.001 0.001
4 4 (0) 3 : 0.994 0.001 0.001 0.001 0.001 0.002
5 5 (0) 3 : 0.996 0.000 0.000 0.001 0.001 0.001
6 6 (0) 3 : 0.991 0.001 0.002 0.002 0.001 0.003
7 7 (0) 3 : 0.996 0.001 0.001 0.001 0.001 0.001
8 8 (0) 3 : 0.991 0.001 0.000 0.002 0.001 0.005
9 9 (0) 3 : 0.994 0.001 0.001 0.001 0.001 0.003
10 10 (0) 3 : 0.974 0.001 0.005 0.005 0.005 0.010
11 11 (0) 3 : 0.949 0.002 0.001 0.011 0.002 0.036
12 12 (0) 3 : 0.985 0.001 0.003 0.004 0.002 0.005
13 13 (0) 3 : 0.997 0.000 0.000 0.000 0.001 0.001
14 14 (0) 3 : 0.988 0.001 0.002 0.003 0.002 0.004
15 15 (0) 3 : 0.995 0.001 0.001 0.001 0.001 0.001
16 16 (0) 3 : 0.995 0.000 0.001 0.001 0.000 0.002
17 17 (0) 3 : 0.979 0.001 0.001 0.001 0.001 0.018
18 18 (0) 3 : 0.963 0.011 0.002 0.004 0.009 0.010
19 19 (0) 3 : 0.996 0.001 0.001 0.001 0.001 0.001
20 20 (0) 3 : 0.995 0.001 0.001 0.001 0.001 0.001
21 21 (0) 3 : 0.992 0.001 0.001 0.002 0.001 0.003
22 22 (0) 3 : 0.982 0.002 0.002 0.003 0.002 0.008
23 23 (0) 3 : 0.996 0.001 0.001 0.001 0.001 0.001
24 24 (0) 3 : 0.996 0.000 0.001 0.001 0.001 0.002
25 25 (0) 3 : 0.991 0.001 0.002 0.002 0.001 0.002
26 26 (0) 3 : 0.995 0.001 0.001 0.001 0.001 0.001
27 27 (0) 3 : 0.996 0.001 0.000 0.001 0.001 0.001
28 28 (0) 3 : 0.989 0.001 0.001 0.002 0.003 0.005
29 29 (0) 3 : 0.994 0.001 0.001 0.001 0.001 0.003
30 30 (0) 3 : 0.997 0.000 0.000 0.001 0.001 0.001
31 31 (0) 3 : 0.985 0.003 0.002 0.004 0.001 0.006
32 32 (0) 3 : 0.992 0.001 0.001 0.002 0.001 0.004
33 33 (0) 3 : 0.997 0.000 0.000 0.000 0.000 0.001
34 34 (0) 3 : 0.996 0.000 0.001 0.000 0.001 0.001
35 35 (0) 3 : 0.995 0.001 0.001 0.001 0.001 0.002
36 36 (0) 5 : 0.075 0.005 0.015 0.832 0.016 0.057
37 37 (0) 5 : 0.004 0.015 0.002 0.974 0.002 0.003
38 38 (0) 6 : 0.005 0.002 0.001 0.001 0.001 0.989
39 39 (0) 6 : 0.388 0.001 0.006 0.574 0.003 0.028
40 40 (0) 6 : 0.483 0.004 0.015 0.458 0.014 0.026
41 41 (0) 6 : 0.008 0.002 0.003 0.276 0.003 0.707
42 42 (0) 6 : 0.011 0.036 0.002 0.072 0.013 0.867
43 43 (0) 5 : 0.001 0.065 0.003 0.925 0.003 0.003
44 44 (0) 5 : 0.010 0.015 0.001 0.079 0.009 0.886
45 45 (0) 5 : 0.001 0.023 0.046 0.923 0.006 0.001
46 46 (0) 5 : 0.002 0.005 0.003 0.975 0.013 0.004
47 47 (0) 5 : 0.019 0.013 0.004 0.820 0.003 0.141
48 48 (0) 5 : 0.229 0.006 0.004 0.702 0.004 0.055
49 49 (0) 5 : 0.005 0.005 0.002 0.326 0.006 0.656
50 50 (0) 5 : 0.001 0.068 0.001 0.762 0.159 0.009
51 51 (0) 5 : 0.003 0.011 0.008 0.966 0.007 0.006
52 52 (0) 6 : 0.052 0.002 0.002 0.010 0.001 0.933
53 53 (0) 6 : 0.165 0.064 0.028 0.030 0.003 0.709
54 54 (0) 6 : 0.012 0.006 0.002 0.015 0.015 0.950
55 55 (0) 6 : 0.008 0.012 0.027 0.033 0.205 0.715
56 56 (0) 6 : 0.013 0.001 0.001 0.002 0.001 0.983
57 57 (0) 6 : 0.024 0.007 0.002 0.044 0.005 0.918
58 58 (0) 6 : 0.008 0.004 0.009 0.005 0.008 0.966
59 59 (0) 6 : 0.182 0.097 0.014 0.226 0.087 0.393
60 60 (0) 6 : 0.003 0.001 0.001 0.002 0.001 0.991
61 61 (0) 6 : 0.007 0.001 0.002 0.001 0.001 0.988
62 62 (0) 6 : 0.003 0.004 0.002 0.004 0.002 0.985
63 63 (0) 6 : 0.005 0.001 0.003 0.002 0.003 0.986
64 64 (0) 6 : 0.437 0.006 0.018 0.004 0.006 0.530
65 65 (0) 6 : 0.393 0.004 0.012 0.004 0.007 0.580
66 66 (0) 6 : 0.565 0.003 0.001 0.373 0.002 0.056
67 67 (0) 6 : 0.490 0.029 0.001 0.237 0.005 0.238
68 68 (0) 6 : 0.003 0.001 0.001 0.002 0.001 0.991
69 69 (0) 6 : 0.542 0.007 0.003 0.233 0.003 0.212
70 70 (0) 6 : 0.005 0.002 0.001 0.001 0.002 0.988
71 71 (0) 6 : 0.004 0.001 0.001 0.001 0.001 0.992
72 72 (0) 6 : 0.003 0.002 0.001 0.002 0.001 0.991
73 73 (0) 6 : 0.009 0.002 0.007 0.002 0.013 0.968
74 74 (0) 6 : 0.012 0.006 0.010 0.033 0.004 0.935
75 75 (0) 6 : 0.043 0.004 0.001 0.037 0.010 0.905
76 76 (0) 6 : 0.019 0.069 0.008 0.051 0.014 0.839
77 77 (0) 6 : 0.005 0.007 0.086 0.004 0.008 0.890
78 78 (0) 6 : 0.012 0.003 0.005 0.004 0.001 0.975
79 79 (0) 6 : 0.013 0.047 0.010 0.030 0.004 0.896
80 80 (0) 6 : 0.005 0.003 0.002 0.001 0.002 0.987
81 81 (0) 6 : 0.011 0.001 0.003 0.003 0.003 0.979
82 82 (0) 6 : 0.079 0.039 0.003 0.014 0.017 0.848
83 83 (0) 6 : 0.003 0.002 0.003 0.003 0.001 0.989
84 84 (0) 6 : 0.003 0.001 0.001 0.002 0.001 0.992
85 85 (0) 6 : 0.006 0.001 0.001 0.002 0.001 0.989
86 86 (0) 6 : 0.027 0.007 0.036 0.329 0.053 0.548
87 87 (0) 6 : 0.062 0.007 0.010 0.013 0.009 0.898
88 88 (0) 5 : 0.001 0.053 0.002 0.937 0.003 0.003
89 89 (0) 5 : 0.002 0.017 0.009 0.967 0.004 0.002
90 90 (0) 5 : 0.002 0.003 0.001 0.992 0.002 0.001
91 91 (0) 5 : 0.011 0.001 0.005 0.511 0.019 0.453
92 92 (0) 5 : 0.001 0.003 0.002 0.991 0.001 0.003
93 93 (0) 5 : 0.001 0.141 0.002 0.828 0.027 0.001
94 94 (2) 1 : 0.004 0.002 0.073 0.002 0.909 0.010
95 95 (3) 1 : 0.001 0.002 0.002 0.002 0.991 0.001
96 96 (2) 1 : 0.001 0.002 0.001 0.002 0.994 0.001
97 97 (0) 1 : 0.001 0.006 0.004 0.002 0.985 0.001
98 98 (1) 1 : 0.016 0.003 0.012 0.005 0.955 0.010
99 99 (6) 1 : 0.001 0.004 0.001 0.002 0.990 0.002
100 100 (11) 1 : 0.001 0.003 0.001 0.004 0.990 0.001
101 101 (3) 1 : 0.002 0.003 0.002 0.002 0.990 0.001
102 102 (2) 1 : 0.004 0.003 0.010 0.004 0.972 0.007
103 103 (5) 1 : 0.002 0.006 0.017 0.007 0.967 0.001
104 104 (1) 1 : 0.001 0.002 0.003 0.001 0.992 0.001
105 105 (0) 1 : 0.003 0.003 0.032 0.017 0.939 0.006
106 106 (1) 1 : 0.003 0.010 0.001 0.002 0.982 0.002
107 107 (6) 1 : 0.003 0.002 0.001 0.006 0.986 0.001
108 108 (1) 1 : 0.002 0.010 0.003 0.028 0.948 0.009
109 109 (18) 1 : 0.001 0.008 0.023 0.004 0.961 0.003
110 110 (2) 1 : 0.001 0.004 0.009 0.002 0.981 0.003
111 111 (1) 1 : 0.001 0.001 0.001 0.002 0.994 0.001
112 112 (2) 1 : 0.000 0.002 0.002 0.001 0.993 0.001
113 113 (2) 1 : 0.001 0.006 0.003 0.002 0.987 0.001
114 114 (3) 1 : 0.002 0.002 0.003 0.003 0.988 0.001
115 115 (2) 1 : 0.001 0.002 0.001 0.002 0.992 0.001
116 116 (1) 1 : 0.001 0.002 0.002 0.001 0.993 0.001
117 117 (1) 1 : 0.001 0.004 0.004 0.001 0.988 0.002
118 118 (3) 1 : 0.008 0.004 0.029 0.008 0.946 0.006
119 119 (2) 1 : 0.008 0.039 0.007 0.087 0.843 0.016
120 120 (3) 1 : 0.002 0.010 0.001 0.002 0.984 0.001
121 121 (0) 1 : 0.002 0.002 0.001 0.001 0.992 0.001
122 122 (1) 1 : 0.007 0.004 0.002 0.002 0.974 0.012
123 123 (3) 1 : 0.002 0.003 0.004 0.003 0.988 0.002
124 124 (3) 1 : 0.002 0.007 0.010 0.003 0.977 0.002
125 125 (2) 1 : 0.001 0.118 0.014 0.004 0.861 0.002
126 126 (3) 1 : 0.003 0.004 0.004 0.002 0.984 0.003
127 127 (1) 1 : 0.002 0.002 0.002 0.001 0.992 0.001
128 128 (5) 1 : 0.001 0.006 0.001 0.001 0.990 0.001
129 129 (1) 1 : 0.001 0.003 0.002 0.001 0.992 0.001
130 130 (5) 1 : 0.001 0.001 0.002 0.001 0.994 0.001
131 131 (10) 1 : 0.005 0.017 0.043 0.006 0.923 0.006
132 132 (2) 1 : 0.006 0.016 0.002 0.009 0.959 0.007
133 133 (4) 1 : 0.001 0.056 0.003 0.016 0.922 0.002
134 134 (2) 1 : 0.013 0.003 0.004 0.003 0.969 0.009
135 135 (18) 1 : 0.001 0.010 0.004 0.002 0.982 0.002
136 136 (3) 1 : 0.002 0.019 0.005 0.002 0.972 0.001
137 137 (0) 1 : 0.163 0.025 0.008 0.048 0.015 0.741
138 138 (6) 1 : 0.039 0.004 0.049 0.079 0.003 0.826
139 139 (17) 2 : 0.002 0.983 0.003 0.008 0.002 0.002
140 140 (2) 2 : 0.001 0.988 0.001 0.001 0.007 0.001
141 141 (3) 2 : 0.000 0.995 0.002 0.001 0.001 0.001
142 142 (0) 2 : 0.001 0.990 0.003 0.002 0.002 0.001
143 143 (4) 2 : 0.003 0.988 0.003 0.002 0.001 0.003
144 144 (1) 2 : 0.003 0.978 0.002 0.010 0.004 0.004
145 145 (8) 2 : 0.002 0.986 0.006 0.002 0.003 0.001
146 146 (4) 2 : 0.001 0.991 0.001 0.002 0.004 0.001
147 147 (1) 2 : 0.003 0.968 0.004 0.002 0.021 0.002
148 148 (17) 2 : 0.001 0.995 0.001 0.001 0.001 0.001
149 149 (8) 2 : 0.001 0.974 0.005 0.005 0.012 0.003
150 150 (3) 2 : 0.002 0.988 0.002 0.003 0.002 0.003
151 151 (0) 2 : 0.001 0.990 0.002 0.002 0.003 0.002
152 152 (0) 2 : 0.001 0.987 0.005 0.001 0.004 0.001
153 153 (3) 2 : 0.001 0.986 0.004 0.002 0.006 0.001
154 154 (1) 2 : 0.001 0.986 0.003 0.005 0.004 0.001
155 155 (1) 2 : 0.002 0.990 0.002 0.002 0.002 0.002
156 156 (15) 2 : 0.001 0.992 0.002 0.002 0.002 0.001
157 157 (3) 2 : 0.001 0.992 0.001 0.002 0.003 0.001
158 158 (2) 2 : 0.002 0.967 0.002 0.022 0.002 0.005
159 159 (7) 2 : 0.009 0.941 0.006 0.029 0.008 0.008
160 160 (4) 2 : 0.005 0.957 0.004 0.006 0.009 0.020
161 161 (1) 2 : 0.003 0.981 0.007 0.005 0.004 0.001
162 162 (14) 2 : 0.001 0.993 0.002 0.002 0.002 0.001
163 163 (15) 2 : 0.003 0.986 0.002 0.003 0.002 0.003
164 164 (11) 2 : 0.001 0.992 0.001 0.002 0.003 0.001
165 165 (1) 2 : 0.001 0.984 0.002 0.006 0.006 0.002
166 166 (8) 2 : 0.006 0.968 0.002 0.008 0.004 0.011
167 167 (6) 2 : 0.003 0.959 0.008 0.024 0.002 0.003
168 168 (3) 2 : 0.010 0.892 0.051 0.004 0.014 0.029
169 169 (6) 2 : 0.002 0.886 0.086 0.007 0.012 0.008
170 170 (4) 2 : 0.001 0.987 0.004 0.003 0.003 0.001
171 171 (2) 2 : 0.008 0.963 0.002 0.012 0.005 0.009
172 172 (6) 2 : 0.001 0.963 0.028 0.005 0.001 0.002
173 173 (1) 2 : 0.001 0.983 0.005 0.003 0.006 0.001
174 174 (3) 2 : 0.001 0.988 0.004 0.003 0.002 0.001
175 175 (2) 2 : 0.001 0.960 0.006 0.002 0.028 0.003
176 176 (4) 2 : 0.001 0.932 0.022 0.001 0.042 0.002
177 177 (2) 2 : 0.002 0.869 0.074 0.012 0.041 0.002
178 178 (3) 2 : 0.001 0.994 0.001 0.001 0.003 0.001
179 179 (1) 2 : 0.001 0.991 0.002 0.001 0.003 0.001
180 180 (7) 2 : 0.001 0.988 0.003 0.004 0.003 0.002
181 181 (0) 2 : 0.002 0.988 0.002 0.002 0.004 0.002
182 182 (0) 7 : 0.002 0.005 0.002 0.987 0.002 0.002
183 183 (0) 7 : 0.002 0.031 0.003 0.940 0.016 0.009
184 184 (1) 7 : 0.004 0.011 0.009 0.967 0.004 0.004
185 185 (0) 7 : 0.008 0.004 0.002 0.973 0.005 0.007
186 186 (2) 7 : 0.003 0.006 0.018 0.959 0.005 0.009
187 187 (0) 7 : 0.013 0.011 0.004 0.958 0.004 0.010
188 188 (1) 7 : 0.003 0.003 0.002 0.983 0.005 0.005
189 189 (1) 7 : 0.003 0.071 0.002 0.853 0.004 0.068
190 190 (0) 7 : 0.002 0.009 0.003 0.982 0.001 0.003
191 191 (0) 7 : 0.004 0.003 0.002 0.980 0.006 0.006
192 192 (2) 7 : 0.002 0.016 0.188 0.757 0.024 0.013
193 193 (1) 7 : 0.005 0.007 0.001 0.967 0.016 0.003
194 194 (1) 7 : 0.010 0.002 0.009 0.961 0.005 0.011
195 195 (0) 7 : 0.001 0.018 0.014 0.947 0.017 0.003
196 196 (0) 7 : 0.001 0.002 0.001 0.987 0.005 0.004
197 197 (1) 7 : 0.006 0.003 0.003 0.982 0.002 0.004
198 198 (1) 7 : 0.002 0.003 0.001 0.991 0.001 0.002
199 199 (0) 7 : 0.008 0.003 0.001 0.978 0.001 0.008
200 200 (0) 7 : 0.002 0.002 0.027 0.679 0.286 0.003
201 201 (1) 7 : 0.003 0.304 0.003 0.681 0.008 0.002
202 202 (0) 7 : 0.002 0.004 0.001 0.990 0.001 0.002
203 203 (1) 7 : 0.004 0.008 0.002 0.980 0.002 0.004
204 204 (1) 7 : 0.017 0.010 0.007 0.668 0.274 0.024
205 205 (0) 7 : 0.008 0.004 0.003 0.969 0.006 0.009
206 206 (2) 7 : 0.005 0.214 0.012 0.761 0.005 0.003
207 207 (2) 7 : 0.053 0.003 0.001 0.928 0.001 0.015
208 208 (2) 7 : 0.003 0.006 0.021 0.907 0.010 0.054
209 209 (0) 7 : 0.078 0.035 0.002 0.873 0.003 0.009
210 210 (1) 7 : 0.006 0.002 0.002 0.976 0.006 0.008
211 211 (0) 7 : 0.005 0.007 0.003 0.983 0.001 0.002
212 212 (10) 7 : 0.003 0.088 0.003 0.896 0.001 0.010
213 213 (1) 7 : 0.004 0.008 0.001 0.978 0.003 0.006
214 214 (0) 7 : 0.002 0.018 0.003 0.967 0.003 0.007
215 215 (2) 7 : 0.003 0.026 0.131 0.572 0.267 0.001
216 216 (1) 4 : 0.001 0.001 0.996 0.001 0.001 0.001
217 217 (1) 4 : 0.002 0.002 0.989 0.002 0.001 0.002
218 218 (1) 4 : 0.001 0.001 0.995 0.001 0.002 0.001
219 219 (1) 4 : 0.001 0.001 0.996 0.001 0.001 0.001
220 220 (1) 4 : 0.001 0.173 0.729 0.006 0.088 0.003
221 221 (1) 4 : 0.002 0.002 0.990 0.002 0.003 0.002
222 222 (10) 4 : 0.002 0.006 0.983 0.001 0.004 0.004
223 223 (2) 4 : 0.001 0.001 0.993 0.001 0.003 0.001
224 224 (0) 4 : 0.001 0.002 0.988 0.002 0.005 0.002
225 225 (2) 4 : 0.000 0.001 0.997 0.001 0.001 0.001
226 226 (0) 4 : 0.001 0.001 0.996 0.001 0.001 0.001
1 1 (0) 3 : 0.001 0.992 0.001 0.002 0.001 0.003
2 2 (0) 3 : 0.008 0.977 0.001 0.002 0.002 0.010
3 3 (0) 3 : 0.001 0.996 0.001 0.001 0.001 0.001
4 4 (0) 3 : 0.001 0.994 0.001 0.001 0.001 0.003
5 5 (0) 3 : 0.001 0.997 0.000 0.001 0.000 0.001
6 6 (0) 3 : 0.002 0.991 0.001 0.001 0.001 0.003
7 7 (0) 3 : 0.001 0.996 0.001 0.001 0.001 0.001
8 8 (0) 3 : 0.001 0.985 0.001 0.001 0.001 0.012
9 9 (0) 3 : 0.001 0.994 0.001 0.000 0.001 0.002
10 10 (0) 3 : 0.008 0.972 0.005 0.001 0.010 0.005
11 11 (0) 3 : 0.010 0.963 0.001 0.002 0.002 0.022
12 12 (0) 3 : 0.003 0.986 0.002 0.001 0.002 0.005
13 13 (0) 3 : 0.001 0.997 0.000 0.000 0.000 0.001
14 14 (0) 3 : 0.002 0.987 0.002 0.001 0.001 0.007
15 15 (0) 3 : 0.001 0.995 0.001 0.001 0.001 0.002
16 16 (0) 3 : 0.001 0.996 0.001 0.000 0.000 0.002
17 17 (0) 3 : 0.001 0.964 0.001 0.001 0.000 0.033
18 18 (0) 3 : 0.010 0.957 0.002 0.014 0.006 0.010
19 19 (0) 3 : 0.001 0.996 0.001 0.001 0.001 0.001
20 20 (0) 3 : 0.001 0.994 0.001 0.001 0.001 0.002
21 21 (0) 3 : 0.001 0.992 0.001 0.001 0.001 0.003
22 22 (0) 3 : 0.004 0.981 0.002 0.003 0.002 0.009
23 23 (0) 3 : 0.001 0.995 0.001 0.001 0.001 0.003
24 24 (0) 3 : 0.001 0.996 0.001 0.000 0.001 0.002
25 25 (0) 3 : 0.002 0.992 0.002 0.002 0.001 0.001
26 26 (0) 3 : 0.001 0.996 0.000 0.001 0.001 0.001
27 27 (0) 3 : 0.001 0.996 0.001 0.001 0.001 0.001
28 28 (0) 3 : 0.001 0.990 0.001 0.001 0.003 0.003
29 29 (0) 3 : 0.001 0.995 0.001 0.000 0.001 0.002
30 30 (0) 3 : 0.001 0.997 0.000 0.001 0.001 0.001
31 31 (0) 3 : 0.006 0.981 0.002 0.002 0.002 0.007
32 32 (0) 3 : 0.002 0.992 0.001 0.001 0.001 0.002
33 33 (0) 3 : 0.001 0.996 0.001 0.001 0.000 0.002
34 34 (0) 3 : 0.001 0.997 0.000 0.000 0.001 0.001
35 35 (0) 3 : 0.001 0.995 0.001 0.001 0.001 0.002
36 36 (0) 5 : 0.811 0.084 0.014 0.007 0.014 0.071
37 37 (0) 5 : 0.966 0.003 0.002 0.021 0.002 0.005
38 38 (0) 6 : 0.001 0.003 0.001 0.001 0.001 0.992
39 39 (0) 6 : 0.556 0.395 0.009 0.002 0.002 0.036
40 40 (0) 6 : 0.461 0.492 0.008 0.002 0.029 0.009
41 41 (0) 6 : 0.224 0.003 0.004 0.005 0.005 0.760
42 42 (0) 6 : 0.072 0.006 0.001 0.017 0.012 0.893
43 43 (0) 5 : 0.946 0.001 0.003 0.043 0.003 0.004
44 44 (0) 5 : 0.089 0.006 0.002 0.008 0.006 0.888
45 45 (0) 5 : 0.934 0.001 0.046 0.010 0.006 0.003
46 46 (0) 5 : 0.975 0.002 0.002 0.008 0.012 0.001
47 47 (0) 5 : 0.793 0.017 0.002 0.005 0.003 0.180
48 48 (0) 5 : 0.688 0.253 0.009 0.009 0.005 0.035
49 49 (0) 5 : 0.312 0.015 0.005 0.006 0.006 0.656
50 50 (0) 5 : 0.831 0.002 0.002 0.037 0.124 0.004
51 51 (0) 5 : 0.964 0.002 0.010 0.012 0.003 0.008
52 52 (0) 6 : 0.003 0.059 0.002 0.003 0.001 0.931
53 53 (0) 6 : 0.024 0.185 0.017 0.089 0.003 0.682
54 54 (0) 6 : 0.009 0.016 0.003 0.006 0.017 0.949
55 55 (0) 6 : 0.041 0.005 0.012 0.013 0.224 0.705
56 56 (0) 6 : 0.002 0.007 0.000 0.001 0.001 0.989
57 57 (0) 6 : 0.050 0.028 0.002 0.007 0.004 0.909
58 58 (0) 6 : 0.002 0.006 0.014 0.002 0.011 0.964
59 59 (0) 6 : 0.368 0.118 0.011 0.012 0.073 0.417
60 60 (0) 6 : 0.004 0.002 0.001 0.001 0.001 0.990
61 61 (0) 6 : 0.001 0.003 0.001 0.001 0.001 0.992
62 62 (0) 6 : 0.003 0.005 0.002 0.004 0.001 0.985
63 63 (0) 6 : 0.001 0.004 0.002 0.002 0.002 0.989
64 64 (0) 6 : 0.002 0.432 0.012 0.013 0.003 0.538
65 65 (0) 6 : 0.006 0.364 0.011 0.003 0.003 0.612
66 66 (0) 6 : 0.388 0.575 0.001 0.001 0.003 0.032
67 67 (0) 6 : 0.266 0.548 0.002 0.038 0.006 0.140
68 68 (0) 6 : 0.002 0.004 0.001 0.001 0.001 0.990
69 69 (0) 6 : 0.215 0.552 0.002 0.014 0.003 0.214
70 70 (0) 6 : 0.002 0.002 0.001 0.002 0.002 0.991
71 71 (0) 6 : 0.001 0.006 0.001 0.001 0.001 0.990
72 72 (0) 6 : 0.001 0.004 0.001 0.002 0.001 0.991
73 73 (0) 6 : 0.001 0.006 0.009 0.006 0.017 0.962
74 74 (0) 6 : 0.025 0.004 0.018 0.005 0.004 0.945
75 75 (0) 6 : 0.022 0.062 0.002 0.006 0.009 0.898
76 76 (0) 6 : 0.055 0.013 0.005 0.039 0.018 0.870
77 77 (0) 6 : 0.006 0.002 0.067 0.009 0.014 0.902
78 78 (0) 6 : 0.003 0.020 0.006 0.003 0.001 0.968
79 79 (0) 6 : 0.017 0.009 0.010 0.060 0.003 0.901
80 80 (0) 6 : 0.001 0.005 0.003 0.002 0.001 0.987
81 81 (0) 6 : 0.003 0.010 0.003 0.001 0.004 0.980
82 82 (0) 6 : 0.025 0.064 0.003 0.027 0.024 0.857
83 83 (0) 6 : 0.003 0.007 0.002 0.002 0.001 0.984
84 84 (0) 6 : 0.001 0.006 0.001 0.002 0.001 0.990
85 85 (0) 6 : 0.004 0.006 0.001 0.001 0.001 0.988
86 86 (0) 6 : 0.363 0.007 0.032 0.002 0.034 0.561
87 87 (0) 6 : 0.011 0.084 0.013 0.009 0.010 0.873
88 88 (0) 5 : 0.958 0.001 0.006 0.032 0.002 0.002
89 89 (0) 5 : 0.974 0.001 0.007 0.010 0.005 0.002
90 90 (0) 5 : 0.991 0.001 0.001 0.005 0.002 0.001
91 91 (0) 5 : 0.538 0.010 0.003 0.001 0.012 0.435
92 92 (0) 5 : 0.987 0.002 0.002 0.004 0.002 0.005
93 93 (0) 5 : 0.901 0.001 0.004 0.073 0.019 0.001
94 94 (2) 1 : 0.002 0.005 0.039 0.003 0.936 0.015
95 95 (3) 1 : 0.002 0.001 0.001 0.002 0.991 0.002
96 96 (2) 1 : 0.002 0.001 0.001 0.002 0.993 0.001
97 97 (0) 1 : 0.002 0.001 0.005 0.004 0.985 0.002
98 98 (1) 1 : 0.004 0.020 0.010 0.006 0.950 0.011
99 99 (6) 1 : 0.001 0.002 0.001 0.007 0.986 0.003
100 100 (11) 1 : 0.004 0.002 0.002 0.003 0.988 0.001
101 101 (3) 1 : 0.003 0.002 0.002 0.005 0.987 0.002
102 102 (2) 1 : 0.009 0.004 0.015 0.002 0.964 0.006
103 103 (5) 1 : 0.004 0.002 0.020 0.008 0.962 0.002
104 104 (1) 1 : 0.002 0.001 0.002 0.002 0.992 0.001
105 105 (0) 1 : 0.026 0.003 0.068 0.003 0.896 0.005
106 106 (1) 1 : 0.004 0.009 0.003 0.006 0.975 0.003
107 107 (6) 1 : 0.009 0.002 0.002 0.002 0.983 0.002
108 108 (1) 1 : 0.051 0.001 0.002 0.014 0.928 0.004
109 109 (18) 1 : 0.004 0.001 0.020 0.003 0.966 0.006
110 110 (2) 1 : 0.002 0.002 0.004 0.005 0.984 0.003
111 111 (1) 1 : 0.001 0.001 0.002 0.003 0.992 0.001
112 112 (2) 1 : 0.001 0.001 0.002 0.002 0.994 0.001
113 113 (2) 1 : 0.004 0.001 0.002 0.005 0.987 0.001
114 114 (3) 1 : 0.002 0.003 0.003 0.004 0.988 0.002
115 115 (2) 1 : 0.002 0.001 0.001 0.004 0.992 0.001
116 116 (1) 1 : 0.001 0.000 0.001 0.002 0.994 0.001
117 117 (1) 1 : 0.002 0.001 0.003 0.003 0.990 0.001
118 118 (3) 1 : 0.008 0.007 0.033 0.006 0.933 0.013
119 119 (2) 1 : 0.077 0.011 0.004 0.044 0.845 0.019
120 120 (3) 1 : 0.003 0.001 0.001 0.010 0.984 0.001
121 121 (0) 1 : 0.002 0.001 0.002 0.002 0.993 0.001
122 122 (1) 1 : 0.005 0.011 0.003 0.006 0.966 0.009
123 123 (3) 1 : 0.002 0.002 0.005 0.001 0.988 0.003
124 124 (3) 1 : 0.003 0.001 0.008 0.007 0.979 0.002
125 125 (2) 1 : 0.002 0.001 0.006 0.182 0.808 0.002
126 126 (3) 1 : 0.003 0.004 0.004 0.004 0.983 0.002
127 127 (1) 1 : 0.002 0.002 0.002 0.002 0.991 0.002
128 128 (5) 1 : 0.002 0.001 0.001 0.007 0.988 0.001
129 129 (1) 1 : 0.001 0.001 0.004 0.003 0.990 0.001
130 130 (5) 1 : 0.001 0.002 0.001 0.001 0.994 0.001
131 131 (10) 1 : 0.013 0.004 0.041 0.017 0.920 0.004
132 132 (2) 1 : 0.007 0.007 0.004 0.021 0.954 0.006
133 133 (4) 1 : 0.020 0.001 0.003 0.060 0.915 0.002
134 134 (2) 1 : 0.004 0.020 0.002 0.002 0.957 0.015
135 135 (18) 1 : 0.001 0.002 0.003 0.010 0.983 0.002
136 136 (3) 1 : 0.003 0.001 0.008 0.014 0.973 0.001
137 137 (0) 1 : 0.076 0.192 0.015 0.013 0.012 0.691
138 138 (6) 1 : 0.096 0.041 0.046 0.003 0.002 0.812
139 139 (17) 2 : 0.003 0.003 0.005 0.984 0.003 0.002
140 140 (2) 2 : 0.002 0.001 0.001 0.986 0.009 0.001
141 141 (3) 2 : 0.001 0.000 0.001 0.996 0.001 0.001
142 142 (0) 2 : 0.004 0.002 0.005 0.983 0.005 0.002
143 143 (4) 2 : 0.002 0.003 0.003 0.987 0.002 0.002
144 144 (1) 2 : 0.007 0.002 0.002 0.982 0.005 0.003
145 145 (8) 2 : 0.004 0.001 0.006 0.984 0.004 0.002
146 146 (4) 2 : 0.002 0.000 0.002 0.993 0.002 0.001
147 147 (1) 2 : 0.002 0.002 0.005 0.977 0.012 0.002
148 148 (17) 2 : 0.001 0.001 0.001 0.994 0.001 0.001
149 149 (8) 2 : 0.003 0.001 0.004 0.983 0.008 0.001
150 150 (3) 2 : 0.006 0.003 0.004 0.983 0.001 0.004
151 151 (0) 2 : 0.001 0.001 0.002 0.992 0.002 0.001
152 152 (0) 2 : 0.002 0.001 0.003 0.987 0.006 0.001
153 153 (3) 2 : 0.003 0.001 0.001 0.987 0.007 0.001
154 154 (1) 2 : 0.004 0.001 0.005 0.986 0.004 0.001
155 155 (1) 2 : 0.002 0.002 0.002 0.988 0.003 0.003
156 156 (15) 2 : 0.002 0.001 0.002 0.992 0.002 0.002
157 157 (3) 2 : 0.002 0.001 0.002 0.989 0.005 0.001
158 158 (2) 2 : 0.015 0.003 0.002 0.970 0.002 0.007
159 159 (7) 2 : 0.030 0.005 0.006 0.935 0.016 0.009
160 160 (4) 2 : 0.005 0.005 0.004 0.962 0.003 0.021
161 161 (1) 2 : 0.004 0.004 0.004 0.981 0.005 0.002
162 162 (14) 2 : 0.002 0.001 0.002 0.994 0.001 0.001
163 163 (15) 2 : 0.004 0.002 0.003 0.984 0.003 0.005
164 164 (11) 2 : 0.001 0.001 0.001 0.994 0.003 0.001
165 165 (1) 2 : 0.008 0.001 0.002 0.980 0.007 0.001
166 166 (8) 2 : 0.005 0.002 0.003 0.973 0.004 0.012
167 167 (6) 2 : 0.017 0.003 0.007 0.970 0.001 0.002
168 168 (3) 2 : 0.008 0.010 0.042 0.916 0.007 0.018
169 169 (6) 2 : 0.004 0.003 0.082 0.890 0.016 0.006
170 170 (4) 2 : 0.004 0.001 0.005 0.986 0.002 0.002
171 171 (2) 2 : 0.009 0.008 0.002 0.962 0.005 0.014
172 172 (6) 2 : 0.005 0.001 0.030 0.959 0.002 0.003
173 173 (1) 2 : 0.004 0.002 0.004 0.986 0.003 0.002
174 174 (3) 2 : 0.003 0.001 0.004 0.989 0.002 0.001
175 175 (2) 2 : 0.003 0.001 0.006 0.954 0.033 0.003
176 176 (4) 2 : 0.003 0.001 0.041 0.921 0.033 0.002
177 177 (2) 2 : 0.008 0.002 0.058 0.877 0.053 0.001
178 178 (3) 2 : 0.001 0.001 0.001 0.993 0.003 0.001
179 179 (1) 2 : 0.001 0.001 0.003 0.990 0.004 0.001
180 180 (7) 2 : 0.003 0.001 0.003 0.985 0.006 0.002
181 181 (0) 2 : 0.002 0.001 0.002 0.987 0.006 0.001
182 182 (0) 7 : 0.988 0.001 0.002 0.002 0.003 0.004
183 183 (0) 7 : 0.950 0.003 0.004 0.025 0.010 0.009
184 184 (1) 7 : 0.966 0.004 0.013 0.008 0.005 0.005
185 185 (0) 7 : 0.974 0.005 0.004 0.003 0.008 0.007
186 186 (2) 7 : 0.946 0.006 0.027 0.003 0.005 0.014
187 187 (0) 7 : 0.962 0.008 0.004 0.007 0.005 0.013
188 188 (1) 7 : 0.984 0.003 0.001 0.002 0.004 0.006
189 189 (1) 7 : 0.815 0.005 0.002 0.077 0.003 0.097
190 190 (0) 7 : 0.979 0.002 0.005 0.007 0.003 0.004
191 191 (0) 7 : 0.980 0.005 0.002 0.002 0.006 0.005
192 192 (2) 7 : 0.777 0.004 0.181 0.010 0.014 0.014
193 193 (1) 7 : 0.957 0.004 0.002 0.007 0.024 0.006
194 194 (1) 7 : 0.955 0.013 0.013 0.001 0.002 0.016
195 195 (0) 7 : 0.956 0.002 0.013 0.009 0.019 0.001
196 196 (0) 7 : 0.985 0.002 0.001 0.003 0.006 0.003
197 197 (1) 7 : 0.981 0.007 0.001 0.003 0.003 0.003
198 198 (1) 7 : 0.989 0.001 0.001 0.003 0.003 0.003
199 199 (0) 7 : 0.981 0.010 0.001 0.002 0.003 0.003
200 200 (0) 7 : 0.709 0.008 0.080 0.001 0.195 0.008
201 201 (1) 7 : 0.722 0.003 0.001 0.262 0.009 0.003
202 202 (0) 7 : 0.991 0.002 0.001 0.004 0.001 0.002
203 203 (1) 7 : 0.984 0.002 0.002 0.006 0.003 0.002
204 204 (1) 7 : 0.634 0.050 0.016 0.027 0.256 0.017
205 205 (0) 7 : 0.972 0.006 0.002 0.003 0.010 0.007
206 206 (2) 7 : 0.791 0.003 0.006 0.190 0.006 0.004
207 207 (2) 7 : 0.933 0.045 0.001 0.001 0.002 0.018
208 208 (2) 7 : 0.884 0.007 0.019 0.015 0.009 0.065
209 209 (0) 7 : 0.899 0.059 0.001 0.016 0.004 0.020
210 210 (1) 7 : 0.980 0.004 0.002 0.002 0.006 0.005
211 211 (0) 7 : 0.980 0.002 0.003 0.012 0.003 0.001
212 212 (10) 7 : 0.924 0.004 0.003 0.063 0.001 0.004
213 213 (1) 7 : 0.982 0.002 0.001 0.005 0.004 0.005
214 214 (0) 7 : 0.961 0.002 0.005 0.016 0.003 0.014
215 215 (2) 7 : 0.582 0.002 0.144 0.009 0.260 0.003
216 216 (1) 4 : 0.001 0.001 0.997 0.001 0.001 0.001
217 217 (1) 4 : 0.002 0.002 0.992 0.002 0.001 0.001
218 218 (1) 4 : 0.001 0.001 0.995 0.001 0.001 0.001
219 219 (1) 4 : 0.001 0.001 0.996 0.001 0.001 0.001
220 220 (1) 4 : 0.007 0.002 0.717 0.238 0.031 0.005
221 221 (1) 4 : 0.002 0.002 0.989 0.003 0.002 0.003
222 222 (10) 4 : 0.001 0.001 0.984 0.003 0.004 0.006
223 223 (2) 4 : 0.001 0.001 0.994 0.001 0.002 0.001
224 224 (0) 4 : 0.002 0.002 0.987 0.001 0.007 0.002
225 225 (2) 4 : 0.001 0.001 0.996 0.001 0.001 0.001
226 226 (0) 4 : 0.001 0.001 0.995 0.001 0.002 0.001
1 1 (0) 3 : 0.001 0.001 0.993 0.002 0.001 0.001
2 2 (0) 3 : 0.003 0.010 0.969 0.013 0.002 0.003
3 3 (0) 3 : 0.000 0.001 0.996 0.001 0.001 0.001
4 4 (0) 3 : 0.001 0.002 0.993 0.002 0.001 0.001
5 5 (0) 3 : 0.000 0.001 0.997 0.001 0.001 0.000
6 6 (0) 3 : 0.001 0.002 0.993 0.002 0.001 0.001
7 7 (0) 3 : 0.000 0.001 0.996 0.001 0.001 0.001
8 8 (0) 3 : 0.001 0.002 0.987 0.009 0.001 0.001
9 9 (0) 3 : 0.000 0.001 0.994 0.003 0.001 0.001
10 10 (0) 3 : 0.001 0.007 0.972 0.011 0.005 0.004
11 11 (0) 3 : 0.002 0.007 0.940 0.049 0.001 0.001
12 12 (0) 3 : 0.001 0.004 0.987 0.003 0.002 0.002
13 13 (0) 3 : 0.000 0.000 0.998 0.001 0.000 0.000
14 14 (0) 3 : 0.001 0.001 0.990 0.005 0.002 0.002
15 15 (0) 3 : 0.001 0.001 0.995 0.001 0.001 0.001
16 16 (0) 3 : 0.000 0.001 0.994 0.003 0.000 0.001
17 17 (0) 3 : 0.000 0.001 0.975 0.022 0.000 0.001
18 18 (0) 3 : 0.018 0.006 0.959 0.006 0.009 0.002
19 19 (0) 3 : 0.001 0.001 0.997 0.001 0.000 0.001
20 20 (0) 3 : 0.000 0.001 0.994 0.003 0.001 0.001
21 21 (0) 3 : 0.001 0.001 0.993 0.003 0.001 0.001
22 22 (0) 3 : 0.002 0.005 0.983 0.006 0.002 0.002
23 23 (0) 3 : 0.001 0.001 0.995 0.002 0.001 0.001
24 24 (0) 3 : 0.001 0.001 0.996 0.001 0.001 0.000
25 25 (0) 3 : 0.002 0.002 0.992 0.002 0.001 0.001
26 26 (0) 3 : 0.001 0.003 0.994 0.001 0.001 0.001
27 27 (0) 3 : 0.001 0.001 0.996 0.001 0.001 0.001
28 28 (0) 3 : 0.001 0.002 0.990 0.003 0.002 0.001
29 29 (0) 3 : 0.001 0.001 0.995 0.002 0.000 0.001
30 30 (0) 3 : 0.001 0.001 0.997 0.001 0.001 0.000
31 31 (0) 3 : 0.004 0.004 0.981 0.008 0.002 0.002
32 32 (0) 3 : 0.001 0.001 0.994 0.001 0.001 0.001
33 33 (0) 3 : 0.000 0.001 0.997 0.001 0.000 0.001
34 34 (0) 3 : 0.000 0.001 0.997 0.001 0.001 0.000
35 35 (0) 3 : 0.001 0.001 0.994 0.004 0.001 0.000
36 36 (0) 5 : 0.009 0.805 0.105 0.049 0.022 0.010
37 37 (0) 5 : 0.012 0.976 0.004 0.004 0.002 0.002
38 38 (0) 6 : 0.002 0.001 0.006 0.988 0.002 0.001
39 39 (0) 6 : 0.003 0.578 0.408 0.005 0.003 0.004
40 40 (0) 6 : 0.003 0.459 0.482 0.025 0.022 0.010
41 41 (0) 6 : 0.005 0.271 0.012 0.706 0.003 0.004
42 42 (0) 6 : 0.011 0.059 0.009 0.897 0.021 0.002
43 43 (0) 5 : 0.060 0.929 0.001 0.003 0.002 0.006
44 44 (0) 5 : 0.016 0.074 0.021 0.875 0.012 0.002
45 45 (0) 5 : 0.021 0.931 0.001 0.002 0.004 0.041
46 46 (0) 5 : 0.008 0.970 0.003 0.002 0.014 0.004
47 47 (0) 5 : 0.013 0.829 0.015 0.138 0.003 0.001
48 48 (0) 5 : 0.003 0.689 0.277 0.019 0.007 0.006
49 49 (0) 5 : 0.009 0.325 0.010 0.647 0.006 0.003
50 50 (0) 5 : 0.048 0.776 0.001 0.005 0.168 0.002
51 51 (0) 5 : 0.007 0.969 0.005 0.004 0.008 0.008
52 52 (0) 6 : 0.002 0.006 0.073 0.914 0.002 0.003
53 53 (0) 6 : 0.084 0.056 0.186 0.651 0.001 0.022
54 54 (0) 6 : 0.003 0.017 0.013 0.943 0.020 0.003
55 55 (0) 6 : 0.014 0.098 0.008 0.699 0.145 0.036
56 56 (0) 6 : 0.001 0.002 0.009 0.987 0.001 0.001
57 57 (0) 6 : 0.006 0.035 0.033 0.921 0.003 0.002
58 58 (0) 6 : 0.004 0.002 0.005 0.964 0.016 0.008
59 59 (0) 6 : 0.032 0.295 0.243 0.261 0.157 0.012
60 60 (0) 6 : 0.001 0.002 0.003 0.993 0.001 0.001
61 61 (0) 6 : 0.001 0.002 0.006 0.988 0.001 0.002
62 62 (0) 6 : 0.002 0.010 0.003 0.982 0.002 0.001
63 63 (0) 6 : 0.001 0.002 0.004 0.988 0.003 0.001
64 64 (0) 6 : 0.014 0.002 0.455 0.513 0.007 0.009
65 65 (0) 6 : 0.005 0.016 0.373 0.591 0.005 0.010
66 66 (0) 6 : 0.003 0.330 0.551 0.113 0.001 0.001
67 67 (0) 6 : 0.027 0.223 0.514 0.215 0.020 0.001
68 68 (0) 6 : 0.001 0.002 0.006 0.989 0.001 0.001
69 69 (0) 6 : 0.006 0.243 0.545 0.200 0.003 0.004
70 70 (0) 6 : 0.001 0.002 0.007 0.988 0.001 0.001
71 71 (0) 6 : 0.001 0.002 0.004 0.991 0.001 0.001
72 72 (0) 6 : 0.001 0.003 0.007 0.986 0.001 0.002
73 73 (0) 6 : 0.003 0.003 0.014 0.961 0.012 0.006
74 74 (0) 6 : 0.005 0.041 0.007 0.920 0.003 0.023
75 75 (0) 6 : 0.004 0.022 0.072 0.892 0.008 0.002
76 76 (0) 6 : 0.022 0.080 0.011 0.857 0.020 0.009
77 77 (0) 6 : 0.013 0.007 0.004 0.903 0.008 0.065
78 78 (0) 6 : 0.003 0.003 0.018 0.972 0.001 0.004
79 79 (0) 6 : 0.052 0.027 0.019 0.887 0.003 0.013
80 80 (0) 6 : 0.002 0.003 0.007 0.985 0.002 0.001
81 81 (0) 6 : 0.002 0.002 0.005 0.986 0.003 0.003
82 82 (0) 6 : 0.050 0.020 0.097 0.820 0.009 0.004
83 83 (0) 6 : 0.004 0.002 0.007 0.983 0.002 0.002
84 84 (0) 6 : 0.001 0.002 0.008 0.987 0.001 0.002
85 85 (0) 6 : 0.001 0.004 0.009 0.984 0.001 0.001
86 86 (0) 6 : 0.012 0.334 0.058 0.504 0.057 0.036
87 87 (0) 6 : 0.003 0.005 0.058 0.911 0.008 0.016
88 88 (0) 5 : 0.091 0.899 0.001 0.003 0.002 0.003
89 89 (0) 5 : 0.030 0.955 0.002 0.002 0.003 0.007
90 90 (0) 5 : 0.004 0.989 0.001 0.003 0.002 0.001
91 91 (0) 5 : 0.001 0.536 0.009 0.443 0.007 0.004
92 92 (0) 5 : 0.003 0.990 0.002 0.003 0.001 0.002
93 93 (0) 5 : 0.084 0.896 0.001 0.001 0.015 0.002
94 94 (2) 1 : 0.003 0.002 0.003 0.012 0.933 0.048
95 95 (3) 1 : 0.002 0.002 0.001 0.002 0.993 0.002
96 96 (2) 1 : 0.002 0.002 0.001 0.001 0.993 0.001
97 97 (0) 1 : 0.006 0.002 0.001 0.001 0.985 0.005
98 98 (1) 1 : 0.005 0.008 0.015 0.005 0.954 0.013
99 99 (6) 1 : 0.007 0.002 0.002 0.004 0.984 0.002
100 100 (11) 1 : 0.003 0.003 0.002 0.002 0.989 0.002
101 101 (3) 1 : 0.003 0.001 0.001 0.001 0.990 0.003
102 102 (2) 1 : 0.003 0.008 0.002 0.002 0.966 0.019
103 103 (5) 1 : 0.006 0.004 0.001 0.003 0.969 0.017
104 104 (1) 1 : 0.001 0.001 0.001 0.001 0.993 0.003
105 105 (0) 1 : 0.003 0.011 0.002 0.004 0.921 0.058
106 106 (1) 1 : 0.006 0.006 0.004 0.004 0.977 0.002
107 107 (6) 1 : 0.003 0.006 0.002 0.002 0.985 0.001
108 108 (1) 1 : 0.007 0.065 0.001 0.005 0.919 0.003
109 109 (18) 1 : 0.005 0.004 0.001 0.004 0.968 0.018
110 110 (2) 1 : 0.005 0.004 0.001 0.002 0.985 0.003
111 111 (1) 1 : 0.002 0.001 0.001 0.001 0.993 0.001
112 112 (2) 1 : 0.002 0.001 0.001 0.001 0.992 0.002
113 113 (2) 1 : 0.005 0.002 0.002 0.002 0.988 0.003
114 114 (3) 1 : 0.003 0.004 0.002 0.002 0.987 0.002
115 115 (2) 1 : 0.003 0.002 0.001 0.001 0.992 0.001
116 116 (1) 1 : 0.003 0.001 0.001 0.001 0.992 0.002
117 117 (1) 1 : 0.003 0.002 0.001 0.001 0.991 0.002
118 118 (3) 1 : 0.002 0.007 0.005 0.009 0.934 0.042
119 119 (2) 1 : 0.024 0.077 0.014 0.020 0.860 0.005
120 120 (3) 1 : 0.006 0.002 0.001 0.001 0.988 0.002
121 121 (0) 1 : 0.002 0.002 0.001 0.001 0.993 0.001
122 122 (1) 1 : 0.004 0.008 0.007 0.008 0.972 0.002
123 123 (3) 1 : 0.001 0.003 0.002 0.002 0.987 0.005
124 124 (3) 1 : 0.003 0.005 0.001 0.001 0.984 0.005
125 125 (2) 1 : 0.167 0.003 0.001 0.001 0.820 0.008
126 126 (3) 1 : 0.002 0.003 0.004 0.003 0.986 0.002
127 127 (1) 1 : 0.001 0.001 0.001 0.001 0.992 0.002
128 128 (5) 1 : 0.007 0.001 0.001 0.001 0.989 0.001
129 129 (1) 1 : 0.003 0.001 0.001 0.002 0.991 0.002
130 130 (5) 1 : 0.001 0.001 0.002 0.001 0.995 0.001
131 131 (10) 1 : 0.024 0.008 0.004 0.006 0.921 0.037
132 132 (2) 1 : 0.017 0.007 0.005 0.007 0.961 0.004
133 133 (4) 1 : 0.067 0.012 0.001 0.002 0.914 0.003
134 134 (2) 1 : 0.002 0.005 0.018 0.009 0.961 0.005
135 135 (18) 1 : 0.006 0.002 0.001 0.002 0.987 0.003
136 136 (3) 1 : 0.020 0.001 0.001 0.001 0.968 0.007
137 137 (0) 1 : 0.012 0.056 0.127 0.778 0.016 0.012
138 138 (6) 1 : 0.005 0.074 0.027 0.855 0.002 0.037
139 139 (17) 2 : 0.985 0.004 0.002 0.002 0.002 0.005
140 140 (2) 2 : 0.987 0.001 0.001 0.002 0.007 0.002
141 141 (3) 2 : 0.995 0.001 0.001 0.001 0.001 0.001
142 142 (0) 2 : 0.987 0.002 0.001 0.002 0.005 0.003
143 143 (4) 2 : 0.985 0.004 0.003 0.003 0.003 0.002
144 144 (1) 2 : 0.975 0.009 0.004 0.003 0.008 0.001
145 145 (8) 2 : 0.984 0.003 0.001 0.001 0.004 0.007
146 146 (4) 2 : 0.993 0.002 0.000 0.001 0.002 0.002
147 147 (1) 2 : 0.968 0.002 0.002 0.002 0.024 0.002
148 148 (17) 2 : 0.994 0.002 0.001 0.001 0.002 0.001
149 149 (8) 2 : 0.975 0.003 0.001 0.002 0.015 0.003
150 150 (3) 2 : 0.987 0.002 0.002 0.004 0.002 0.003
151 151 (0) 2 : 0.991 0.003 0.001 0.002 0.002 0.001
152 152 (0) 2 : 0.985 0.002 0.001 0.001 0.008 0.003
153 153 (3) 2 : 0.989 0.001 0.001 0.001 0.006 0.002
154 154 (1) 2 : 0.984 0.003 0.001 0.001 0.003 0.008
155 155 (1) 2 : 0.988 0.002 0.003 0.003 0.002 0.002
156 156 (15) 2 : 0.992 0.001 0.001 0.002 0.002 0.002
157 157 (3) 2 : 0.990 0.002 0.001 0.001 0.003 0.002
158 158 (2) 2 : 0.970 0.019 0.002 0.006 0.002 0.001
159 159 (7) 2 : 0.948 0.015 0.009 0.011 0.010 0.008
160 160 (4) 2 : 0.965 0.004 0.006 0.014 0.006 0.006
161 161 (1) 2 : 0.978 0.005 0.003 0.002 0.008 0.004
162 162 (14) 2 : 0.993 0.001 0.001 0.001 0.002 0.002
163 163 (15) 2 : 0.985 0.003 0.003 0.002 0.004 0.003
164 164 (11) 2 : 0.994 0.001 0.001 0.001 0.002 0.001
165 165 (1) 2 : 0.985 0.005 0.001 0.002 0.005 0.003
166 166 (8) 2 : 0.970 0.007 0.003 0.011 0.006 0.003
167 167 (6) 2 : 0.972 0.010 0.002 0.001 0.001 0.013
168 168 (3) 2 : 0.872 0.008 0.011 0.040 0.010 0.059
169 169 (6) 2 : 0.894 0.004 0.002 0.006 0.005 0.089
170 170 (4) 2 : 0.986 0.003 0.001 0.002 0.002 0.006
171 171 (2) 2 : 0.958 0.014 0.009 0.013 0.004 0.002
172 172 (6) 2 : 0.955 0.005 0.002 0.002 0.002 0.035
173 173 (1) 2 : 0.977 0.005 0.002 0.001 0.006 0.009
174 174 (3) 2 : 0.986 0.005 0.001 0.002 0.002 0.005
175 175 (2) 2 : 0.960 0.001 0.001 0.003 0.030 0.005
176 176 (4) 2 : 0.913 0.001 0.001 0.001 0.055 0.028
177 177 (2) 2 : 0.870 0.009 0.002 0.002 0.040 0.077
178 178 (3) 2 : 0.993 0.001 0.001 0.001 0.003 0.001
179 179 (1) 2 : 0.991 0.002 0.001 0.001 0.002 0.003
180 180 (7) 2 : 0.987 0.005 0.001 0.002 0.002 0.003
181 181 (0) 2 : 0.983 0.002 0.003 0.002 0.007 0.002
182 182 (0) 7 : 0.002 0.987 0.002 0.003 0.004 0.002
183 183 (0) 7 : 0.018 0.952 0.002 0.014 0.012 0.002
184 184 (1) 7 : 0.007 0.972 0.005 0.002 0.003 0.011
185 185 (0) 7 : 0.003 0.975 0.003 0.006 0.007 0.005
186 186 (2) 7 : 0.004 0.948 0.004 0.009 0.003 0.032
187 187 (0) 7 : 0.012 0.955 0.011 0.012 0.007 0.003
188 188 (1) 7 : 0.002 0.981 0.002 0.010 0.003 0.001
189 189 (1) 7 : 0.096 0.725 0.004 0.170 0.002 0.003
190 190 (0) 7 : 0.009 0.980 0.002 0.003 0.002 0.004
191 191 (0) 7 : 0.001 0.987 0.003 0.002 0.004 0.002
192 192 (2) 7 : 0.014 0.766 0.001 0.023 0.015 0.181
193 193 (1) 7 : 0.005 0.971 0.003 0.003 0.015 0.003
194 194 (1) 7 : 0.001 0.959 0.013 0.014 0.004 0.009
195 195 (0) 7 : 0.013 0.960 0.002 0.003 0.010 0.012
196 196 (0) 7 : 0.005 0.981 0.004 0.004 0.005 0.001
197 197 (1) 7 : 0.004 0.972 0.010 0.007 0.006 0.002
198 198 (1) 7 : 0.002 0.991 0.001 0.004 0.001 0.001
199 199 (0) 7 : 0.003 0.977 0.008 0.010 0.002 0.001
200 200 (0) 7 : 0.002 0.673 0.005 0.004 0.283 0.033
201 201 (1) 7 : 0.303 0.681 0.003 0.006 0.004 0.003
202 202 (0) 7 : 0.002 0.993 0.002 0.002 0.001 0.001
203 203 (1) 7 : 0.004 0.986 0.003 0.002 0.003 0.001
204 204 (1) 7 : 0.009 0.684 0.020 0.017 0.260 0.010
205 205 (0) 7 : 0.003 0.965 0.016 0.005 0.006 0.005
206 206 (2) 7 : 0.175 0.800 0.002 0.004 0.010 0.009
207 207 (2) 7 : 0.002 0.931 0.054 0.010 0.001 0.002
208 208 (2) 7 : 0.008 0.871 0.005 0.074 0.017 0.025
209 209 (0) 7 : 0.019 0.899 0.068 0.011 0.003 0.001
210 210 (1) 7 : 0.002 0.975 0.005 0.008 0.007 0.003
211 211 (0) 7 : 0.007 0.982 0.003 0.002 0.002 0.004
212 212 (10) 7 : 0.113 0.873 0.005 0.004 0.001 0.004
213 213 (1) 7 : 0.009 0.975 0.003 0.008 0.003 0.001
214 214 (0) 7 : 0.008 0.976 0.002 0.007 0.002 0.005
215 215 (2) 7 : 0.016 0.567 0.004 0.005 0.251 0.157
216 216 (1) 4 : 0.001 0.001 0.001 0.001 0.001 0.996
217 217 (1) 4 : 0.002 0.001 0.002 0.002 0.001 0.992
218 218 (1) 4 : 0.001 0.001 0.001 0.001 0.001 0.996
219 219 (1) 4 : 0.001 0.001 0.001 0.001 0.001 0.995
220 220 (1) 4 : 0.204 0.004 0.002 0.003 0.057 0.730
221 221 (1) 4 : 0.002 0.002 0.001 0.003 0.002 0.990
222 222 (10) 4 : 0.004 0.002 0.002 0.004 0.004 0.985
223 223 (2) 4 : 0.002 0.001 0.001 0.001 0.004 0.991
224 224 (0) 4 : 0.001 0.002 0.001 0.001 0.006 0.988
225 225 (2) 4 : 0.001 0.001 0.001 0.001 0.001 0.996
226 226 (0) 4 : 0.001 0.001 0.001 0.001 0.002 0.995
1 1 (0) 3 : 0.001 0.001 0.002 0.001 0.994 0.001
2 2 (0) 3 : 0.006 0.001 0.011 0.003 0.975 0.003
3 3 (0) 3 : 0.001 0.001 0.001 0.001 0.996 0.001
4 4 (0) 3 : 0.002 0.001 0.002 0.001 0.993 0.001
5 5 (0) 3 : 0.001 0.000 0.001 0.000 0.997 0.000
6 6 (0) 3 : 0.002 0.001 0.002 0.001 0.993 0.001
7 7 (0) 3 : 0.001 0.001 0.001 0.000 0.996 0.001
8 8 (0) 3 : 0.001 0.001 0.011 0.001 0.986 0.001
9 9 (0) 3 : 0.001 0.000 0.004 0.001 0.993 0.000
10 10 (0) 3 : 0.005 0.002 0.013 0.005 0.971 0.004
11 11 (0) 3 : 0.006 0.002 0.043 0.002 0.946 0.001
12 12 (0) 3 : 0.003 0.001 0.010 0.003 0.981 0.003
13 13 (0) 3 : 0.001 0.000 0.001 0.000 0.998 0.000
14 14 (0) 3 : 0.002 0.001 0.005 0.002 0.989 0.001
15 15 (0) 3 : 0.001 0.001 0.002 0.001 0.995 0.001
16 16 (0) 3 : 0.001 0.000 0.002 0.001 0.996 0.001
17 17 (0) 3 : 0.001 0.001 0.012 0.000 0.985 0.001
18 18 (0) 3 : 0.010 0.016 0.015 0.008 0.950 0.002
19 19 (0) 3 : 0.001 0.000 0.001 0.001 0.997 0.001
20 20 (0) 3 : 0.002 0.001 0.003 0.001 0.992 0.001
21 21 (0) 3 : 0.003 0.001 0.003 0.001 0.992 0.001
22 22 (0) 3 : 0.005 0.002 0.007 0.002 0.984 0.001
23 23 (0) 3 : 0.001 0.001 0.002 0.001 0.995 0.001
24 24 (0) 3 : 0.001 0.001 0.001 0.001 0.996 0.001
25 25 (0) 3 : 0.002 0.001 0.002 0.001 0.993 0.001
26 26 (0) 3 : 0.002 0.001 0.001 0.001 0.995 0.001
27 27 (0) 3 : 0.001 0.000 0.001 0.001 0.996 0.001
28 28 (0) 3 : 0.002 0.001 0.004 0.002 0.989 0.001
29 29 (0) 3 : 0.001 0.001 0.002 0.000 0.995 0.001
30 30 (0) 3 : 0.000 0.001 0.001 0.000 0.997 0.000
31 31 (0) 3 : 0.005 0.003 0.012 0.002 0.976 0.002
32 32 (0) 3 : 0.002 0.002 0.003 0.001 0.991 0.001
33 33 (0) 3 : 0.001 0.001 0.002 0.000 0.996 0.000
34 34 (0) 3 : 0.001 0.000 0.001 0.001 0.997 0.000
35 35 (0) 3 : 0.001 0.001 0.003 0.001 0.994 0.000
36 36 (0) 5 : 0.826 0.008 0.022 0.021 0.106 0.017
37 37 (0) 5 : 0.970 0.016 0.004 0.004 0.003 0.002
38 38 (0) 6 : 0.002 0.002 0.990 0.002 0.004 0.001
39 39 (0) 6 : 0.575 0.002 0.004 0.006 0.405 0.009
40 40 (0) 6 : 0.463 0.005 0.016 0.022 0.488 0.006
41 41 (0) 6 : 0.210 0.009 0.765 0.004 0.009 0.003
42 42 (0) 6 : 0.054 0.017 0.905 0.017 0.005 0.001
43 43 (0) 5 : 0.907 0.084 0.002 0.002 0.001 0.004
44 44 (0) 5 : 0.065 0.015 0.887 0.009 0.018 0.005
45 45 (0) 5 : 0.928 0.018 0.001 0.003 0.002 0.047
46 46 (0) 5 : 0.968 0.005 0.002 0.020 0.002 0.003
47 47 (0) 5 : 0.791 0.007 0.193 0.002 0.004 0.002
48 48 (0) 5 : 0.700 0.002 0.025 0.003 0.264 0.007
49 49 (0) 5 : 0.301 0.006 0.668 0.012 0.010 0.003
50 50 (0) 5 : 0.766 0.057 0.010 0.164 0.002 0.002
51 51 (0) 5 : 0.965 0.010 0.006 0.008 0.002 0.009
52 52 (0) 6 : 0.008 0.003 0.893 0.002 0.092 0.003
53 53 (0) 6 : 0.029 0.084 0.715 0.004 0.154 0.014
54 54 (0) 6 : 0.023 0.004 0.946 0.012 0.011 0.004
55 55 (0) 6 : 0.079 0.006 0.708 0.186 0.004 0.017
56 56 (0) 6 : 0.001 0.001 0.974 0.001 0.023 0.001
57 57 (0) 6 : 0.038 0.005 0.931 0.002 0.023 0.001
58 58 (0) 6 : 0.003 0.003 0.962 0.015 0.006 0.011
59 59 (0) 6 : 0.373 0.013 0.287 0.114 0.199 0.014
60 60 (0) 6 : 0.003 0.001 0.992 0.001 0.003 0.001
61 61 (0) 6 : 0.002 0.001 0.990 0.001 0.005 0.001
62 62 (0) 6 : 0.007 0.003 0.984 0.001 0.004 0.002
63 63 (0) 6 : 0.003 0.001 0.985 0.003 0.006 0.001
64 64 (0) 6 : 0.002 0.008 0.509 0.008 0.455 0.018
65 65 (0) 6 : 0.008 0.003 0.586 0.005 0.389 0.010
66 66 (0) 6 : 0.388 0.002 0.032 0.001 0.575 0.001
67 67 (0) 6 : 0.212 0.032 0.243 0.009 0.503 0.001
68 68 (0) 6 : 0.002 0.001 0.988 0.001 0.007 0.001
69 69 (0) 6 : 0.139 0.026 0.305 0.001 0.526 0.003
70 70 (0) 6 : 0.001 0.001 0.991 0.001 0.004 0.002
71 71 (0) 6 : 0.002 0.001 0.991 0.001 0.005 0.001
72 72 (0) 6 : 0.005 0.002 0.986 0.001 0.005 0.001
73 73 (0) 6 : 0.004 0.004 0.970 0.012 0.003 0.007
74 74 (0) 6 : 0.025 0.004 0.931 0.004 0.014 0.022
75 75 (0) 6 : 0.027 0.005 0.908 0.007 0.051 0.003
76 76 (0) 6 : 0.054 0.074 0.835 0.009 0.020 0.008
77 77 (0) 6 : 0.004 0.007 0.901 0.013 0.004 0.071
78 78 (0) 6 : 0.003 0.002 0.977 0.002 0.011 0.006
79 79 (0) 6 : 0.016 0.075 0.893 0.002 0.007 0.007
80 80 (0) 6 : 0.003 0.002 0.987 0.001 0.005 0.002
81 81 (0) 6 : 0.002 0.002 0.980 0.004 0.010 0.003
82 82 (0) 6 : 0.017 0.038 0.873 0.021 0.046 0.005
83 83 (0) 6 : 0.001 0.003 0.987 0.003 0.003 0.003
84 84 (0) 6 : 0.001 0.001 0.986 0.002 0.008 0.002
85 85 (0) 6 : 0.004 0.002 0.986 0.001 0.006 0.001
86 86 (0) 6 : 0.365 0.006 0.438 0.026 0.079 0.086
87 87 (0) 6 : 0.003 0.009 0.878 0.009 0.079 0.023
88 88 (0) 5 : 0.943 0.043 0.004 0.004 0.001 0.005
89 89 (0) 5 : 0.966 0.017 0.003 0.002 0.002 0.010
90 90 (0) 5 : 0.991 0.003 0.002 0.002 0.001 0.001
91 91 (0) 5 : 0.532 0.002 0.435 0.012 0.015 0.004
92 92 (0) 5 : 0.988 0.006 0.002 0.001 0.001 0.001
93 93 (0) 5 : 0.869 0.107 0.001 0.021 0.001 0.001
94 94 (2) 1 : 0.003 0.004 0.007 0.943 0.007 0.037
95 95 (3) 1 : 0.001 0.001 0.002 0.992 0.002 0.001
96 96 (2) 1 : 0.003 0.003 0.001 0.990 0.001 0.001
97 97 (0) 1 : 0.001 0.006 0.001 0.987 0.001 0.004
98 98 (1) 1 : 0.004 0.005 0.006 0.956 0.016 0.012
99 99 (6) 1 : 0.001 0.005 0.002 0.988 0.002 0.001
100 100 (11) 1 : 0.003 0.002 0.002 0.991 0.001 0.001
101 101 (3) 1 : 0.001 0.004 0.001 0.991 0.001 0.002
102 102 (2) 1 : 0.007 0.004 0.004 0.971 0.002 0.011
103 103 (5) 1 : 0.005 0.009 0.002 0.958 0.002 0.024
104 104 (1) 1 : 0.001 0.002 0.002 0.992 0.001 0.002
105 105 (0) 1 : 0.016 0.004 0.007 0.897 0.002 0.074
106 106 (1) 1 : 0.007 0.009 0.002 0.972 0.006 0.003
107 107 (6) 1 : 0.006 0.002 0.002 0.987 0.002 0.002
108 108 (1) 1 : 0.037 0.007 0.004 0.947 0.001 0.003
109 109 (18) 1 : 0.006 0.005 0.003 0.967 0.001 0.018
110 110 (2) 1 : 0.003 0.009 0.003 0.978 0.002 0.006
111 111 (1) 1 : 0.002 0.001 0.001 0.994 0.001 0.001
112 112 (2) 1 : 0.001 0.002 0.001 0.992 0.001 0.003
113 113 (2) 1 : 0.002 0.004 0.001 0.990 0.001 0.002
114 114 (3) 1 : 0.004 0.003 0.002 0.986 0.002 0.002
115 115 (2) 1 : 0.002 0.005 0.001 0.991 0.001 0.001
116 116 (1) 1 : 0.001 0.002 0.001 0.994 0.001 0.002
117 117 (1) 1 : 0.002 0.004 0.002 0.989 0.002 0.003
118 118 (3) 1 : 0.011 0.003 0.009 0.952 0.006 0.019
119 119 (2) 1 : 0.068 0.022 0.014 0.879 0.008 0.008
120 120 (3) 1 : 0.002 0.010 0.001 0.984 0.002 0.001
121 121 (0) 1 : 0.001 0.002 0.002 0.993 0.002 0.001
122 122 (1) 1 : 0.006 0.003 0.007 0.973 0.009 0.001
123 123 (3) 1 : 0.002 0.002 0.002 0.988 0.002 0.004
124 124 (3) 1 : 0.004 0.008 0.001 0.979 0.001 0.007
125 125 (2) 1 : 0.002 0.132 0.001 0.850 0.001 0.014
126 126 (3) 1 : 0.002 0.004 0.002 0.987 0.003 0.003
127 127 (1) 1 : 0.002 0.001 0.002 0.992 0.001 0.002
128 128 (5) 1 : 0.002 0.004 0.002 0.991 0.001 0.001
129 129 (1) 1 : 0.001 0.003 0.001 0.990 0.001 0.004
130 130 (5) 1 : 0.001 0.002 0.001 0.994 0.001 0.002
131 131 (10) 1 : 0.006 0.025 0.006 0.934 0.004 0.026
132 132 (2) 1 : 0.006 0.023 0.014 0.944 0.006 0.007
133 133 (4) 1 : 0.012 0.062 0.002 0.920 0.001 0.002
134 134 (2) 1 : 0.003 0.002 0.013 0.961 0.017 0.005
135 135 (18) 1 : 0.001 0.008 0.001 0.986 0.001 0.003
136 136 (3) 1 : 0.003 0.017 0.001 0.974 0.002 0.003
137 137 (0) 1 : 0.085 0.017 0.650 0.017 0.219 0.011
138 138 (6) 1 : 0.130 0.003 0.804 0.002 0.029 0.031
139 139 (17) 2 : 0.007 0.983 0.001 0.003 0.002 0.004
140 140 (2) 2 : 0.002 0.988 0.001 0.007 0.001 0.002
141 141 (3) 2 : 0.001 0.995 0.001 0.001 0.000 0.001
142 142 (0) 2 : 0.002 0.988 0.002 0.004 0.001 0.002
143 143 (4) 2 : 0.003 0.986 0.002 0.003 0.003 0.002
144 144 (1) 2 : 0.010 0.974 0.004 0.008 0.004 0.001
145 145 (8) 2 : 0.002 0.986 0.001 0.003 0.001 0.007
146 146 (4) 2 : 0.003 0.990 0.001 0.003 0.001 0.002
147 147 (1) 2 : 0.002 0.980 0.001 0.012 0.002 0.003
148 148 (17) 2 : 0.001 0.995 0.001 0.001 0.001 0.001
149 149 (8) 2 : 0.003 0.977 0.002 0.010 0.002 0.006
150 150 (3) 2 : 0.002 0.988 0.003 0.001 0.002 0.003
151 151 (0) 2 : 0.002 0.991 0.001 0.004 0.001 0.002
152 152 (0) 2 : 0.001 0.989 0.001 0.004 0.001 0.003
153 153 (3) 2 : 0.002 0.987 0.001 0.007 0.001 0.002
154 154 (1) 2 : 0.006 0.979 0.001 0.009 0.001 0.004
155 155 (1) 2 : 0.001 0.990 0.003 0.002 0.002 0.002
156 156 (15) 2 : 0.003 0.992 0.001 0.002 0.001 0.001
157 157 (3) 2 : 0.003 0.990 0.001 0.003 0.001 0.001
158 158 (2) 2 : 0.016 0.972 0.004 0.003 0.003 0.001
159 159 (7) 2 : 0.026 0.945 0.007 0.011 0.006 0.005
160 160 (4) 2 : 0.003 0.950 0.031 0.007 0.005 0.005
161 161 (1) 2 : 0.005 0.982 0.002 0.004 0.002 0.005
162 162 (14) 2 : 0.002 0.992 0.001 0.003 0.001 0.002
163 163 (15) 2 : 0.003 0.984 0.003 0.004 0.002 0.003
164 164 (11) 2 : 0.001 0.994 0.001 0.002 0.001 0.001
165 165 (1) 2 : 0.009 0.979 0.001 0.008 0.001 0.002
166 166 (8) 2 : 0.009 0.971 0.010 0.005 0.004 0.002
167 167 (6) 2 : 0.024 0.962 0.003 0.002 0.005 0.004
168 168 (3) 2 : 0.005 0.893 0.029 0.007 0.008 0.058
169 169 (6) 2 : 0.004 0.901 0.006 0.012 0.001 0.076
170 170 (4) 2 : 0.003 0.988 0.001 0.003 0.001 0.004
171 171 (2) 2 : 0.012 0.962 0.010 0.007 0.008 0.001
172 172 (6) 2 : 0.004 0.956 0.002 0.002 0.001 0.035
173 173 (1) 2 : 0.006 0.976 0.001 0.006 0.001 0.009
174 174 (3) 2 : 0.003 0.990 0.002 0.003 0.001 0.002
175 175 (2) 2 : 0.002 0.969 0.003 0.019 0.002 0.005
176 176 (4) 2 : 0.003 0.932 0.002 0.032 0.001 0.030
177 177 (2) 2 : 0.007 0.865 0.002 0.066 0.002 0.058
178 178 (3) 2 : 0.002 0.992 0.001 0.004 0.001 0.001
179 179 (1) 2 : 0.002 0.989 0.002 0.004 0.001 0.003
180 180 (7) 2 : 0.003 0.987 0.002 0.005 0.001 0.002
181 181 (0) 2 : 0.002 0.984 0.002 0.008 0.002 0.002
182 182 (0) 7 : 0.982 0.006 0.005 0.003 0.001 0.003
183 183 (0) 7 : 0.939 0.020 0.017 0.017 0.002 0.005
184 184 (1) 7 : 0.974 0.004 0.004 0.004 0.004 0.010
185 185 (0) 7 : 0.968 0.003 0.014 0.005 0.007 0.004
186 186 (2) 7 : 0.950 0.005 0.011 0.004 0.004 0.026
187 187 (0) 7 : 0.963 0.011 0.009 0.005 0.009 0.003
188 188 (1) 7 : 0.981 0.003 0.006 0.005 0.002 0.003
189 189 (1) 7 : 0.619 0.153 0.221 0.003 0.002 0.003
190 190 (0) 7 : 0.981 0.007 0.004 0.003 0.002 0.005
191 191 (0) 7 : 0.984 0.002 0.003 0.005 0.006 0.001
192 192 (2) 7 : 0.805 0.009 0.016 0.029 0.003 0.138
193 193 (1) 7 : 0.971 0.004 0.002 0.018 0.003 0.002
194 194 (1) 7 : 0.957 0.001 0.016 0.003 0.011 0.012
195 195 (0) 7 : 0.953 0.016 0.003 0.010 0.001 0.016
196 196 (0) 7 : 0.987 0.002 0.004 0.004 0.003 0.001
197 197 (1) 7 : 0.975 0.003 0.008 0.006 0.006 0.002
198 198 (1) 7 : 0.992 0.002 0.002 0.001 0.002 0.001
199 199 (0) 7 : 0.969 0.003 0.018 0.002 0.007 0.001
200 200 (0) 7 : 0.693 0.003 0.009 0.261 0.004 0.031
201 201 (1) 7 : 0.723 0.260 0.002 0.012 0.002 0.002
202 202 (0) 7 : 0.993 0.002 0.001 0.001 0.002 0.001
203 203 (1) 7 : 0.985 0.005 0.002 0.003 0.003 0.002
204 204 (1) 7 : 0.686 0.006 0.016 0.263 0.017 0.011
205 205 (0) 7 : 0.964 0.005 0.009 0.008 0.012 0.003
206 206 (2) 7 : 0.744 0.235 0.004 0.007 0.003 0.007
207 207 (2) 7 : 0.935 0.002 0.008 0.002 0.051 0.002
208 208 (2) 7 : 0.875 0.004 0.072 0.012 0.006 0.031
209 209 (0) 7 : 0.891 0.019 0.009 0.005 0.076 0.001
210 210 (1) 7 : 0.983 0.002 0.004 0.005 0.003 0.002
211 211 (0) 7 : 0.986 0.006 0.001 0.001 0.003 0.003
212 212 (10) 7 : 0.899 0.090 0.004 0.002 0.002 0.003
213 213 (1) 7 : 0.981 0.005 0.004 0.004 0.005 0.001
214 214 (0) 7 : 0.972 0.013 0.009 0.003 0.002 0.003
215 215 (2) 7 : 0.558 0.010 0.003 0.320 0.002 0.108
216 216 (1) 4 : 0.001 0.001 0.001 0.001 0.001 0.997
217 217 (1) 4 : 0.002 0.002 0.002 0.001 0.002 0.990
218 218 (1) 4 : 0.001 0.001 0.001 0.001 0.001 0.996
219 219 (1) 4 : 0.001 0.001 0.001 0.001 0.001 0.995
220 220 (1) 4 : 0.011 0.179 0.003 0.073 0.003 0.730
221 221 (1) 4 : 0.003 0.002 0.004 0.002 0.002 0.988
222 222 (10) 4 : 0.001 0.006 0.005 0.005 0.001 0.982
223 223 (2) 4 : 0.001 0.001 0.001 0.003 0.001 0.993
224 224 (0) 4 : 0.001 0.002 0.003 0.009 0.001 0.984
225 225 (2) 4 : 0.001 0.001 0.001 0.001 0.001 0.996
226 226 (0) 4 : 0.001 0.001 0.001 0.002 0.001 0.995
1 1 (0) 3 : 0.994 0.001 0.001 0.003 0.001 0.001
2 2 (0) 3 : 0.979 0.007 0.002 0.007 0.002 0.002
3 3 (0) 3 : 0.995 0.002 0.001 0.000 0.001 0.001
4 4 (0) 3 : 0.993 0.002 0.001 0.003 0.001 0.001
5 5 (0) 3 : 0.997 0.001 0.000 0.001 0.000 0.000
6 6 (0) 3 : 0.993 0.002 0.001 0.002 0.001 0.001
7 7 (0) 3 : 0.996 0.001 0.001 0.002 0.001 0.001
8 8 (0) 3 : 0.989 0.001 0.001 0.008 0.000 0.001
9 9 (0) 3 : 0.995 0.001 0.001 0.002 0.001 0.001
10 10 (0) 3 : 0.972 0.004 0.001 0.015 0.004 0.004
11 11 (0) 3 : 0.958 0.006 0.002 0.032 0.001 0.002
12 12 (0) 3 : 0.987 0.002 0.001 0.005 0.002 0.002
13 13 (0) 3 : 0.997 0.000 0.000 0.001 0.000 0.001
14 14 (0) 3 : 0.989 0.001 0.001 0.005 0.002 0.002
15 15 (0) 3 : 0.995 0.001 0.001 0.002 0.001 0.001
16 16 (0) 3 : 0.996 0.001 0.000 0.001 0.001 0.000
17 17 (0) 3 : 0.975 0.001 0.001 0.022 0.001 0.000
18 18 (0) 3 : 0.960 0.005 0.015 0.007 0.002 0.012
19 19 (0) 3 : 0.996 0.001 0.001 0.001 0.001 0.001
20 20 (0) 3 : 0.993 0.001 0.001 0.003 0.000 0.001
21 21 (0) 3 : 0.993 0.002 0.001 0.002 0.001 0.001
22 22 (0) 3 : 0.983 0.004 0.002 0.008 0.002 0.002
23 23 (0) 3 : 0.996 0.001 0.000 0.002 0.000 0.001
24 24 (0) 3 : 0.996 0.001 0.001 0.002 0.001 0.001
25 25 (0) 3 : 0.992 0.002 0.001 0.002 0.001 0.001
26 26 (0) 3 : 0.996 0.001 0.001 0.001 0.001 0.001
27 27 (0) 3 : 0.996 0.001 0.001 0.001 0.001 0.001
28 28 (0) 3 : 0.990 0.003 0.001 0.003 0.002 0.002
29 29 (0) 3 : 0.995 0.001 0.001 0.001 0.001 0.001
30 30 (0) 3 : 0.997 0.001 0.000 0.001 0.000 0.001
31 31 (0) 3 : 0.980 0.004 0.002 0.009 0.002 0.002
32 32 (0) 3 : 0.992 0.002 0.001 0.002 0.001 0.001
33 33 (0) 3 : 0.996 0.001 0.001 0.001 0.001 0.000
34 34 (0) 3 : 0.997 0.001 0.000 0.001 0.000 0.001
35 35 (0) 3 : 0.994 0.001 0.001 0.002 0.000 0.001
36 36 (0) 5 : 0.074 0.814 0.004 0.066 0.021 0.021
37 37 (0) 5 : 0.004 0.972 0.016 0.004 0.002 0.002
38 38 (0) 6 : 0.005 0.001 0.002 0.989 0.001 0.001
39 39 (0) 6 : 0.406 0.567 0.001 0.017 0.005 0.003
40 40 (0) 6 : 0.490 0.476 0.004 0.005 0.005 0.021
41 41 (0) 6 : 0.005 0.263 0.003 0.725 0.002 0.002
42 42 (0) 6 : 0.004 0.080 0.013 0.892 0.002 0.009
43 43 (0) 5 : 0.001 0.947 0.043 0.003 0.004 0.003
44 44 (0) 5 : 0.016 0.093 0.011 0.871 0.002 0.008
45 45 (0) 5 : 0.001 0.915 0.033 0.002 0.046 0.004
46 46 (0) 5 : 0.001 0.977 0.008 0.002 0.001 0.010
47 47 (0) 5 : 0.010 0.813 0.008 0.165 0.002 0.003
48 48 (0) 5 : 0.269 0.697 0.004 0.022 0.006 0.003
49 49 (0) 5 : 0.016 0.314 0.013 0.648 0.005 0.004
50 50 (0) 5 : 0.001 0.776 0.052 0.009 0.003 0.160
51 51 (0) 5 : 0.003 0.974 0.007 0.004 0.007 0.004
52 52 (0) 6 : 0.081 0.009 0.002 0.902 0.004 0.002
53 53 (0) 6 : 0.215 0.021 0.109 0.637 0.015 0.003
54 54 (0) 6 : 0.013 0.014 0.006 0.952 0.003 0.012
55 55 (0) 6 : 0.006 0.051 0.007 0.720 0.016 0.200
56 56 (0) 6 : 0.023 0.001 0.001 0.974 0.001 0.001
57 57 (0) 6 : 0.054 0.051 0.009 0.879 0.002 0.005
58 58 (0) 6 : 0.009 0.004 0.002 0.961 0.011 0.013
59 59 (0) 6 : 0.239 0.278 0.124 0.290 0.010 0.059
60 60 (0) 6 : 0.004 0.002 0.001 0.991 0.001 0.001
61 61 (0) 6 : 0.004 0.002 0.001 0.991 0.001 0.001
62 62 (0) 6 : 0.006 0.011 0.004 0.976 0.002 0.001
63 63 (0) 6 : 0.013 0.001 0.001 0.980 0.003 0.002
64 64 (0) 6 : 0.467 0.003 0.011 0.491 0.011 0.017
65 65 (0) 6 : 0.389 0.015 0.002 0.574 0.011 0.010
66 66 (0) 6 : 0.580 0.402 0.002 0.013 0.001 0.002
67 67 (0) 6 : 0.521 0.223 0.038 0.208 0.001 0.009
68 68 (0) 6 : 0.003 0.002 0.002 0.992 0.001 0.001
69 69 (0) 6 : 0.531 0.182 0.010 0.270 0.005 0.001
70 70 (0) 6 : 0.007 0.002 0.002 0.987 0.001 0.001
71 71 (0) 6 : 0.014 0.002 0.001 0.982 0.001 0.001
72 72 (0) 6 : 0.005 0.002 0.001 0.989 0.001 0.001
73 73 (0) 6 : 0.007 0.001 0.002 0.971 0.007 0.012
74 74 (0) 6 : 0.011 0.036 0.007 0.922 0.023 0.002
75 75 (0) 6 : 0.118 0.045 0.002 0.823 0.002 0.010
76 76 (0) 6 : 0.013 0.065 0.062 0.835 0.009 0.017
77 77 (0) 6 : 0.004 0.003 0.008 0.902 0.073 0.009
78 78 (0) 6 : 0.022 0.002 0.002 0.966 0.006 0.003
79 79 (0) 6 : 0.007 0.016 0.052 0.907 0.016 0.003
80 80 (0) 6 : 0.007 0.002 0.002 0.985 0.002 0.002
81 81 (0) 6 : 0.017 0.005 0.002 0.972 0.002 0.003
82 82 (0) 6 : 0.058 0.011 0.025 0.877 0.004 0.025
83 83 (0) 6 : 0.007 0.002 0.002 0.985 0.003 0.002
84 84 (0) 6 : 0.006 0.001 0.002 0.988 0.001 0.002
85 85 (0) 6 : 0.007 0.002 0.001 0.988 0.001 0.001
86 86 (0) 6 : 0.085 0.376 0.002 0.447 0.046 0.044
87 87 (0) 6 : 0.032 0.010 0.003 0.937 0.012 0.006
88 88 (0) 5 : 0.001 0.933 0.059 0.001 0.003 0.002
89 89 (0) 5 : 0.002 0.953 0.029 0.003 0.008 0.005
90 90 (0) 5 : 0.001 0.989 0.005 0.001 0.001 0.002
91 91 (0) 5 : 0.005 0.491 0.002 0.478 0.006 0.018
92 92 (0) 5 : 0.001 0.989 0.003 0.004 0.001 0.001
93 93 (0) 5 : 0.001 0.885 0.084 0.001 0.002 0.026
94 94 (2) 1 : 0.006 0.003 0.002 0.009 0.029 0.951
95 95 (3) 1 : 0.001 0.002 0.003 0.002 0.001 0.990
96 96 (2) 1 : 0.001 0.001 0.002 0.001 0.001 0.993
97 97 (0) 1 : 0.001 0.002 0.003 0.001 0.006 0.986
98 98 (1) 1 : 0.019 0.006 0.006 0.006 0.014 0.948
99 99 (6) 1 : 0.002 0.001 0.006 0.001 0.002 0.988
100 100 (11) 1 : 0.002 0.004 0.002 0.001 0.002 0.990
101 101 (3) 1 : 0.001 0.002 0.003 0.001 0.002 0.990
102 102 (2) 1 : 0.003 0.008 0.004 0.003 0.015 0.967
103 103 (5) 1 : 0.002 0.004 0.008 0.003 0.007 0.976
104 104 (1) 1 : 0.001 0.002 0.004 0.001 0.003 0.990
105 105 (0) 1 : 0.003 0.015 0.003 0.005 0.070 0.904
106 106 (1) 1 : 0.008 0.004 0.009 0.002 0.002 0.975
107 107 (6) 1 : 0.003 0.003 0.001 0.002 0.001 0.990
108 108 (1) 1 : 0.001 0.041 0.005 0.007 0.002 0.944
109 109 (18) 1 : 0.001 0.005 0.008 0.003 0.026 0.956
110 110 (2) 1 : 0.002 0.003 0.009 0.003 0.007 0.977
111 111 (1) 1 : 0.001 0.001 0.001 0.001 0.002 0.994
112 112 (2) 1 : 0.001 0.001 0.002 0.001 0.004 0.992
113 113 (2) 1 : 0.002 0.002 0.006 0.001 0.005 0.984
114 114 (3) 1 : 0.002 0.003 0.003 0.003 0.004 0.984
115 115 (2) 1 : 0.001 0.003 0.006 0.001 0.001 0.989
116 116 (1) 1 : 0.001 0.001 0.002 0.001 0.001 0.995
117 117 (1) 1 : 0.001 0.003 0.004 0.002 0.002 0.988
118 118 (3) 1 : 0.005 0.010 0.002 0.014 0.042 0.927
119 119 (2) 1 : 0.009 0.106 0.022 0.015 0.012 0.834
120 120 (3) 1 : 0.001 0.001 0.009 0.001 0.001 0.987
121 121 (0) 1 : 0.001 0.002 0.002 0.001 0.002 0.992
122 122 (1) 1 : 0.009 0.009 0.003 0.013 0.001 0.966
123 123 (3) 1 : 0.002 0.002 0.002 0.002 0.002 0.990
124 124 (3) 1 : 0.002 0.005 0.007 0.002 0.007 0.978
125 125 (2) 1 : 0.002 0.005 0.142 0.001 0.007 0.843
126 126 (3) 1 : 0.003 0.002 0.003 0.002 0.004 0.986
127 127 (1) 1 : 0.001 0.002 0.001 0.001 0.001 0.994
128 128 (5) 1 : 0.001 0.001 0.007 0.001 0.001 0.989
129 129 (1) 1 : 0.001 0.001 0.004 0.001 0.004 0.989
130 130 (5) 1 : 0.001 0.001 0.001 0.002 0.002 0.993
131 131 (10) 1 : 0.004 0.002 0.033 0.004 0.036 0.920
132 132 (2) 1 : 0.005 0.011 0.014 0.005 0.006 0.960
133 133 (4) 1 : 0.001 0.014 0.050 0.003 0.004 0.929
134 134 (2) 1 : 0.010 0.004 0.002 0.017 0.002 0.966
135 135 (18) 1 : 0.001 0.002 0.010 0.002 0.002 0.983
136 136 (3) 1 : 0.001 0.004 0.013 0.001 0.006 0.974
137 137 (0) 1 : 0.208 0.088 0.013 0.667 0.017 0.006
138 138 (6) 1 : 0.061 0.112 0.004 0.762 0.060 0.002
139 139 (17) 2 : 0.001 0.005 0.985 0.001 0.006 0.002
140 140 (2) 2 : 0.001 0.001 0.989 0.001 0.002 0.006
141 141 (3) 2 : 0.000 0.001 0.996 0.000 0.001 0.001
142 142 (0) 2 : 0.001 0.003 0.986 0.002 0.005 0.004
143 143 (4) 2 : 0.003 0.002 0.987 0.003 0.003 0.002
144 144 (1) 2 : 0.003 0.006 0.979 0.004 0.001 0.007
145 145 (8) 2 : 0.001 0.006 0.982 0.002 0.006 0.003
146 146 (4) 2 : 0.001 0.002 0.993 0.001 0.001 0.003
147 147 (1) 2 : 0.002 0.001 0.968 0.003 0.004 0.021
148 148 (17) 2 : 0.001 0.001 0.995 0.001 0.001 0.001
149 149 (8) 2 : 0.001 0.003 0.977 0.002 0.005 0.012
150 150 (3) 2 : 0.002 0.002 0.988 0.003 0.003 0.002
151 151 (0) 2 : 0.001 0.002 0.991 0.002 0.002 0.002
152 152 (0) 2 : 0.001 0.002 0.987 0.001 0.004 0.005
153 153 (3) 2 : 0.001 0.002 0.988 0.001 0.002 0.006
154 154 (1) 2 : 0.001 0.006 0.985 0.001 0.003 0.005
155 155 (1) 2 : 0.002 0.002 0.990 0.003 0.002 0.002
156 156 (15) 2 : 0.001 0.003 0.992 0.001 0.001 0.002
157 157 (3) 2 : 0.001 0.003 0.986 0.002 0.002 0.006
158 158 (2) 2 : 0.003 0.029 0.959 0.004 0.002 0.003
159 159 (7) 2 : 0.007 0.030 0.935 0.010 0.006 0.012
160 160 (4) 2 : 0.006 0.008 0.957 0.020 0.003 0.007
161 161 (1) 2 : 0.003 0.003 0.981 0.002 0.007 0.003
162 162 (14) 2 : 0.001 0.002 0.993 0.001 0.001 0.002
163 163 (15) 2 : 0.003 0.003 0.987 0.004 0.002 0.002
164 164 (11) 2 : 0.001 0.001 0.992 0.001 0.001 0.004
165 165 (1) 2 : 0.002 0.003 0.976 0.002 0.002 0.015
166 166 (8) 2 : 0.006 0.012 0.964 0.011 0.002 0.004
167 167 (6) 2 : 0.003 0.016 0.965 0.003 0.010 0.003
168 168 (3) 2 : 0.006 0.010 0.888 0.029 0.052 0.014
169 169 (6) 2 : 0.001 0.003 0.900 0.005 0.081 0.011
170 170 (4) 2 : 0.001 0.005 0.984 0.001 0.005 0.004
171 171 (2) 2 : 0.009 0.011 0.957 0.015 0.002 0.005
172 172 (6) 2 : 0.001 0.011 0.958 0.003 0.026 0.001
173 173 (1) 2 : 0.001 0.005 0.980 0.002 0.006 0.006
174 174 (3) 2 : 0.001 0.004 0.988 0.001 0.003 0.002
175 175 (2) 2 : 0.001 0.003 0.958 0.004 0.009 0.024
176 176 (4) 2 : 0.001 0.002 0.933 0.002 0.024 0.037
177 177 (2) 2 : 0.002 0.010 0.892 0.003 0.065 0.028
178 178 (3) 2 : 0.001 0.002 0.993 0.001 0.001 0.003
179 179 (1) 2 : 0.001 0.001 0.990 0.002 0.003 0.003
180 180 (7) 2 : 0.001 0.005 0.988 0.002 0.002 0.003
181 181 (0) 2 : 0.002 0.002 0.987 0.001 0.003 0.004
182 182 (0) 7 : 0.003 0.986 0.005 0.002 0.002 0.003
183 183 (0) 7 : 0.001 0.958 0.011 0.008 0.003 0.019
184 184 (1) 7 : 0.004 0.965 0.002 0.008 0.016 0.005
185 185 (0) 7 : 0.004 0.980 0.002 0.009 0.004 0.002
186 186 (2) 7 : 0.008 0.939 0.005 0.013 0.027 0.009
187 187 (0) 7 : 0.010 0.959 0.013 0.008 0.006 0.004
188 188 (1) 7 : 0.002 0.986 0.004 0.003 0.002 0.003
189 189 (1) 7 : 0.004 0.681 0.113 0.196 0.003 0.004
190 190 (0) 7 : 0.001 0.983 0.008 0.003 0.002 0.002
191 191 (0) 7 : 0.004 0.986 0.002 0.003 0.002 0.003
192 192 (2) 7 : 0.002 0.775 0.013 0.033 0.168 0.009
193 193 (1) 7 : 0.003 0.960 0.005 0.002 0.002 0.028
194 194 (1) 7 : 0.013 0.954 0.002 0.020 0.009 0.002
195 195 (0) 7 : 0.002 0.954 0.014 0.002 0.015 0.014
196 196 (0) 7 : 0.002 0.987 0.002 0.003 0.002 0.004
197 197 (1) 7 : 0.013 0.970 0.002 0.006 0.002 0.007
198 198 (1) 7 : 0.002 0.991 0.003 0.002 0.001 0.002
199 199 (0) 7 : 0.005 0.980 0.004 0.008 0.001 0.001
200 200 (0) 7 : 0.004 0.679 0.002 0.005 0.020 0.291
201 201 (1) 7 : 0.003 0.719 0.250 0.005 0.002 0.021
202 202 (0) 7 : 0.001 0.993 0.002 0.002 0.001 0.001
203 203 (1) 7 : 0.004 0.980 0.009 0.002 0.002 0.004
204 204 (1) 7 : 0.022 0.705 0.009 0.014 0.017 0.234
205 205 (0) 7 : 0.010 0.964 0.004 0.009 0.003 0.010
206 206 (2) 7 : 0.003 0.759 0.217 0.005 0.007 0.010
207 207 (2) 7 : 0.062 0.921 0.002 0.012 0.002 0.001
208 208 (2) 7 : 0.007 0.897 0.005 0.063 0.020 0.008
209 209 (0) 7 : 0.060 0.914 0.009 0.014 0.001 0.002
210 210 (1) 7 : 0.005 0.975 0.002 0.011 0.002 0.005
211 211 (0) 7 : 0.001 0.984 0.009 0.001 0.003 0.002
212 212 (10) 7 : 0.003 0.834 0.153 0.005 0.003 0.001
213 213 (1) 7 : 0.005 0.980 0.005 0.005 0.001 0.004
214 214 (0) 7 : 0.003 0.962 0.017 0.010 0.004 0.005
215 215 (2) 7 : 0.002 0.580 0.014 0.004 0.084 0.316
216 216 (1) 4 : 0.001 0.001 0.001 0.000 0.996 0.001
217 217 (1) 4 : 0.003 0.002 0.002 0.002 0.990 0.001
218 218 (1) 4 : 0.001 0.001 0.001 0.001 0.996 0.001
219 219 (1) 4 : 0.001 0.001 0.001 0.001 0.997 0.001
220 220 (1) 4 : 0.002 0.031 0.146 0.003 0.727 0.091
221 221 (1) 4 : 0.001 0.001 0.002 0.003 0.990 0.003
222 222 (10) 4 : 0.002 0.002 0.007 0.005 0.981 0.004
223 223 (2) 4 : 0.001 0.001 0.001 0.001 0.992 0.005
224 224 (0) 4 : 0.001 0.002 0.001 0.002 0.991 0.003
225 225 (2) 4 : 0.001 0.001 0.001 0.001 0.996 0.001
226 226 (0) 4 : 0.001 0.001 0.001 0.001 0.995 0.001
1 1 (0) 3 : 0.001 0.001 0.003 0.993 0.001 0.001
2 2 (0) 3 : 0.003 0.002 0.016 0.967 0.010 0.002
3 3 (0) 3 : 0.001 0.001 0.001 0.996 0.001 0.001
4 4 (0) 3 : 0.001 0.001 0.003 0.993 0.002 0.001
5 5 (0) 3 : 0.000 0.000 0.001 0.997 0.001 0.001
6 6 (0) 3 : 0.001 0.001 0.004 0.992 0.001 0.001
7 7 (0) 3 : 0.001 0.001 0.002 0.995 0.001 0.001
8 8 (0) 3 : 0.001 0.001 0.008 0.988 0.002 0.001
9 9 (0) 3 : 0.001 0.001 0.003 0.994 0.001 0.001
10 10 (0) 3 : 0.006 0.001 0.004 0.980 0.005 0.004
11 11 (0) 3 : 0.001 0.001 0.047 0.942 0.008 0.001
12 12 (0) 3 : 0.002 0.001 0.007 0.983 0.004 0.003
13 13 (0) 3 : 0.000 0.000 0.001 0.998 0.000 0.000
14 14 (0) 3 : 0.002 0.001 0.007 0.988 0.002 0.001
15 15 (0) 3 : 0.001 0.001 0.002 0.995 0.001 0.001
16 16 (0) 3 : 0.000 0.000 0.002 0.995 0.001 0.001
17 17 (0) 3 : 0.001 0.000 0.019 0.979 0.001 0.001
18 18 (0) 3 : 0.006 0.010 0.018 0.958 0.006 0.002
19 19 (0) 3 : 0.001 0.000 0.001 0.996 0.001 0.001
20 20 (0) 3 : 0.001 0.001 0.002 0.995 0.001 0.001
21 21 (0) 3 : 0.001 0.001 0.004 0.992 0.002 0.001
22 22 (0) 3 : 0.002 0.002 0.007 0.985 0.002 0.002
23 23 (0) 3 : 0.001 0.000 0.003 0.995 0.001 0.001
24 24 (0) 3 : 0.001 0.000 0.002 0.995 0.001 0.000
25 25 (0) 3 : 0.001 0.002 0.003 0.991 0.002 0.001
26 26 (0) 3 : 0.001 0.001 0.001 0.995 0.002 0.001
27 27 (0) 3 : 0.000 0.001 0.001 0.997 0.001 0.001
28 28 (0) 3 : 0.003 0.001 0.004 0.989 0.002 0.001
29 29 (0) 3 : 0.001 0.001 0.001 0.996 0.001 0.001
30 30 (0) 3 : 0.000 0.001 0.001 0.997 0.001 0.000
31 31 (0) 3 : 0.002 0.002 0.010 0.980 0.004 0.001
32 32 (0) 3 : 0.001 0.002 0.004 0.990 0.002 0.001
33 33 (0) 3 : 0.000 0.000 0.001 0.997 0.001 0.000
34 34 (0) 3 : 0.001 0.000 0.001 0.997 0.001 0.000
35 35 (0) 3 : 0.001 0.001 0.002 0.995 0.001 0.000
36 36 (0) 5 : 0.028 0.003 0.073 0.060 0.828 0.009
37 37 (0) 5 : 0.002 0.017 0.004 0.004 0.972 0.002
38 38 (0) 6 : 0.001 0.001 0.991 0.003 0.002 0.001
39 39 (0) 6 : 0.004 0.002 0.007 0.404 0.572 0.010
40 40 (0) 6 : 0.012 0.002 0.025 0.479 0.476 0.007
41 41 (0) 6 : 0.007 0.003 0.781 0.009 0.196 0.004
42 42 (0) 6 : 0.017 0.020 0.893 0.018 0.051 0.002
43 43 (0) 5 : 0.003 0.045 0.002 0.001 0.947 0.002
44 44 (0) 5 : 0.009 0.012 0.889 0.015 0.075 0.001
45 45 (0) 5 : 0.003 0.013 0.002 0.001 0.950 0.031
46 46 (0) 5 : 0.020 0.006 0.003 0.003 0.967 0.002
47 47 (0) 5 : 0.003 0.009 0.153 0.017 0.815 0.002
48 48 (0) 5 : 0.002 0.004 0.055 0.234 0.701 0.004
49 49 (0) 5 : 0.020 0.019 0.669 0.013 0.275 0.003
50 50 (0) 5 : 0.137 0.044 0.006 0.001 0.809 0.003
51 51 (0) 5 : 0.004 0.006 0.005 0.003 0.973 0.009
52 52 (0) 6 : 0.001 0.002 0.915 0.074 0.006 0.003
53 53 (0) 6 : 0.004 0.071 0.779 0.115 0.022 0.009
54 54 (0) 6 : 0.012 0.006 0.957 0.013 0.010 0.002
55 55 (0) 6 : 0.251 0.006 0.721 0.005 0.010 0.008
56 56 (0) 6 : 0.001 0.001 0.979 0.017 0.001 0.001
57 57 (0) 6 : 0.002 0.007 0.934 0.031 0.024 0.002
58 58 (0) 6 : 0.010 0.003 0.968 0.005 0.003 0.011
59 59 (0) 6 : 0.067 0.109 0.389 0.176 0.244 0.015
60 60 (0) 6 : 0.001 0.001 0.991 0.003 0.003 0.001
61 61 (0) 6 : 0.001 0.001 0.990 0.005 0.002 0.001
62 62 (0) 6 : 0.002 0.001 0.985 0.004 0.007 0.001
63 63 (0) 6 : 0.003 0.001 0.978 0.014 0.002 0.002
64 64 (0) 6 : 0.003 0.031 0.479 0.475 0.002 0.009
65 65 (0) 6 : 0.005 0.004 0.633 0.347 0.004 0.007
66 66 (0) 6 : 0.001 0.005 0.079 0.561 0.353 0.001
67 67 (0) 6 : 0.010 0.026 0.204 0.513 0.246 0.001
68 68 (0) 6 : 0.001 0.002 0.992 0.002 0.002 0.001
69 69 (0) 6 : 0.001 0.012 0.213 0.547 0.221 0.005
70 70 (0) 6 : 0.002 0.002 0.990 0.003 0.003 0.001
71 71 (0) 6 : 0.001 0.001 0.988 0.009 0.001 0.001
72 72 (0) 6 : 0.002 0.001 0.988 0.006 0.002 0.001
73 73 (0) 6 : 0.017 0.002 0.966 0.007 0.002 0.006
74 74 (0) 6 : 0.004 0.004 0.949 0.007 0.023 0.013
75 75 (0) 6 : 0.006 0.004 0.900 0.063 0.024 0.003
76 76 (0) 6 : 0.008 0.036 0.903 0.004 0.041 0.008
77 77 (0) 6 : 0.008 0.011 0.905 0.003 0.005 0.069
78 78 (0) 6 : 0.002 0.002 0.981 0.008 0.003 0.003
79 79 (0) 6 : 0.003 0.038 0.926 0.007 0.013 0.013
80 80 (0) 6 : 0.001 0.003 0.980 0.011 0.004 0.002
81 81 (0) 6 : 0.003 0.002 0.976 0.016 0.003 0.002
82 82 (0) 6 : 0.025 0.029 0.856 0.071 0.015 0.004
83 83 (0) 6 : 0.001 0.002 0.989 0.004 0.002 0.001
84 84 (0) 6 : 0.001 0.001 0.990 0.004 0.003 0.001
85 85 (0) 6 : 0.001 0.001 0.987 0.006 0.004 0.001
86 86 (0) 6 : 0.029 0.005 0.481 0.057 0.369 0.060
87 87 (0) 6 : 0.003 0.005 0.925 0.049 0.006 0.011
88 88 (0) 5 : 0.002 0.049 0.002 0.001 0.944 0.003
89 89 (0) 5 : 0.002 0.019 0.005 0.002 0.962 0.010
90 90 (0) 5 : 0.002 0.005 0.004 0.001 0.987 0.001
91 91 (0) 5 : 0.011 0.002 0.451 0.009 0.524 0.003
92 92 (0) 5 : 0.001 0.002 0.002 0.002 0.990 0.002
93 93 (0) 5 : 0.013 0.074 0.001 0.001 0.909 0.003
94 94 (2) 1 : 0.921 0.002 0.005 0.006 0.002 0.064
95 95 (3) 1 : 0.991 0.002 0.003 0.001 0.002 0.001
96 96 (2) 1 : 0.992 0.003 0.001 0.001 0.001 0.002
97 97 (0) 1 : 0.987 0.004 0.001 0.001 0.003 0.004
98 98 (1) 1 : 0.964 0.003 0.005 0.011 0.007 0.010
99 99 (6) 1 : 0.986 0.007 0.002 0.001 0.002 0.001
100 100 (11) 1 : 0.990 0.002 0.001 0.001 0.003 0.002
101 101 (3) 1 : 0.991 0.005 0.001 0.001 0.001 0.002
102 102 (2) 1 : 0.977 0.003 0.003 0.003 0.008 0.006
103 103 (5) 1 : 0.958 0.007 0.002 0.000 0.005 0.028
104 104 (1) 1 : 0.993 0.001 0.001 0.001 0.002 0.003
105 105 (0) 1 : 0.929 0.003 0.004 0.002 0.018 0.044
106 106 (1) 1 : 0.978 0.008 0.002 0.007 0.003 0.002
107 107 (6) 1 : 0.988 0.002 0.003 0.002 0.004 0.001
108 108 (1) 1 : 0.947 0.008 0.006 0.002 0.033 0.004
109 109 (18) 1 : 0.961 0.006 0.005 0.001 0.005 0.022
110 110 (2) 1 : 0.984 0.003 0.004 0.001 0.003 0.004
111 111 (1) 1 : 0.995 0.002 0.001 0.001 0.001 0.001
112 112 (2) 1 : 0.993 0.001 0.001 0.001 0.001 0.003
113 113 (2) 1 : 0.989 0.004 0.001 0.001 0.002 0.002
114 114 (3) 1 : 0.987 0.003 0.002 0.002 0.003 0.004
115 115 (2) 1 : 0.994 0.002 0.001 0.001 0.002 0.001
116 116 (1) 1 : 0.994 0.002 0.001 0.001 0.001 0.003
117 117 (1) 1 : 0.992 0.002 0.001 0.001 0.003 0.002
118 118 (3) 1 : 0.935 0.006 0.013 0.007 0.005 0.034
119 119 (2) 1 : 0.835 0.014 0.017 0.009 0.116 0.008
120 120 (3) 1 : 0.987 0.007 0.002 0.001 0.002 0.001
121 121 (0) 1 : 0.992 0.002 0.001 0.001 0.002 0.002
122 122 (1) 1 : 0.973 0.003 0.009 0.008 0.005 0.003
123 123 (3) 1 : 0.987 0.003 0.002 0.002 0.002 0.004
124 124 (3) 1 : 0.981 0.007 0.002 0.001 0.004 0.005
125 125 (2) 1 : 0.837 0.144 0.002 0.001 0.003 0.013
126 126 (3) 1 : 0.985 0.002 0.003 0.002 0.003 0.004
127 127 (1) 1 : 0.992 0.001 0.001 0.001 0.002 0.003
128 128 (5) 1 : 0.988 0.005 0.001 0.001 0.003 0.001
129 129 (1) 1 : 0.991 0.004 0.001 0.001 0.001 0.003
130 130 (5) 1 : 0.995 0.001 0.001 0.001 0.001 0.001
131 131 (10) 1 : 0.923 0.023 0.007 0.004 0.004 0.039
132 132 (2) 1 : 0.959 0.013 0.008 0.004 0.012 0.005
133 133 (4) 1 : 0.925 0.050 0.002 0.001 0.018 0.004
134 134 (2) 1 : 0.962 0.003 0.008 0.019 0.003 0.004
135 135 (18) 1 : 0.987 0.006 0.001 0.001 0.002 0.003
136 136 (3) 1 : 0.971 0.018 0.001 0.002 0.003 0.004
137 137 (0) 1 : 0.009 0.011 0.687 0.188 0.097 0.008
138 138 (6) 1 : 0.003 0.003 0.834 0.016 0.108 0.037
139 139 (17) 2 : 0.003 0.983 0.002 0.003 0.006 0.004
140 140 (2) 2 : 0.005 0.992 0.001 0.001 0.001 0.001
141 141 (3) 2 : 0.001 0.997 0.001 0.000 0.001 0.001
142 142 (0) 2 : 0.004 0.987 0.002 0.001 0.003 0.003
143 143 (4) 2 : 0.002 0.989 0.002 0.002 0.002 0.003
144 144 (1) 2 : 0.007 0.977 0.005 0.002 0.009 0.001
145 145 (8) 2 : 0.004 0.986 0.001 0.001 0.002 0.006
146 146 (4) 2 : 0.003 0.993 0.001 0.001 0.002 0.002
147 147 (1) 2 : 0.011 0.978 0.003 0.003 0.002 0.004
148 148 (17) 2 : 0.001 0.995 0.001 0.001 0.001 0.001
149 149 (8) 2 : 0.016 0.973 0.002 0.001 0.004 0.004
150 150 (3) 2 : 0.001 0.985 0.002 0.002 0.006 0.003
151 151 (0) 2 : 0.002 0.993 0.001 0.001 0.002 0.001
152 152 (0) 2 : 0.004 0.990 0.001 0.001 0.002 0.003
153 153 (3) 2 : 0.007 0.988 0.001 0.001 0.002 0.002
154 154 (1) 2 : 0.004 0.985 0.001 0.001 0.007 0.002
155 155 (1) 2 : 0.002 0.990 0.003 0.002 0.001 0.002
156 156 (15) 2 : 0.002 0.992 0.002 0.001 0.002 0.002
157 157 (3) 2 : 0.002 0.991 0.001 0.001 0.003 0.002
158 158 (2) 2 : 0.003 0.976 0.005 0.002 0.013 0.002
159 159 (7) 2 : 0.012 0.930 0.006 0.008 0.037 0.006
160 160 (4) 2 : 0.005 0.963 0.021 0.003 0.003 0.005
161 161 (1) 2 : 0.009 0.980 0.002 0.003 0.003 0.004
162 162 (14) 2 : 0.002 0.992 0.001 0.001 0.001 0.003
163 163 (15) 2 : 0.003 0.986 0.002 0.004 0.002 0.003
164 164 (11) 2 : 0.002 0.993 0.001 0.001 0.002 0.001
165 165 (1) 2 : 0.008 0.980 0.002 0.001 0.007 0.002
166 166 (8) 2 : 0.005 0.966 0.017 0.004 0.005 0.002
167 167 (6) 2 : 0.001 0.975 0.002 0.004 0.009 0.009
168 168 (3) 2 : 0.006 0.922 0.022 0.009 0.007 0.034
169 169 (6) 2 : 0.008 0.898 0.004 0.002 0.003 0.086
170 170 (4) 2 : 0.003 0.989 0.001 0.000 0.003 0.003
171 171 (2) 2 : 0.004 0.959 0.012 0.009 0.015 0.002
172 172 (6) 2 : 0.001 0.956 0.002 0.001 0.005 0.035
173 173 (1) 2 : 0.005 0.977 0.001 0.002 0.007 0.008
174 174 (3) 2 : 0.002 0.987 0.002 0.001 0.005 0.003
175 175 (2) 2 : 0.028 0.962 0.002 0.001 0.002 0.004
176 176 (4) 2 : 0.033 0.939 0.002 0.001 0.002 0.023
177 177 (2) 2 : 0.059 0.871 0.002 0.002 0.018 0.049
178 178 (3) 2 : 0.003 0.994 0.001 0.001 0.001 0.001
179 179 (1) 2 : 0.004 0.991 0.001 0.001 0.001 0.002
180 180 (7) 2 : 0.005 0.987 0.001 0.002 0.003 0.002
181 181 (0) 2 : 0.005 0.985 0.002 0.002 0.001 0.005
182 182 (0) 7 : 0.003 0.003 0.002 0.002 0.988 0.002
183 183 (0) 7 : 0.014 0.016 0.011 0.003 0.953 0.003
184 184 (1) 7 : 0.004 0.012 0.004 0.003 0.963 0.014
185 185 (0) 7 : 0.008 0.002 0.013 0.003 0.972 0.002
186 186 (2) 7 : 0.005 0.004 0.010 0.006 0.951 0.025
187 187 (0) 7 : 0.003 0.026 0.008 0.009 0.948 0.006
188 188 (1) 7 : 0.003 0.001 0.003 0.003 0.988 0.001
189 189 (1) 7 : 0.003 0.071 0.154 0.003 0.766 0.002
190 190 (0) 7 : 0.003 0.008 0.005 0.001 0.979 0.004
191 191 (0) 7 : 0.006 0.002 0.002 0.004 0.984 0.002
192 192 (2) 7 : 0.017 0.011 0.005 0.001 0.810 0.155
193 193 (1) 7 : 0.021 0.004 0.003 0.004 0.966 0.002
194 194 (1) 7 : 0.003 0.001 0.008 0.016 0.962 0.010
195 195 (0) 7 : 0.028 0.025 0.002 0.001 0.934 0.010
196 196 (0) 7 : 0.003 0.002 0.003 0.004 0.987 0.001
197 197 (1) 7 : 0.006 0.003 0.006 0.007 0.976 0.002
198 198 (1) 7 : 0.001 0.004 0.003 0.002 0.988 0.001
199 199 (0) 7 : 0.002 0.002 0.014 0.008 0.973 0.001
200 200 (0) 7 : 0.248 0.002 0.013 0.003 0.681 0.053
201 201 (1) 7 : 0.008 0.271 0.003 0.004 0.710 0.004
202 202 (0) 7 : 0.001 0.003 0.002 0.002 0.991 0.002
203 203 (1) 7 : 0.004 0.006 0.002 0.004 0.983 0.002
204 204 (1) 7 : 0.254 0.024 0.019 0.028 0.666 0.010
205 205 (0) 7 : 0.003 0.003 0.004 0.013 0.973 0.003
206 206 (2) 7 : 0.005 0.236 0.001 0.003 0.748 0.006
207 207 (2) 7 : 0.001 0.002 0.013 0.076 0.907 0.002
208 208 (2) 7 : 0.009 0.009 0.064 0.006 0.889 0.022
209 209 (0) 7 : 0.005 0.017 0.014 0.080 0.884 0.001
210 210 (1) 7 : 0.004 0.002 0.008 0.006 0.977 0.003
211 211 (0) 7 : 0.002 0.005 0.002 0.003 0.984 0.004
212 212 (10) 7 : 0.001 0.084 0.006 0.004 0.900 0.004
213 213 (1) 7 : 0.003 0.007 0.004 0.003 0.981 0.001
214 214 (0) 7 : 0.002 0.009 0.016 0.003 0.967 0.003
215 215 (2) 7 : 0.293 0.015 0.003 0.004 0.576 0.108
216 216 (1) 4 : 0.001 0.001 0.001 0.001 0.001 0.996
217 217 (1) 4 : 0.001 0.002 0.002 0.002 0.002 0.991
218 218 (1) 4 : 0.001 0.001 0.001 0.001 0.001 0.995
219 219 (1) 4 : 0.001 0.001 0.001 0.001 0.001 0.996
220 220 (1) 4 : 0.060 0.197 0.002 0.002 0.012 0.727
221 221 (1) 4 : 0.002 0.002 0.003 0.002 0.003 0.989
222 222 (10) 4 : 0.004 0.004 0.005 0.002 0.001 0.984
223 223 (2) 4 : 0.003 0.001 0.001 0.001 0.001 0.993
224 224 (0) 4 : 0.008 0.002 0.002 0.002 0.002 0.985
225 225 (2) 4 : 0.001 0.001 0.000 0.000 0.001 0.996
226 226 (0) 4 : 0.001 0.001 0.001 0.001 0.001 0.996
