1 1 (0) 3 : 0.989 0.002 0.001 0.001 0.003 0.002 0.001 0.001
2 2 (0) 3 : 0.960 0.010 0.006 0.006 0.010 0.002 0.002 0.003
3 3 (0) 3 : 0.992 0.002 0.001 0.001 0.001 0.001 0.001 0.001
4 4 (0) 3 : 0.985 0.004 0.002 0.002 0.002 0.001 0.004 0.001
5 5 (0) 3 : 0.994 0.001 0.001 0.001 0.001 0.001 0.001 0.001
6 6 (0) 3 : 0.988 0.002 0.001 0.002 0.003 0.001 0.002 0.001
7 7 (0) 3 : 0.994 0.001 0.001 0.001 0.001 0.001 0.001 0.001
8 8 (0) 3 : 0.980 0.007 0.001 0.002 0.006 0.001 0.002 0.001
9 9 (0) 3 : 0.992 0.001 0.001 0.001 0.003 0.001 0.001 0.001
10 10 (0) 3 : 0.960 0.009 0.007 0.002 0.011 0.002 0.003 0.005
11 11 (0) 3 : 0.934 0.033 0.008 0.008 0.012 0.001 0.003 0.001
12 12 (0) 3 : 0.972 0.006 0.004 0.004 0.006 0.001 0.004 0.002
13 13 (0) 3 : 0.995 0.001 0.001 0.001 0.001 0.000 0.001 0.000
14 14 (0) 3 : 0.972 0.015 0.002 0.003 0.003 0.001 0.002 0.002
15 15 (0) 3 : 0.992 0.002 0.001 0.001 0.001 0.001 0.002 0.001
16 16 (0) 3 : 0.987 0.006 0.001 0.001 0.003 0.000 0.001 0.001
17 17 (0) 3 : 0.965 0.001 0.001 0.001 0.028 0.001 0.002 0.001
18 18 (0) 3 : 0.935 0.002 0.009 0.008 0.019 0.013 0.013 0.001
19 19 (0) 3 : 0.995 0.001 0.000 0.001 0.001 0.000 0.001 0.000
20 20 (0) 3 : 0.990 0.002 0.001 0.001 0.002 0.001 0.002 0.001
21 21 (0) 3 : 0.988 0.002 0.002 0.002 0.002 0.001 0.002 0.001
22 22 (0) 3 : 0.966 0.014 0.003 0.005 0.004 0.002 0.005 0.002
23 23 (0) 3 : 0.992 0.003 0.001 0.001 0.001 0.001 0.001 0.001
24 24 (0) 3 : 0.992 0.002 0.001 0.001 0.002 0.001 0.001 0.001
25 25 (0) 3 : 0.987 0.003 0.002 0.002 0.002 0.001 0.001 0.001
26 26 (0) 3 : 0.993 0.002 0.001 0.001 0.001 0.001 0.001 0.000
27 27 (0) 3 : 0.994 0.001 0.001 0.001 0.001 0.001 0.001 0.001
28 28 (0) 3 : 0.981 0.007 0.001 0.003 0.002 0.001 0.002 0.002
29 29 (0) 3 : 0.991 0.002 0.001 0.001 0.002 0.000 0.002 0.001
30 30 (0) 3 : 0.995 0.001 0.001 0.001 0.001 0.000 0.001 0.001
31 31 (0) 3 : 0.963 0.020 0.002 0.003 0.006 0.001 0.004 0.001
32 32 (0) 3 : 0.985 0.004 0.002 0.003 0.002 0.001 0.002 0.001
33 33 (0) 3 : 0.994 0.002 0.001 0.001 0.001 0.001 0.001 0.001
34 34 (0) 3 : 0.994 0.002 0.001 0.001 0.001 0.001 0.001 0.000
35 35 (0) 3 : 0.993 0.002 0.001 0.001 0.001 0.001 0.001 0.001
36 36 (0) 5 : 0.026 0.003 0.387 0.060 0.043 0.010 0.459 0.011
37 37 (0) 5 : 0.002 0.004 0.828 0.133 0.013 0.013 0.005 0.002
38 38 (0) 6 : 0.007 0.296 0.002 0.001 0.685 0.002 0.004 0.003
39 39 (0) 6 : 0.058 0.002 0.004 0.002 0.007 0.001 0.924 0.002
40 40 (0) 6 : 0.185 0.002 0.002 0.002 0.007 0.001 0.798 0.003
41 41 (0) 6 : 0.007 0.012 0.011 0.100 0.802 0.003 0.062 0.003
42 42 (0) 6 : 0.008 0.318 0.016 0.048 0.580 0.016 0.013 0.001
43 43 (0) 5 : 0.001 0.001 0.990 0.001 0.001 0.003 0.002 0.001
44 44 (0) 5 : 0.040 0.098 0.046 0.044 0.735 0.006 0.029 0.001
45 45 (0) 5 : 0.001 0.001 0.871 0.045 0.001 0.014 0.004 0.062
46 46 (0) 5 : 0.002 0.002 0.917 0.043 0.003 0.024 0.006 0.003
47 47 (0) 5 : 0.008 0.012 0.013 0.785 0.041 0.005 0.134 0.003
48 48 (0) 5 : 0.016 0.003 0.051 0.072 0.048 0.003 0.806 0.002
49 49 (0) 5 : 0.007 0.003 0.217 0.006 0.743 0.015 0.006 0.003
50 50 (0) 5 : 0.002 0.002 0.779 0.007 0.010 0.194 0.004 0.002
51 51 (0) 5 : 0.002 0.003 0.911 0.047 0.006 0.010 0.008 0.013
52 52 (0) 6 : 0.035 0.040 0.003 0.005 0.910 0.001 0.003 0.002
53 53 (0) 6 : 0.083 0.013 0.022 0.010 0.839 0.006 0.017 0.010
54 54 (0) 6 : 0.054 0.226 0.004 0.004 0.444 0.004 0.261 0.002
55 55 (0) 6 : 0.006 0.006 0.007 0.031 0.830 0.091 0.020 0.010
56 56 (0) 6 : 0.011 0.979 0.001 0.002 0.003 0.001 0.002 0.002
57 57 (0) 6 : 0.016 0.008 0.008 0.008 0.917 0.003 0.038 0.001
58 58 (0) 6 : 0.002 0.510 0.005 0.008 0.398 0.029 0.030 0.018
59 59 (0) 6 : 0.035 0.005 0.010 0.006 0.022 0.018 0.898 0.005
60 60 (0) 6 : 0.002 0.991 0.001 0.001 0.001 0.001 0.002 0.001
61 61 (0) 6 : 0.002 0.990 0.002 0.002 0.001 0.001 0.001 0.001
62 62 (0) 6 : 0.004 0.021 0.003 0.004 0.949 0.001 0.017 0.001
63 63 (0) 6 : 0.008 0.005 0.001 0.001 0.980 0.001 0.002 0.002
64 64 (0) 6 : 0.398 0.003 0.001 0.002 0.583 0.004 0.003 0.006
65 65 (0) 6 : 0.365 0.014 0.005 0.003 0.597 0.002 0.007 0.007
66 66 (0) 6 : 0.542 0.004 0.003 0.380 0.058 0.007 0.005 0.001
67 67 (0) 6 : 0.539 0.030 0.065 0.214 0.093 0.030 0.026 0.002
68 68 (0) 6 : 0.002 0.992 0.001 0.001 0.001 0.001 0.001 0.001
69 69 (0) 6 : 0.458 0.003 0.031 0.044 0.439 0.001 0.020 0.003
70 70 (0) 6 : 0.009 0.958 0.002 0.006 0.018 0.001 0.003 0.002
71 71 (0) 6 : 0.014 0.977 0.002 0.002 0.002 0.001 0.002 0.001
72 72 (0) 6 : 0.002 0.988 0.002 0.002 0.002 0.001 0.001 0.001
73 73 (0) 6 : 0.014 0.704 0.004 0.004 0.181 0.067 0.002 0.024
74 74 (0) 6 : 0.006 0.004 0.003 0.007 0.971 0.002 0.004 0.004
75 75 (0) 6 : 0.010 0.001 0.002 0.009 0.968 0.002 0.007 0.001
76 76 (0) 6 : 0.005 0.004 0.006 0.013 0.926 0.011 0.029 0.005
77 77 (0) 6 : 0.011 0.645 0.017 0.002 0.109 0.041 0.017 0.158
78 78 (0) 6 : 0.008 0.086 0.004 0.005 0.891 0.001 0.004 0.002
79 79 (0) 6 : 0.002 0.002 0.004 0.004 0.968 0.004 0.012 0.003
80 80 (0) 6 : 0.009 0.060 0.002 0.002 0.922 0.001 0.002 0.002
81 81 (0) 6 : 0.007 0.002 0.001 0.002 0.978 0.001 0.007 0.002
82 82 (0) 6 : 0.060 0.015 0.012 0.010 0.886 0.012 0.003 0.002
83 83 (0) 6 : 0.014 0.626 0.006 0.008 0.322 0.004 0.013 0.006
84 84 (0) 6 : 0.006 0.319 0.003 0.002 0.665 0.002 0.001 0.001
85 85 (0) 6 : 0.002 0.989 0.002 0.002 0.002 0.001 0.002 0.001
86 86 (0) 6 : 0.004 0.004 0.001 0.001 0.005 0.003 0.974 0.008
87 87 (0) 6 : 0.081 0.084 0.004 0.014 0.555 0.003 0.254 0.006
88 88 (0) 5 : 0.001 0.001 0.986 0.002 0.002 0.004 0.002 0.002
89 89 (0) 5 : 0.001 0.001 0.009 0.968 0.002 0.010 0.002 0.006
90 90 (0) 5 : 0.001 0.003 0.004 0.981 0.002 0.004 0.004 0.001
91 91 (0) 5 : 0.017 0.002 0.451 0.023 0.491 0.009 0.003 0.004
92 92 (0) 5 : 0.001 0.004 0.921 0.015 0.006 0.002 0.050 0.001
93 93 (0) 5 : 0.001 0.001 0.026 0.655 0.001 0.309 0.004 0.002
94 94 (2) 1 : 0.006 0.010 0.002 0.002 0.004 0.724 0.008 0.244
95 95 (3) 1 : 0.003 0.004 0.002 0.002 0.003 0.979 0.002 0.003
96 96 (2) 1 : 0.002 0.002 0.005 0.001 0.002 0.983 0.004 0.002
97 97 (0) 1 : 0.001 0.001 0.003 0.001 0.002 0.972 0.001 0.019
98 98 (1) 1 : 0.043 0.004 0.002 0.002 0.014 0.869 0.006 0.060
99 99 (6) 1 : 0.003 0.003 0.002 0.002 0.002 0.984 0.002 0.002
100 100 (11) 1 : 0.003 0.003 0.004 0.004 0.002 0.973 0.001 0.008
101 101 (3) 1 : 0.005 0.002 0.002 0.002 0.002 0.975 0.002 0.011
102 102 (2) 1 : 0.008 0.014 0.010 0.005 0.012 0.874 0.013 0.063
103 103 (5) 1 : 0.002 0.003 0.002 0.002 0.003 0.899 0.003 0.085
104 104 (1) 1 : 0.001 0.001 0.002 0.001 0.001 0.980 0.002 0.012
105 105 (0) 1 : 0.002 0.005 0.009 0.011 0.007 0.704 0.003 0.259
106 106 (1) 1 : 0.004 0.002 0.002 0.001 0.005 0.971 0.013 0.003
107 107 (6) 1 : 0.007 0.004 0.002 0.006 0.003 0.968 0.007 0.003
108 108 (1) 1 : 0.003 0.002 0.013 0.013 0.018 0.931 0.017 0.003
109 109 (18) 1 : 0.002 0.001 0.002 0.003 0.003 0.912 0.008 0.069
110 110 (2) 1 : 0.005 0.012 0.002 0.003 0.008 0.937 0.002 0.031
111 111 (1) 1 : 0.002 0.002 0.001 0.001 0.001 0.986 0.003 0.003
112 112 (2) 1 : 0.001 0.001 0.001 0.001 0.001 0.952 0.001 0.041
113 113 (2) 1 : 0.002 0.001 0.001 0.005 0.002 0.980 0.004 0.006
114 114 (3) 1 : 0.006 0.001 0.003 0.004 0.003 0.946 0.009 0.028
115 115 (2) 1 : 0.001 0.001 0.002 0.002 0.001 0.988 0.002 0.003
116 116 (1) 1 : 0.001 0.001 0.001 0.001 0.001 0.991 0.001 0.004
117 117 (1) 1 : 0.002 0.001 0.001 0.002 0.002 0.972 0.002 0.017
118 118 (3) 1 : 0.006 0.003 0.013 0.005 0.005 0.814 0.038 0.115
119 119 (2) 1 : 0.032 0.012 0.019 0.011 0.023 0.875 0.009 0.020
120 120 (3) 1 : 0.002 0.001 0.002 0.001 0.001 0.991 0.001 0.002
121 121 (0) 1 : 0.004 0.002 0.004 0.002 0.002 0.971 0.003 0.011
122 122 (1) 1 : 0.022 0.005 0.003 0.009 0.013 0.907 0.033 0.007
123 123 (3) 1 : 0.004 0.002 0.001 0.002 0.002 0.937 0.003 0.048
124 124 (3) 1 : 0.001 0.001 0.003 0.004 0.002 0.927 0.002 0.059
125 125 (2) 1 : 0.001 0.001 0.002 0.001 0.002 0.987 0.002 0.004
126 126 (3) 1 : 0.013 0.003 0.002 0.004 0.005 0.936 0.011 0.026
127 127 (1) 1 : 0.002 0.003 0.003 0.003 0.004 0.969 0.004 0.012
128 128 (5) 1 : 0.001 0.002 0.001 0.001 0.001 0.992 0.001 0.001
129 129 (1) 1 : 0.002 0.001 0.002 0.001 0.002 0.974 0.002 0.016
130 130 (5) 1 : 0.003 0.002 0.002 0.001 0.003 0.978 0.002 0.008
131 131 (10) 1 : 0.007 0.010 0.010 0.003 0.008 0.911 0.037 0.013
132 132 (2) 1 : 0.007 0.005 0.007 0.003 0.017 0.951 0.002 0.007
133 133 (4) 1 : 0.001 0.001 0.004 0.002 0.002 0.982 0.004 0.004
134 134 (2) 1 : 0.036 0.055 0.001 0.003 0.010 0.857 0.019 0.020
135 135 (18) 1 : 0.001 0.002 0.002 0.002 0.001 0.985 0.002 0.005
136 136 (3) 1 : 0.002 0.002 0.002 0.001 0.001 0.983 0.001 0.008
137 137 (0) 1 : 0.171 0.017 0.039 0.011 0.746 0.008 0.003 0.005
138 138 (6) 1 : 0.015 0.004 0.030 0.013 0.840 0.002 0.085 0.011
139 139 (17) 2 : 0.002 0.002 0.024 0.016 0.004 0.947 0.004 0.002
140 140 (2) 2 : 0.001 0.001 0.002 0.002 0.002 0.991 0.001 0.001
141 141 (3) 2 : 0.001 0.001 0.006 0.004 0.001 0.984 0.001 0.001
142 142 (0) 2 : 0.001 0.002 0.027 0.003 0.002 0.959 0.002 0.002
143 143 (4) 2 : 0.003 0.003 0.012 0.005 0.012 0.958 0.004 0.002
144 144 (1) 2 : 0.002 0.003 0.038 0.047 0.005 0.896 0.007 0.001
145 145 (8) 2 : 0.001 0.002 0.005 0.002 0.002 0.980 0.003 0.004
146 146 (4) 2 : 0.001 0.001 0.009 0.006 0.001 0.980 0.002 0.001
147 147 (1) 2 : 0.002 0.002 0.004 0.005 0.003 0.978 0.004 0.002
148 148 (17) 2 : 0.001 0.001 0.007 0.002 0.002 0.984 0.001 0.001
149 149 (8) 2 : 0.001 0.002 0.004 0.007 0.002 0.977 0.005 0.001
150 150 (3) 2 : 0.002 0.006 0.021 0.021 0.004 0.933 0.011 0.002
151 151 (0) 2 : 0.001 0.002 0.004 0.006 0.002 0.978 0.005 0.001
152 152 (0) 2 : 0.001 0.001 0.006 0.002 0.001 0.986 0.001 0.001
153 153 (3) 2 : 0.001 0.001 0.005 0.005 0.002 0.983 0.001 0.002
154 154 (1) 2 : 0.001 0.002 0.010 0.007 0.003 0.973 0.001 0.003
155 155 (1) 2 : 0.002 0.002 0.004 0.006 0.001 0.983 0.001 0.001
156 156 (15) 2 : 0.003 0.003 0.010 0.006 0.007 0.955 0.014 0.002
157 157 (3) 2 : 0.001 0.002 0.047 0.007 0.002 0.939 0.001 0.001
158 158 (2) 2 : 0.001 0.004 0.134 0.090 0.003 0.762 0.003 0.002
159 159 (7) 2 : 0.002 0.004 0.019 0.020 0.006 0.939 0.007 0.003
160 160 (4) 2 : 0.002 0.007 0.012 0.007 0.009 0.945 0.016 0.002
161 161 (1) 2 : 0.001 0.001 0.008 0.003 0.001 0.980 0.003 0.003
162 162 (14) 2 : 0.001 0.001 0.004 0.002 0.001 0.983 0.004 0.003
163 163 (15) 2 : 0.005 0.002 0.020 0.016 0.010 0.936 0.008 0.001
164 164 (11) 2 : 0.001 0.001 0.002 0.002 0.001 0.990 0.001 0.002
165 165 (1) 2 : 0.001 0.002 0.005 0.011 0.002 0.976 0.002 0.002
166 166 (8) 2 : 0.003 0.005 0.039 0.017 0.012 0.899 0.023 0.003
167 167 (6) 2 : 0.002 0.004 0.140 0.025 0.002 0.817 0.005 0.006
168 168 (3) 2 : 0.004 0.023 0.036 0.014 0.018 0.869 0.014 0.022
169 169 (6) 2 : 0.001 0.006 0.010 0.008 0.005 0.947 0.008 0.014
170 170 (4) 2 : 0.001 0.003 0.055 0.012 0.002 0.918 0.007 0.002
171 171 (2) 2 : 0.007 0.006 0.065 0.016 0.006 0.881 0.018 0.001
172 172 (6) 2 : 0.001 0.002 0.034 0.021 0.003 0.902 0.011 0.025
173 173 (1) 2 : 0.001 0.001 0.015 0.002 0.002 0.973 0.001 0.004
174 174 (3) 2 : 0.001 0.001 0.028 0.008 0.002 0.952 0.005 0.003
175 175 (2) 2 : 0.001 0.003 0.001 0.001 0.001 0.989 0.001 0.002
176 176 (4) 2 : 0.001 0.002 0.004 0.003 0.002 0.981 0.002 0.005
177 177 (2) 2 : 0.001 0.003 0.005 0.009 0.001 0.939 0.002 0.038
178 178 (3) 2 : 0.001 0.001 0.005 0.001 0.001 0.989 0.001 0.001
179 179 (1) 2 : 0.001 0.003 0.004 0.003 0.003 0.983 0.002 0.001
180 180 (7) 2 : 0.001 0.001 0.007 0.004 0.002 0.981 0.003 0.002
181 181 (0) 2 : 0.003 0.002 0.020 0.002 0.002 0.966 0.004 0.002
182 182 (0) 7 : 0.002 0.003 0.916 0.068 0.004 0.003 0.002 0.002
183 183 (0) 7 : 0.003 0.010 0.896 0.037 0.012 0.030 0.008 0.004
184 184 (1) 7 : 0.004 0.014 0.585 0.356 0.006 0.010 0.003 0.022
185 185 (0) 7 : 0.006 0.004 0.848 0.100 0.024 0.006 0.008 0.004
186 186 (2) 7 : 0.005 0.007 0.004 0.887 0.006 0.011 0.020 0.059
187 187 (0) 7 : 0.013 0.004 0.955 0.009 0.005 0.007 0.002 0.005
188 188 (1) 7 : 0.004 0.007 0.953 0.023 0.006 0.002 0.003 0.003
189 189 (1) 7 : 0.005 0.005 0.879 0.003 0.094 0.008 0.003 0.004
190 190 (0) 7 : 0.002 0.003 0.277 0.699 0.002 0.009 0.002 0.006
191 191 (0) 7 : 0.004 0.004 0.643 0.325 0.011 0.007 0.004 0.002
192 192 (2) 7 : 0.002 0.046 0.680 0.053 0.003 0.017 0.003 0.196
193 193 (1) 7 : 0.002 0.002 0.894 0.066 0.004 0.024 0.003 0.005
194 194 (1) 7 : 0.008 0.015 0.028 0.907 0.009 0.002 0.011 0.019
195 195 (0) 7 : 0.002 0.002 0.555 0.320 0.003 0.094 0.002 0.021
196 196 (0) 7 : 0.002 0.002 0.051 0.924 0.004 0.007 0.008 0.001
197 197 (1) 7 : 0.003 0.003 0.005 0.967 0.009 0.003 0.006 0.004
198 198 (1) 7 : 0.001 0.002 0.003 0.987 0.002 0.002 0.003 0.001
199 199 (0) 7 : 0.010 0.003 0.832 0.100 0.023 0.002 0.029 0.001
200 200 (0) 7 : 0.002 0.002 0.012 0.715 0.008 0.105 0.008 0.148
201 201 (1) 7 : 0.004 0.002 0.309 0.288 0.004 0.364 0.026 0.002
202 202 (0) 7 : 0.001 0.001 0.077 0.915 0.002 0.001 0.002 0.001
203 203 (1) 7 : 0.003 0.001 0.962 0.021 0.001 0.005 0.004 0.002
204 204 (1) 7 : 0.068 0.004 0.176 0.324 0.040 0.358 0.004 0.025
205 205 (0) 7 : 0.010 0.004 0.355 0.592 0.015 0.011 0.006 0.007
206 206 (2) 7 : 0.003 0.004 0.677 0.127 0.003 0.175 0.002 0.010
207 207 (2) 7 : 0.011 0.005 0.004 0.963 0.005 0.001 0.008 0.002
208 208 (2) 7 : 0.006 0.012 0.484 0.250 0.101 0.056 0.064 0.027
209 209 (0) 7 : 0.046 0.004 0.020 0.902 0.015 0.007 0.005 0.001
210 210 (1) 7 : 0.002 0.006 0.007 0.971 0.003 0.004 0.005 0.003
211 211 (0) 7 : 0.002 0.002 0.978 0.009 0.002 0.002 0.002 0.002
212 212 (10) 7 : 0.002 0.003 0.046 0.933 0.002 0.006 0.002 0.006
213 213 (1) 7 : 0.005 0.005 0.598 0.377 0.004 0.003 0.007 0.001
214 214 (0) 7 : 0.003 0.007 0.340 0.597 0.012 0.009 0.026 0.007
215 215 (2) 7 : 0.002 0.002 0.003 0.466 0.001 0.418 0.005 0.103
216 216 (1) 4 : 0.001 0.001 0.001 0.001 0.001 0.001 0.001 0.994
217 217 (1) 4 : 0.002 0.002 0.002 0.002 0.003 0.002 0.001 0.986
218 218 (1) 4 : 0.001 0.001 0.001 0.001 0.001 0.001 0.001 0.994
219 219 (1) 4 : 0.000 0.001 0.001 0.001 0.001 0.001 0.001 0.995
220 220 (1) 4 : 0.002 0.003 0.004 0.003 0.006 0.293 0.002 0.688
221 221 (1) 4 : 0.002 0.001 0.002 0.002 0.003 0.002 0.006 0.983
222 222 (10) 4 : 0.002 0.009 0.002 0.002 0.003 0.007 0.002 0.974
223 223 (2) 4 : 0.001 0.001 0.001 0.001 0.001 0.003 0.001 0.992
224 224 (0) 4 : 0.002 0.002 0.002 0.002 0.001 0.002 0.002 0.987
225 225 (2) 4 : 0.001 0.000 0.001 0.001 0.001 0.001 0.001 0.995
226 226 (0) 4 : 0.000 0.001 0.001 0.001 0.001 0.001 0.001 0.995
