1 1 (0) 3 : 0.001 0.001 0.001 0.001 0.001 0.994
2 2 (0) 3 : 0.002 0.002 0.006 0.005 0.002 0.983
3 3 (0) 3 : 0.001 0.001 0.001 0.001 0.001 0.995
4 4 (0) 3 : 0.001 0.002 0.002 0.000 0.001 0.994
5 5 (0) 3 : 0.001 0.001 0.001 0.001 0.001 0.996
6 6 (0) 3 : 0.001 0.001 0.002 0.002 0.001 0.993
7 7 (0) 3 : 0.001 0.001 0.001 0.002 0.001 0.994
8 8 (0) 3 : 0.001 0.001 0.001 0.001 0.001 0.996
9 9 (0) 3 : 0.001 0.001 0.002 0.001 0.001 0.995
10 10 (0) 3 : 0.001 0.012 0.005 0.002 0.005 0.975
11 11 (0) 3 : 0.001 0.001 0.004 0.001 0.001 0.992
12 12 (0) 3 : 0.002 0.002 0.003 0.001 0.002 0.989
13 13 (0) 3 : 0.001 0.001 0.001 0.001 0.001 0.997
14 14 (0) 3 : 0.001 0.001 0.001 0.001 0.001 0.994
15 15 (0) 3 : 0.001 0.001 0.002 0.001 0.001 0.993
16 16 (0) 3 : 0.001 0.001 0.001 0.001 0.001 0.996
17 17 (0) 3 : 0.001 0.001 0.001 0.001 0.002 0.995
18 18 (0) 3 : 0.009 0.004 0.007 0.010 0.003 0.968
19 19 (0) 3 : 0.001 0.001 0.001 0.001 0.001 0.996
20 20 (0) 3 : 0.001 0.001 0.001 0.001 0.001 0.994
21 21 (0) 3 : 0.002 0.001 0.002 0.001 0.001 0.993
22 22 (0) 3 : 0.003 0.001 0.003 0.003 0.002 0.989
23 23 (0) 3 : 0.001 0.001 0.001 0.001 0.001 0.996
24 24 (0) 3 : 0.001 0.001 0.001 0.001 0.001 0.996
25 25 (0) 3 : 0.002 0.002 0.002 0.002 0.001 0.990
26 26 (0) 3 : 0.002 0.001 0.003 0.002 0.001 0.991
27 27 (0) 3 : 0.001 0.001 0.001 0.001 0.001 0.996
28 28 (0) 3 : 0.001 0.003 0.002 0.002 0.001 0.991
29 29 (0) 3 : 0.001 0.001 0.001 0.001 0.001 0.995
30 30 (0) 3 : 0.001 0.001 0.001 0.001 0.001 0.996
31 31 (0) 3 : 0.002 0.002 0.003 0.002 0.001 0.990
32 32 (0) 3 : 0.001 0.001 0.003 0.001 0.002 0.991
33 33 (0) 3 : 0.001 0.001 0.001 0.000 0.001 0.996
34 34 (0) 3 : 0.001 0.001 0.001 0.001 0.000 0.996
35 35 (0) 3 : 0.001 0.001 0.001 0.001 0.001 0.995
36 36 (0) 5 : 0.007 0.019 0.785 0.014 0.013 0.163
37 37 (0) 5 : 0.013 0.002 0.970 0.006 0.003 0.006
38 38 (0) 6 : 0.224 0.006 0.016 0.015 0.008 0.731
39 39 (0) 6 : 0.003 0.008 0.553 0.001 0.009 0.426
40 40 (0) 6 : 0.002 0.020 0.448 0.009 0.006 0.515
41 41 (0) 6 : 0.004 0.005 0.541 0.005 0.003 0.442
42 42 (0) 6 : 0.033 0.020 0.439 0.006 0.002 0.500
43 43 (0) 5 : 0.043 0.002 0.944 0.005 0.004 0.002
44 44 (0) 5 : 0.017 0.013 0.450 0.003 0.004 0.511
45 45 (0) 5 : 0.009 0.005 0.935 0.002 0.048 0.002
46 46 (0) 5 : 0.017 0.013 0.953 0.012 0.002 0.003
47 47 (0) 5 : 0.013 0.006 0.873 0.004 0.006 0.099
48 48 (0) 5 : 0.009 0.010 0.660 0.002 0.009 0.310
49 49 (0) 5 : 0.041 0.005 0.519 0.005 0.010 0.420
50 50 (0) 5 : 0.057 0.129 0.779 0.028 0.004 0.003
51 51 (0) 5 : 0.012 0.007 0.958 0.008 0.010 0.006
52 52 (0) 6 : 0.004 0.006 0.377 0.001 0.009 0.602
53 53 (0) 6 : 0.176 0.003 0.182 0.003 0.036 0.600
54 54 (0) 6 : 0.027 0.122 0.184 0.015 0.007 0.645
55 55 (0) 6 : 0.018 0.273 0.283 0.017 0.003 0.406
56 56 (0) 6 : 0.022 0.017 0.124 0.009 0.012 0.815
57 57 (0) 6 : 0.031 0.004 0.412 0.003 0.003 0.547
58 58 (0) 6 : 0.060 0.177 0.059 0.008 0.048 0.648
59 59 (0) 6 : 0.042 0.068 0.408 0.059 0.009 0.414
60 60 (0) 6 : 0.006 0.005 0.368 0.005 0.017 0.598
61 61 (0) 6 : 0.003 0.002 0.389 0.003 0.004 0.598
62 62 (0) 6 : 0.030 0.002 0.427 0.002 0.004 0.536
63 63 (0) 6 : 0.012 0.012 0.294 0.056 0.027 0.599
64 64 (0) 6 : 0.121 0.045 0.003 0.011 0.021 0.800
65 65 (0) 6 : 0.007 0.034 0.239 0.010 0.015 0.695
66 66 (0) 6 : 0.004 0.002 0.356 0.004 0.001 0.633
67 67 (0) 6 : 0.010 0.005 0.351 0.011 0.001 0.622
68 68 (0) 6 : 0.023 0.003 0.366 0.008 0.004 0.596
69 69 (0) 6 : 0.011 0.005 0.306 0.002 0.004 0.671
70 70 (0) 6 : 0.185 0.011 0.055 0.022 0.005 0.720
71 71 (0) 6 : 0.027 0.003 0.182 0.002 0.027 0.760
72 72 (0) 6 : 0.012 0.002 0.370 0.002 0.009 0.606
73 73 (0) 6 : 0.046 0.049 0.034 0.132 0.062 0.677
74 74 (0) 6 : 0.023 0.005 0.401 0.004 0.020 0.546
75 75 (0) 6 : 0.004 0.012 0.450 0.016 0.004 0.515
76 76 (0) 6 : 0.230 0.023 0.194 0.009 0.006 0.539
77 77 (0) 6 : 0.062 0.014 0.074 0.034 0.256 0.559
78 78 (0) 6 : 0.163 0.004 0.098 0.004 0.028 0.703
79 79 (0) 6 : 0.323 0.003 0.034 0.002 0.013 0.626
80 80 (0) 6 : 0.213 0.006 0.091 0.004 0.012 0.673
81 81 (0) 6 : 0.013 0.019 0.377 0.035 0.013 0.542
82 82 (0) 6 : 0.186 0.005 0.110 0.075 0.007 0.617
83 83 (0) 6 : 0.134 0.006 0.161 0.006 0.034 0.658
84 84 (0) 6 : 0.218 0.012 0.034 0.004 0.004 0.728
85 85 (0) 6 : 0.004 0.002 0.354 0.003 0.004 0.632
86 86 (0) 6 : 0.012 0.020 0.538 0.010 0.073 0.348
87 87 (0) 6 : 0.061 0.023 0.082 0.022 0.141 0.671
88 88 (0) 5 : 0.080 0.002 0.907 0.005 0.005 0.001
89 89 (0) 5 : 0.025 0.006 0.954 0.003 0.011 0.002
90 90 (0) 5 : 0.006 0.004 0.985 0.002 0.002 0.001
91 91 (0) 5 : 0.003 0.009 0.630 0.037 0.005 0.316
92 92 (0) 5 : 0.004 0.002 0.988 0.001 0.003 0.003
93 93 (0) 5 : 0.076 0.007 0.858 0.055 0.003 0.002
94 94 (2) 1 : 0.002 0.940 0.002 0.021 0.029 0.005
95 95 (3) 1 : 0.002 0.080 0.003 0.912 0.001 0.003
96 96 (2) 1 : 0.002 0.935 0.002 0.058 0.002 0.001
97 97 (0) 1 : 0.009 0.932 0.002 0.052 0.003 0.002
98 98 (1) 1 : 0.005 0.963 0.002 0.004 0.010 0.016
99 99 (6) 1 : 0.006 0.602 0.003 0.387 0.001 0.002
100 100 (11) 1 : 0.002 0.020 0.002 0.970 0.003 0.003
101 101 (3) 1 : 0.006 0.175 0.004 0.807 0.005 0.003
102 102 (2) 1 : 0.007 0.873 0.012 0.093 0.011 0.004
103 103 (5) 1 : 0.005 0.392 0.005 0.584 0.012 0.002
104 104 (1) 1 : 0.003 0.575 0.001 0.417 0.003 0.001
105 105 (0) 1 : 0.003 0.900 0.026 0.013 0.054 0.004
106 106 (1) 1 : 0.015 0.527 0.008 0.442 0.003 0.006
107 107 (6) 1 : 0.003 0.792 0.006 0.194 0.002 0.004
108 108 (1) 1 : 0.007 0.943 0.029 0.014 0.003 0.003
109 109 (18) 1 : 0.004 0.978 0.003 0.003 0.011 0.001
110 110 (2) 1 : 0.005 0.958 0.004 0.025 0.006 0.002
111 111 (1) 1 : 0.002 0.712 0.001 0.281 0.002 0.001
112 112 (2) 1 : 0.002 0.968 0.002 0.023 0.005 0.001
113 113 (2) 1 : 0.004 0.962 0.004 0.025 0.003 0.002
114 114 (3) 1 : 0.002 0.989 0.002 0.003 0.003 0.001
115 115 (2) 1 : 0.003 0.988 0.002 0.006 0.001 0.001
116 116 (1) 1 : 0.005 0.073 0.001 0.918 0.003 0.001
117 117 (1) 1 : 0.003 0.004 0.001 0.987 0.003 0.001
118 118 (3) 1 : 0.004 0.947 0.009 0.011 0.021 0.008
119 119 (2) 1 : 0.038 0.782 0.129 0.025 0.014 0.013
120 120 (3) 1 : 0.019 0.284 0.003 0.690 0.003 0.002
121 121 (0) 1 : 0.003 0.782 0.002 0.210 0.001 0.001
122 122 (1) 1 : 0.002 0.978 0.003 0.005 0.002 0.010
123 123 (3) 1 : 0.003 0.030 0.003 0.946 0.015 0.002
124 124 (3) 1 : 0.005 0.937 0.005 0.044 0.008 0.001
125 125 (2) 1 : 0.047 0.927 0.004 0.012 0.009 0.001
126 126 (3) 1 : 0.002 0.988 0.002 0.003 0.002 0.003
127 127 (1) 1 : 0.002 0.066 0.002 0.920 0.008 0.002
128 128 (5) 1 : 0.004 0.023 0.002 0.969 0.001 0.001
129 129 (1) 1 : 0.002 0.982 0.001 0.010 0.004 0.001
130 130 (5) 1 : 0.002 0.979 0.002 0.013 0.002 0.002
131 131 (10) 1 : 0.011 0.950 0.005 0.020 0.011 0.003
132 132 (2) 1 : 0.025 0.664 0.011 0.284 0.005 0.010
133 133 (4) 1 : 0.041 0.942 0.007 0.006 0.002 0.001
134 134 (2) 1 : 0.003 0.895 0.006 0.062 0.003 0.031
135 135 (18) 1 : 0.011 0.975 0.002 0.007 0.003 0.002
136 136 (3) 1 : 0.026 0.602 0.002 0.359 0.009 0.002
137 137 (0) 1 : 0.054 0.006 0.310 0.006 0.023 0.600
138 138 (6) 1 : 0.002 0.003 0.430 0.001 0.058 0.506
139 139 (17) 2 : 0.979 0.003 0.007 0.004 0.004 0.003
140 140 (2) 2 : 0.981 0.007 0.003 0.007 0.002 0.001
141 141 (3) 2 : 0.993 0.001 0.002 0.002 0.002 0.001
142 142 (0) 2 : 0.982 0.004 0.002 0.005 0.005 0.002
143 143 (4) 2 : 0.984 0.002 0.003 0.004 0.003 0.005
144 144 (1) 2 : 0.971 0.008 0.009 0.007 0.002 0.003
145 145 (8) 2 : 0.973 0.004 0.004 0.009 0.008 0.002
146 146 (4) 2 : 0.979 0.010 0.005 0.004 0.002 0.001
147 147 (1) 2 : 0.958 0.021 0.004 0.008 0.005 0.004
148 148 (17) 2 : 0.994 0.001 0.002 0.002 0.001 0.001
149 149 (8) 2 : 0.963 0.008 0.006 0.016 0.004 0.003
150 150 (3) 2 : 0.985 0.002 0.004 0.002 0.004 0.003
151 151 (0) 2 : 0.987 0.004 0.002 0.004 0.002 0.001
152 152 (0) 2 : 0.982 0.006 0.001 0.006 0.004 0.001
153 153 (3) 2 : 0.977 0.010 0.002 0.006 0.004 0.001
154 154 (1) 2 : 0.981 0.004 0.004 0.004 0.005 0.001
155 155 (1) 2 : 0.983 0.002 0.002 0.008 0.002 0.003
156 156 (15) 2 : 0.989 0.002 0.004 0.001 0.001 0.002
157 157 (3) 2 : 0.986 0.003 0.005 0.002 0.002 0.001
158 158 (2) 2 : 0.964 0.003 0.025 0.003 0.003 0.003
159 159 (7) 2 : 0.929 0.017 0.026 0.012 0.008 0.008
160 160 (4) 2 : 0.958 0.006 0.006 0.005 0.005 0.020
161 161 (1) 2 : 0.973 0.009 0.005 0.004 0.007 0.002
162 162 (14) 2 : 0.987 0.003 0.002 0.005 0.002 0.001
163 163 (15) 2 : 0.983 0.004 0.006 0.003 0.002 0.003
164 164 (11) 2 : 0.990 0.003 0.002 0.004 0.002 0.001
165 165 (1) 2 : 0.974 0.011 0.005 0.004 0.003 0.002
166 166 (8) 2 : 0.971 0.007 0.007 0.005 0.003 0.007
167 167 (6) 2 : 0.958 0.003 0.025 0.003 0.007 0.004
168 168 (3) 2 : 0.878 0.008 0.014 0.013 0.071 0.015
169 169 (6) 2 : 0.899 0.009 0.007 0.010 0.073 0.003
170 170 (4) 2 : 0.981 0.005 0.005 0.005 0.004 0.001
171 171 (2) 2 : 0.939 0.022 0.023 0.001 0.004 0.011
172 172 (6) 2 : 0.950 0.002 0.008 0.001 0.036 0.002
173 173 (1) 2 : 0.966 0.010 0.009 0.006 0.007 0.002
174 174 (3) 2 : 0.987 0.003 0.004 0.002 0.003 0.001
175 175 (2) 2 : 0.934 0.040 0.002 0.011 0.011 0.002
176 176 (4) 2 : 0.892 0.068 0.004 0.005 0.029 0.002
177 177 (2) 2 : 0.837 0.025 0.022 0.065 0.049 0.002
178 178 (3) 2 : 0.982 0.004 0.003 0.010 0.001 0.001
179 179 (1) 2 : 0.981 0.003 0.002 0.009 0.004 0.001
180 180 (7) 2 : 0.979 0.003 0.003 0.008 0.006 0.002
181 181 (0) 2 : 0.980 0.007 0.002 0.006 0.003 0.002
182 182 (0) 7 : 0.004 0.004 0.983 0.003 0.002 0.003
183 183 (0) 7 : 0.026 0.014 0.938 0.013 0.002 0.007
184 184 (1) 7 : 0.011 0.006 0.957 0.007 0.015 0.005
185 185 (0) 7 : 0.003 0.004 0.961 0.018 0.005 0.010
186 186 (2) 7 : 0.006 0.006 0.947 0.003 0.030 0.007
187 187 (0) 7 : 0.024 0.008 0.916 0.008 0.007 0.038
188 188 (1) 7 : 0.002 0.005 0.981 0.004 0.002 0.005
189 189 (1) 7 : 0.027 0.004 0.952 0.004 0.005 0.009
190 190 (0) 7 : 0.010 0.002 0.976 0.003 0.005 0.004
191 191 (0) 7 : 0.003 0.004 0.978 0.007 0.002 0.007
192 192 (2) 7 : 0.008 0.006 0.763 0.015 0.202 0.006
193 193 (1) 7 : 0.011 0.017 0.930 0.032 0.005 0.005
194 194 (1) 7 : 0.002 0.004 0.939 0.003 0.011 0.041
195 195 (0) 7 : 0.014 0.011 0.928 0.027 0.017 0.003
196 196 (0) 7 : 0.002 0.005 0.983 0.007 0.001 0.003
197 197 (1) 7 : 0.005 0.007 0.975 0.004 0.002 0.008
198 198 (1) 7 : 0.003 0.001 0.990 0.002 0.001 0.003
199 199 (0) 7 : 0.005 0.003 0.974 0.002 0.001 0.014
200 200 (0) 7 : 0.002 0.299 0.654 0.008 0.028 0.010
201 201 (1) 7 : 0.271 0.016 0.697 0.011 0.002 0.003
202 202 (0) 7 : 0.001 0.001 0.993 0.001 0.001 0.002
203 203 (1) 7 : 0.010 0.006 0.975 0.002 0.002 0.005
204 204 (1) 7 : 0.016 0.098 0.687 0.161 0.015 0.024
205 205 (0) 7 : 0.005 0.004 0.960 0.012 0.005 0.015
206 206 (2) 7 : 0.221 0.007 0.749 0.005 0.013 0.004
207 207 (2) 7 : 0.002 0.002 0.897 0.002 0.003 0.095
208 208 (2) 7 : 0.007 0.008 0.937 0.010 0.018 0.019
209 209 (0) 7 : 0.007 0.007 0.912 0.002 0.002 0.070
210 210 (1) 7 : 0.003 0.011 0.962 0.006 0.003 0.016
211 211 (0) 7 : 0.009 0.007 0.977 0.002 0.003 0.003
212 212 (10) 7 : 0.104 0.002 0.882 0.002 0.003 0.007
213 213 (1) 7 : 0.006 0.002 0.979 0.006 0.001 0.006
214 214 (0) 7 : 0.025 0.002 0.959 0.005 0.005 0.005
215 215 (2) 7 : 0.009 0.097 0.558 0.163 0.169 0.004
216 216 (1) 4 : 0.001 0.001 0.001 0.001 0.995 0.001
217 217 (1) 4 : 0.003 0.001 0.002 0.001 0.988 0.004
218 218 (1) 4 : 0.001 0.002 0.001 0.002 0.993 0.002
219 219 (1) 4 : 0.001 0.001 0.001 0.002 0.994 0.001
220 220 (1) 4 : 0.157 0.069 0.029 0.013 0.730 0.002
221 221 (1) 4 : 0.002 0.004 0.002 0.002 0.987 0.003
222 222 (10) 4 : 0.007 0.007 0.003 0.002 0.978 0.004
223 223 (2) 4 : 0.001 0.003 0.002 0.003 0.991 0.001
224 224 (0) 4 : 0.002 0.010 0.002 0.007 0.977 0.002
225 225 (2) 4 : 0.001 0.001 0.001 0.001 0.995 0.001
226 226 (0) 4 : 0.001 0.003 0.001 0.001 0.993 0.001
