

----------------------------------------------------
STRUCTURE by Pritchard, Stephens and Donnelly (2000)
     and Falush, Stephens and Pritchard (2003)
       Code by Pritchard, Falush and Hubisz
             Version 2.3.4 (Jul 2012)
----------------------------------------------------



Command line arguments:   bin/structure -m "/Users/ddayan/FRA/small_omy_projects/sf_crooked_river_2021/structure_SFGL_Omy269/5k10kadmcorr/mainparams" -e "/Users/ddayan/FRA/small_omy_projects/sf_crooked_river_2021/structure_SFGL_Omy269/5k10kadmcorr/extraparams" 
Input File:    /Users/ddayan/FRA/small_omy_projects/sf_crooked_river_2021/structure_SFGL_Omy269/project_data

Run parameters:
   127 individuals
   226 loci
   6 populations assumed
   5000 Burn-in period
   10000 Reps


--------------------------------------------
Proportion of membership of each pre-defined
 population in each of the 6 clusters

Given    Inferred Clusters                            Number of
 Pop       1      2      3      4      5      6      Individuals

  1:     0.002  0.004  0.002  0.986  0.004  0.003       35
  2:     0.792  0.007  0.042  0.006  0.073  0.081       17
  3:     0.011  0.202  0.129  0.049  0.506  0.103       41
  4:     0.968  0.005  0.007  0.006  0.008  0.007       34
--------------------------------------------

Allele-freq. divergence among pops (Net nucleotide distance),
computed using point estimates of P.

      1       2       3       4       5       6      
 1      -    0.0658  0.0550  0.0790  0.0373  0.0409  
 2   0.0658     -    0.0471  0.0589  0.0362  0.0492  
 3   0.0550  0.0471     -    0.0523  0.0281  0.0376  
 4   0.0790  0.0589  0.0523     -    0.0351  0.0437  
 5   0.0373  0.0362  0.0281  0.0351     -    0.0181  
 6   0.0409  0.0492  0.0376  0.0437  0.0181     -    

Average distances (expected heterozygosity) between individuals in same cluster:
cluster  1  : 0.3339 
cluster  2  : 0.2748 
cluster  3  : 0.2914 
cluster  4  : 0.2448 
cluster  5  : 0.3357 
cluster  6  : 0.3297 

--------------------------------------------
Estimated Ln Prob of Data   = -26356.0
Mean value of ln likelihood = -25954.7
Variance of ln likelihood   = 802.5
Mean value of alpha         = 0.0309

Mean value of Fst_1         = 0.1559
Mean value of Fst_2         = 0.2681
Mean value of Fst_3         = 0.2209
Mean value of Fst_4         = 0.2960
Mean value of Fst_5         = 0.0520
Mean value of Fst_6         = 0.1351


Inferred ancestry of individuals:
     (%Miss) Pop:  Inferred clusters
  1    (0)    1 :  0.001 0.002 0.002 0.993 0.001 0.001 
  2    (0)    1 :  0.004 0.004 0.002 0.971 0.011 0.008 
  3    (0)    1 :  0.001 0.001 0.001 0.995 0.001 0.001 
  4    (0)    1 :  0.001 0.001 0.002 0.990 0.002 0.003 
  5    (0)    1 :  0.003 0.001 0.006 0.987 0.001 0.002 
  6    (0)    1 :  0.002 0.001 0.002 0.991 0.002 0.001 
  7    (0)    1 :  0.001 0.001 0.002 0.994 0.001 0.001 
  8    (0)    1 :  0.001 0.004 0.005 0.987 0.002 0.002 
  9    (0)    1 :  0.000 0.001 0.001 0.994 0.002 0.001 
 10    (0)    1 :  0.001 0.002 0.001 0.990 0.003 0.002 
 11    (0)    1 :  0.005 0.060 0.006 0.918 0.008 0.002 
 12    (0)    1 :  0.005 0.004 0.006 0.964 0.014 0.008 
 13    (0)    1 :  0.001 0.003 0.001 0.993 0.002 0.001 
 14    (0)    1 :  0.001 0.002 0.002 0.992 0.002 0.002 
 15    (0)    1 :  0.001 0.001 0.002 0.993 0.001 0.002 
 16    (0)    1 :  0.000 0.004 0.003 0.989 0.001 0.001 
 17    (0)    1 :  0.001 0.001 0.002 0.966 0.019 0.011 
 18    (0)    1 :  0.015 0.004 0.005 0.930 0.034 0.013 
 19    (0)    1 :  0.001 0.002 0.001 0.994 0.001 0.001 
 20    (0)    1 :  0.001 0.002 0.001 0.994 0.001 0.001 
 21    (0)    1 :  0.001 0.002 0.002 0.985 0.004 0.006 
 22    (0)    1 :  0.002 0.002 0.003 0.982 0.003 0.007 
 23    (0)    1 :  0.001 0.001 0.001 0.996 0.001 0.001 
 24    (0)    1 :  0.001 0.002 0.001 0.994 0.001 0.000 
 25    (0)    1 :  0.003 0.002 0.004 0.987 0.002 0.002 
 26    (0)    1 :  0.001 0.001 0.001 0.994 0.001 0.002 
 27    (0)    1 :  0.001 0.001 0.001 0.996 0.001 0.001 
 28    (0)    1 :  0.002 0.005 0.002 0.986 0.004 0.002 
 29    (0)    1 :  0.000 0.001 0.002 0.993 0.001 0.002 
 30    (0)    1 :  0.001 0.001 0.001 0.995 0.002 0.001 
 31    (0)    1 :  0.001 0.002 0.002 0.992 0.001 0.002 
 32    (0)    1 :  0.001 0.005 0.003 0.989 0.001 0.001 
 33    (0)    1 :  0.001 0.001 0.001 0.996 0.001 0.001 
 34    (0)    1 :  0.000 0.001 0.001 0.995 0.001 0.001 
 35    (0)    1 :  0.001 0.003 0.002 0.989 0.003 0.002 
 36    (0)    2 :  0.837 0.002 0.025 0.006 0.027 0.103 
 37    (0)    2 :  0.981 0.001 0.003 0.002 0.005 0.008 
 38    (0)    3 :  0.001 0.034 0.007 0.003 0.951 0.004 
 39    (0)    3 :  0.002 0.001 0.001 0.008 0.003 0.985 
 40    (0)    3 :  0.003 0.003 0.003 0.040 0.006 0.945 
 41    (0)    3 :  0.065 0.015 0.012 0.005 0.764 0.139 
 42    (0)    3 :  0.043 0.073 0.001 0.004 0.861 0.019 
 43    (0)    2 :  0.993 0.001 0.002 0.001 0.002 0.002 
 44    (0)    2 :  0.089 0.036 0.140 0.017 0.710 0.008 
 45    (0)    2 :  0.981 0.001 0.002 0.002 0.004 0.010 
 46    (0)    2 :  0.983 0.002 0.002 0.003 0.008 0.002 
 47    (0)    2 :  0.593 0.024 0.001 0.001 0.022 0.358 
 48    (0)    2 :  0.197 0.003 0.002 0.003 0.002 0.792 
 49    (0)    2 :  0.469 0.012 0.397 0.057 0.049 0.016 
 50    (0)    2 :  0.982 0.001 0.005 0.001 0.007 0.004 
 51    (0)    2 :  0.933 0.010 0.004 0.002 0.005 0.046 
 52    (0)    3 :  0.002 0.013 0.006 0.004 0.972 0.003 
 53    (0)    3 :  0.006 0.002 0.043 0.045 0.882 0.023 
 54    (0)    3 :  0.013 0.003 0.411 0.002 0.557 0.014 
 55    (0)    3 :  0.113 0.004 0.005 0.005 0.742 0.130 
 56    (0)    3 :  0.001 0.991 0.001 0.004 0.002 0.001 
 57    (0)    3 :  0.003 0.002 0.002 0.092 0.890 0.011 
 58    (0)    3 :  0.004 0.003 0.968 0.002 0.017 0.006 
 59    (0)    3 :  0.038 0.003 0.040 0.004 0.053 0.862 
 60    (0)    3 :  0.002 0.992 0.004 0.001 0.001 0.001 
 61    (0)    3 :  0.001 0.992 0.002 0.002 0.002 0.001 
 62    (0)    3 :  0.001 0.006 0.001 0.003 0.983 0.006 
 63    (0)    3 :  0.002 0.004 0.001 0.006 0.983 0.004 
 64    (0)    3 :  0.001 0.003 0.008 0.446 0.540 0.001 
 65    (0)    3 :  0.002 0.003 0.004 0.401 0.588 0.002 
 66    (0)    3 :  0.003 0.002 0.010 0.236 0.746 0.003 
 67    (0)    3 :  0.027 0.022 0.004 0.186 0.757 0.004 
 68    (0)    3 :  0.001 0.992 0.002 0.001 0.002 0.002 
 69    (0)    3 :  0.027 0.001 0.003 0.407 0.561 0.002 
 70    (0)    3 :  0.001 0.984 0.002 0.004 0.005 0.003 
 71    (0)    3 :  0.001 0.986 0.005 0.003 0.003 0.002 
 72    (0)    3 :  0.001 0.988 0.003 0.003 0.003 0.002 
 73    (0)    3 :  0.001 0.036 0.951 0.008 0.003 0.001 
 74    (0)    3 :  0.003 0.001 0.005 0.003 0.986 0.002 
 75    (0)    3 :  0.003 0.002 0.003 0.003 0.986 0.003 
 76    (0)    3 :  0.004 0.003 0.033 0.002 0.940 0.018 
 77    (0)    3 :  0.001 0.003 0.991 0.001 0.002 0.002 
 78    (0)    3 :  0.002 0.036 0.007 0.018 0.930 0.007 
 79    (0)    3 :  0.004 0.003 0.009 0.003 0.968 0.014 
 80    (0)    3 :  0.001 0.004 0.008 0.004 0.980 0.003 
 81    (0)    3 :  0.002 0.005 0.001 0.005 0.981 0.005 
 82    (0)    3 :  0.028 0.005 0.461 0.010 0.487 0.008 
 83    (0)    3 :  0.002 0.003 0.987 0.003 0.003 0.003 
 84    (0)    3 :  0.002 0.047 0.004 0.003 0.942 0.002 
 85    (0)    3 :  0.001 0.995 0.001 0.001 0.002 0.001 
 86    (0)    3 :  0.004 0.001 0.004 0.001 0.006 0.985 
 87    (0)    3 :  0.016 0.006 0.279 0.017 0.670 0.011 
 88    (0)    2 :  0.991 0.001 0.003 0.001 0.003 0.002 
 89    (0)    2 :  0.982 0.002 0.005 0.001 0.008 0.002 
 90    (0)    2 :  0.987 0.002 0.001 0.001 0.005 0.004 
 91    (0)    2 :  0.498 0.008 0.118 0.001 0.372 0.002 
 92    (0)    2 :  0.972 0.006 0.002 0.001 0.005 0.013 
 93    (0)    2 :  0.992 0.001 0.001 0.001 0.003 0.002 
 94    (0)    4 :  0.987 0.002 0.004 0.003 0.001 0.003 
 95    (0)    4 :  0.988 0.002 0.004 0.002 0.002 0.002 
 96    (2)    4 :  0.958 0.006 0.007 0.002 0.023 0.004 
 97    (0)    4 :  0.930 0.006 0.009 0.008 0.029 0.018 
 98    (1)    4 :  0.941 0.005 0.011 0.005 0.024 0.014 
 99    (0)    4 :  0.975 0.004 0.008 0.005 0.006 0.002 
100    (1)    4 :  0.977 0.006 0.002 0.003 0.009 0.004 
101    (0)    4 :  0.973 0.002 0.005 0.002 0.016 0.003 
102    (0)    4 :  0.990 0.002 0.003 0.001 0.002 0.001 
103    (0)    4 :  0.953 0.012 0.005 0.006 0.019 0.005 
104    (1)    4 :  0.966 0.008 0.013 0.004 0.008 0.002 
105    (1)    4 :  0.992 0.003 0.001 0.002 0.001 0.001 
106    (2)    4 :  0.970 0.004 0.013 0.004 0.005 0.005 
107    (1)    4 :  0.992 0.001 0.002 0.001 0.001 0.002 
108    (0)    4 :  0.973 0.007 0.003 0.005 0.001 0.010 
109    (1)    4 :  0.970 0.002 0.002 0.017 0.006 0.004 
110    (3)    4 :  0.986 0.006 0.002 0.001 0.003 0.002 
111    (0)    4 :  0.959 0.003 0.004 0.014 0.017 0.003 
112    (1)    4 :  0.968 0.002 0.003 0.002 0.005 0.020 
113    (1)    4 :  0.990 0.002 0.002 0.002 0.002 0.003 
114    (0)    4 :  0.994 0.001 0.001 0.001 0.001 0.001 
115    (1)    4 :  0.993 0.002 0.001 0.002 0.001 0.002 
116    (1)    4 :  0.871 0.005 0.070 0.005 0.013 0.036 
117    (0)    4 :  0.957 0.002 0.019 0.012 0.005 0.004 
118    (3)    4 :  0.986 0.003 0.003 0.002 0.005 0.002 
119    (2)    4 :  0.935 0.003 0.011 0.019 0.005 0.027 
120    (2)    4 :  0.971 0.004 0.003 0.002 0.008 0.011 
121    (0)    4 :  0.946 0.003 0.002 0.029 0.008 0.012 
122    (1)    4 :  0.983 0.006 0.001 0.003 0.003 0.003 
123    (0)    4 :  0.994 0.001 0.001 0.001 0.002 0.001 
124   (15)    4 :  0.960 0.015 0.006 0.004 0.013 0.003 
125    (1)    4 :  0.944 0.008 0.006 0.010 0.013 0.019 
126    (0)    4 :  0.963 0.012 0.004 0.007 0.007 0.007 
127    (2)    4 :  0.978 0.003 0.011 0.001 0.002 0.005 


Estimated Allele Frequencies in each cluster
First column gives estimated ancestral frequencies


Locus 1 : 
2 alleles
0.0% missing data
   3   (0.937) 0.913 0.991 0.985 0.998 0.981 0.783 
   2   (0.063) 0.087 0.009 0.015 0.002 0.019 0.217 

Locus 2 : 
2 alleles
0.0% missing data
   2   (0.342) 0.366 0.052 0.162 0.168 0.451 0.330 
   3   (0.658) 0.634 0.948 0.838 0.832 0.549 0.670 

Locus 3 : 
2 alleles
0.0% missing data
   2   (0.354) 0.339 0.216 0.159 0.251 0.417 0.330 
   4   (0.646) 0.661 0.784 0.841 0.749 0.583 0.670 

Locus 4 : 
2 alleles
0.0% missing data
   1   (0.691) 0.927 0.365 0.799 0.888 0.692 0.529 
   4   (0.309) 0.073 0.635 0.201 0.112 0.308 0.471 

Locus 5 : 
2 alleles
3.1% missing data
   2   (0.809) 0.739 0.972 0.937 0.953 0.811 0.765 
   1   (0.191) 0.261 0.028 0.063 0.047 0.189 0.235 

Locus 6 : 
2 alleles
2.4% missing data
   1   (0.207) 0.192 0.030 0.250 0.381 0.222 0.082 
   3   (0.793) 0.808 0.970 0.750 0.619 0.778 0.918 

Locus 7 : 
2 alleles
0.0% missing data
   2   (0.625) 0.413 0.945 0.565 0.454 0.660 0.653 
   3   (0.375) 0.587 0.055 0.435 0.546 0.340 0.347 

Locus 8 : 
2 alleles
2.4% missing data
   1   (0.250) 0.167 0.255 0.082 0.261 0.251 0.217 
   2   (0.750) 0.833 0.745 0.918 0.739 0.749 0.783 

Locus 9 : 
2 alleles
0.8% missing data
   4   (0.960) 0.822 0.994 0.990 0.999 0.988 0.985 
   1   (0.040) 0.178 0.006 0.010 0.001 0.012 0.015 

Locus 10 : 
2 alleles
0.0% missing data
   3   (0.734) 0.520 0.646 0.904 0.991 0.759 0.572 
   2   (0.266) 0.480 0.354 0.096 0.009 0.241 0.428 

Locus 11 : 
2 alleles
0.0% missing data
   2   (0.951) 0.770 0.993 0.988 0.998 0.985 0.955 
   1   (0.049) 0.230 0.007 0.012 0.002 0.015 0.045 

Locus 12 : 
2 alleles
0.0% missing data
   1   (0.494) 0.278 0.233 0.694 0.824 0.585 0.296 
   4   (0.506) 0.722 0.767 0.306 0.176 0.415 0.704 

Locus 13 : 
2 alleles
0.8% missing data
   2   (0.710) 0.584 0.798 0.912 0.802 0.635 0.874 
   4   (0.290) 0.416 0.202 0.088 0.198 0.365 0.126 

Locus 14 : 
2 alleles
0.0% missing data
   4   (0.686) 0.574 0.529 0.855 0.799 0.680 0.833 
   2   (0.314) 0.426 0.471 0.145 0.201 0.320 0.167 

Locus 15 : 
2 alleles
0.0% missing data
   4   (0.873) 0.885 0.982 0.969 0.996 0.890 0.652 
   2   (0.127) 0.115 0.018 0.031 0.004 0.110 0.348 

Locus 16 : 
2 alleles
0.0% missing data
   1   (0.409) 0.385 0.474 0.365 0.690 0.296 0.563 
   4   (0.591) 0.615 0.526 0.635 0.310 0.704 0.437 

Locus 17 : 
2 alleles
0.0% missing data
   4   (0.922) 0.940 0.888 0.695 0.998 0.977 0.970 
   3   (0.078) 0.060 0.112 0.305 0.002 0.023 0.030 

Locus 18 : 
2 alleles
0.0% missing data
   2   (0.800) 0.784 0.970 0.940 0.788 0.737 0.889 
   3   (0.200) 0.216 0.030 0.060 0.212 0.263 0.111 

Locus 19 : 
2 alleles
0.8% missing data
   4   (0.869) 0.821 0.981 0.953 0.984 0.921 0.711 
   2   (0.131) 0.179 0.019 0.047 0.016 0.079 0.289 

Locus 20 : 
2 alleles
0.0% missing data
   2   (0.663) 0.662 0.949 0.656 0.562 0.640 0.678 
   3   (0.337) 0.338 0.051 0.344 0.438 0.360 0.322 

Locus 21 : 
2 alleles
0.8% missing data
   2   (0.351) 0.453 0.261 0.194 0.207 0.363 0.308 
   3   (0.649) 0.547 0.739 0.806 0.793 0.637 0.692 

Locus 22 : 
2 alleles
0.0% missing data
   4   (0.804) 0.728 0.705 0.946 0.872 0.875 0.780 
   2   (0.196) 0.272 0.295 0.054 0.128 0.125 0.220 

Locus 23 : 
2 alleles
2.4% missing data
   1   (0.357) 0.403 0.480 0.108 0.566 0.349 0.327 
   4   (0.643) 0.597 0.520 0.892 0.434 0.651 0.673 

Locus 24 : 
2 alleles
0.0% missing data
   3   (0.764) 0.611 0.965 0.423 0.992 0.728 0.863 
   2   (0.236) 0.389 0.035 0.577 0.008 0.272 0.137 

Locus 25 : 
2 alleles
0.0% missing data
   3   (0.700) 0.714 0.956 0.835 0.491 0.671 0.709 
   2   (0.300) 0.286 0.044 0.165 0.509 0.329 0.291 

Locus 26 : 
2 alleles
0.8% missing data
   2   (0.574) 0.554 0.937 0.417 0.722 0.567 0.447 
   4   (0.426) 0.446 0.063 0.583 0.278 0.433 0.553 

Locus 27 : 
2 alleles
1.6% missing data
   1   (0.602) 0.626 0.191 0.523 0.756 0.589 0.821 
   4   (0.398) 0.374 0.809 0.477 0.244 0.411 0.179 

Locus 28 : 
2 alleles
3.9% missing data
   3   (0.527) 0.659 0.285 0.415 0.587 0.494 0.688 
   2   (0.473) 0.341 0.715 0.585 0.413 0.506 0.312 

Locus 29 : 
2 alleles
0.0% missing data
   4   (0.193) 0.353 0.342 0.331 0.442 0.069 0.115 
   1   (0.807) 0.647 0.658 0.669 0.558 0.931 0.885 

Locus 30 : 
2 alleles
0.0% missing data
   1   (0.431) 0.465 0.497 0.489 0.571 0.379 0.361 
   4   (0.569) 0.535 0.503 0.511 0.429 0.621 0.639 

Locus 31 : 
2 alleles
3.1% missing data
   2   (0.299) 0.299 0.046 0.336 0.504 0.253 0.355 
   4   (0.701) 0.701 0.954 0.664 0.496 0.747 0.645 

Locus 32 : 
2 alleles
0.0% missing data
   4   (0.528) 0.664 0.350 0.403 0.646 0.595 0.362 
   3   (0.472) 0.336 0.650 0.597 0.354 0.405 0.638 

Locus 33 : 
2 alleles
0.8% missing data
   2   (0.535) 0.619 0.448 0.172 0.566 0.607 0.578 
   3   (0.465) 0.381 0.552 0.828 0.434 0.393 0.422 

Locus 34 : 
2 alleles
0.0% missing data
   3   (0.498) 0.567 0.451 0.491 0.607 0.488 0.446 
   2   (0.502) 0.433 0.549 0.509 0.393 0.512 0.554 

Locus 35 : 
2 alleles
0.0% missing data
   4   (0.665) 0.794 0.688 0.696 0.989 0.516 0.714 
   1   (0.335) 0.206 0.312 0.304 0.011 0.484 0.286 

Locus 36 : 
2 alleles
0.0% missing data
   4   (0.646) 0.415 0.947 0.644 0.787 0.633 0.694 
   1   (0.354) 0.585 0.053 0.356 0.213 0.367 0.306 

Locus 37 : 
2 alleles
0.8% missing data
   2   (0.570) 0.449 0.732 0.377 0.814 0.625 0.510 
   3   (0.430) 0.551 0.268 0.623 0.186 0.375 0.490 

Locus 38 : 
2 alleles
0.8% missing data
   1   (0.920) 0.990 0.783 0.973 0.997 0.966 0.722 
   2   (0.080) 0.010 0.217 0.027 0.003 0.034 0.278 

Locus 39 : 
2 alleles
1.6% missing data
   2   (0.603) 0.338 0.515 0.648 0.963 0.596 0.692 
   4   (0.397) 0.662 0.485 0.352 0.037 0.404 0.308 

Locus 40 : 
2 alleles
0.0% missing data
   1   (0.403) 0.816 0.484 0.451 0.400 0.267 0.294 
   4   (0.597) 0.184 0.516 0.549 0.600 0.733 0.706 

Locus 41 : 
2 alleles
0.0% missing data
   2   (0.903) 0.621 0.986 0.970 0.932 0.969 0.898 
   1   (0.097) 0.379 0.014 0.030 0.068 0.031 0.102 

Locus 42 : 
2 alleles
0.0% missing data
   2   (0.539) 0.606 0.511 0.570 0.527 0.549 0.481 
   4   (0.461) 0.394 0.489 0.430 0.473 0.451 0.519 

Locus 43 : 
2 alleles
0.0% missing data
   2   (0.425) 0.685 0.441 0.157 0.364 0.388 0.457 
   4   (0.575) 0.315 0.559 0.843 0.636 0.612 0.543 

Locus 44 : 
3 alleles
1.6% missing data
   3   (0.849) 0.920 0.977 0.963 0.836 0.925 0.663 
   2   (0.120) 0.078 0.019 0.030 0.163 0.066 0.217 
   0   (0.031) 0.002 0.004 0.007 0.001 0.009 0.120 

Locus 45 : 
2 alleles
0.0% missing data
   1   (0.799) 0.794 0.970 0.683 0.985 0.853 0.600 
   2   (0.201) 0.206 0.030 0.317 0.015 0.147 0.400 

Locus 46 : 
2 alleles
0.0% missing data
   4   (0.878) 0.954 0.765 0.973 0.996 0.874 0.899 
   2   (0.122) 0.046 0.235 0.027 0.004 0.126 0.101 

Locus 47 : 
2 alleles
0.0% missing data
   2   (0.866) 0.949 0.711 0.969 0.957 0.883 0.928 
   1   (0.134) 0.051 0.289 0.031 0.043 0.117 0.072 

Locus 48 : 
2 alleles
1.6% missing data
   2   (0.566) 0.522 0.834 0.783 0.429 0.566 0.434 
   4   (0.434) 0.478 0.166 0.217 0.571 0.434 0.566 

Locus 49 : 
2 alleles
0.0% missing data
   1   (0.733) 0.649 0.803 0.642 0.915 0.775 0.814 
   2   (0.267) 0.351 0.197 0.358 0.085 0.225 0.186 

Locus 50 : 
2 alleles
0.0% missing data
   4   (0.720) 0.738 0.643 0.703 0.434 0.810 0.768 
   1   (0.280) 0.262 0.357 0.297 0.566 0.190 0.232 

Locus 51 : 
2 alleles
0.0% missing data
   3   (0.532) 0.667 0.554 0.572 0.570 0.364 0.811 
   2   (0.468) 0.333 0.446 0.428 0.430 0.636 0.189 

Locus 52 : 
2 alleles
0.8% missing data
   4   (0.918) 0.876 0.988 0.978 0.997 0.909 0.969 
   2   (0.082) 0.124 0.012 0.022 0.003 0.091 0.031 

Locus 53 : 
2 alleles
0.0% missing data
   4   (0.927) 0.624 0.732 0.981 0.998 0.978 0.972 
   2   (0.073) 0.376 0.268 0.019 0.002 0.022 0.028 

Locus 54 : 
2 alleles
3.1% missing data
   3   (0.584) 0.707 0.665 0.578 0.837 0.533 0.560 
   4   (0.416) 0.293 0.335 0.422 0.163 0.467 0.440 

Locus 55 : 
2 alleles
0.0% missing data
   2   (0.608) 0.776 0.785 0.626 0.593 0.588 0.515 
   1   (0.392) 0.224 0.215 0.374 0.407 0.412 0.485 

Locus 56 : 
3 alleles
2.4% missing data
   1   (0.784) 0.734 0.605 0.875 0.993 0.854 0.664 
   0   (0.070) 0.017 0.115 0.017 0.002 0.021 0.278 
   4   (0.146) 0.249 0.280 0.108 0.005 0.125 0.059 

Locus 57 : 
2 alleles
0.0% missing data
   4   (0.888) 0.644 0.984 0.917 0.996 0.942 0.825 
   1   (0.112) 0.356 0.016 0.083 0.004 0.058 0.175 

Locus 58 : 
2 alleles
0.0% missing data
   4   (0.878) 0.971 0.981 0.917 0.987 0.828 0.905 
   2   (0.122) 0.029 0.019 0.083 0.013 0.172 0.095 

Locus 59 : 
2 alleles
0.0% missing data
   3   (0.863) 0.954 0.980 0.945 0.890 0.888 0.781 
   2   (0.137) 0.046 0.020 0.055 0.110 0.112 0.219 

Locus 60 : 
2 alleles
0.0% missing data
   4   (0.762) 0.679 0.762 0.761 0.992 0.723 0.857 
   2   (0.238) 0.321 0.238 0.239 0.008 0.277 0.143 

Locus 61 : 
2 alleles
0.0% missing data
   4   (0.879) 0.775 0.824 0.962 0.996 0.887 0.954 
   2   (0.121) 0.225 0.176 0.038 0.004 0.113 0.046 

Locus 62 : 
2 alleles
0.0% missing data
   2   (0.743) 0.465 0.963 0.790 0.914 0.833 0.522 
   1   (0.257) 0.535 0.037 0.210 0.086 0.167 0.478 

Locus 63 : 
2 alleles
0.0% missing data
   2   (0.417) 0.218 0.704 0.497 0.642 0.428 0.267 
   1   (0.583) 0.782 0.296 0.503 0.358 0.572 0.733 

Locus 64 : 
2 alleles
0.0% missing data
   4   (0.826) 0.845 0.762 0.957 0.994 0.847 0.676 
   2   (0.174) 0.155 0.238 0.043 0.006 0.153 0.324 

Locus 65 : 
2 alleles
0.8% missing data
   1   (0.899) 0.743 0.985 0.688 0.997 0.943 0.956 
   4   (0.101) 0.257 0.015 0.312 0.003 0.057 0.044 

Locus 66 : 
3 alleles
1.6% missing data
   3   (0.591) 0.690 0.518 0.810 0.662 0.585 0.555 
   2   (0.376) 0.266 0.478 0.183 0.337 0.405 0.433 
   0   (0.033) 0.043 0.004 0.008 0.001 0.010 0.012 

Locus 67 : 
2 alleles
0.0% missing data
   1   (0.127) 0.039 0.232 0.032 0.030 0.114 0.078 
   3   (0.873) 0.961 0.768 0.968 0.970 0.886 0.922 

Locus 68 : 
2 alleles
0.0% missing data
   2   (0.529) 0.329 0.179 0.292 0.736 0.623 0.689 
   3   (0.471) 0.671 0.821 0.708 0.264 0.377 0.311 

Locus 69 : 
2 alleles
0.0% missing data
   4   (0.797) 0.506 0.706 0.684 0.993 0.836 0.916 
   2   (0.203) 0.494 0.294 0.316 0.007 0.164 0.084 

Locus 70 : 
3 alleles
0.0% missing data
   1   (0.317) 0.026 0.794 0.519 0.700 0.402 0.122 
   3   (0.643) 0.972 0.200 0.471 0.146 0.583 0.863 
   0   (0.040) 0.002 0.006 0.010 0.154 0.016 0.014 

Locus 71 : 
2 alleles
3.1% missing data
   2   (0.550) 0.749 0.514 0.455 0.214 0.630 0.396 
   4   (0.450) 0.251 0.486 0.545 0.786 0.370 0.604 

Locus 72 : 
2 alleles
1.6% missing data
   3   (0.534) 0.710 0.337 0.155 0.710 0.671 0.336 
   1   (0.466) 0.290 0.663 0.845 0.290 0.329 0.664 

Locus 73 : 
2 alleles
0.0% missing data
   1   (0.312) 0.351 0.468 0.489 0.539 0.215 0.194 
   2   (0.688) 0.649 0.532 0.511 0.461 0.785 0.806 

Locus 74 : 
2 alleles
1.6% missing data
   2   (0.820) 0.939 0.975 0.716 0.983 0.815 0.710 
   3   (0.180) 0.061 0.025 0.284 0.017 0.185 0.290 

Locus 75 : 
2 alleles
0.0% missing data
   3   (0.487) 0.666 0.173 0.216 0.790 0.476 0.584 
   1   (0.513) 0.334 0.827 0.784 0.210 0.524 0.416 

Locus 76 : 
2 alleles
0.0% missing data
   2   (0.443) 0.177 0.640 0.791 0.926 0.303 0.491 
   1   (0.557) 0.823 0.360 0.209 0.074 0.697 0.509 

Locus 77 : 
2 alleles
0.0% missing data
   4   (0.297) 0.104 0.316 0.144 0.481 0.391 0.172 
   1   (0.703) 0.896 0.684 0.856 0.519 0.609 0.828 

Locus 78 : 
2 alleles
0.0% missing data
   3   (0.712) 0.827 0.534 0.581 0.990 0.673 0.739 
   2   (0.288) 0.173 0.466 0.419 0.010 0.327 0.261 

Locus 79 : 
2 alleles
0.0% missing data
   2   (0.579) 0.519 0.836 0.783 0.723 0.474 0.652 
   3   (0.421) 0.481 0.164 0.217 0.277 0.526 0.348 

Locus 80 : 
2 alleles
0.0% missing data
   4   (0.813) 0.785 0.701 0.738 0.871 0.877 0.931 
   2   (0.187) 0.215 0.299 0.262 0.129 0.123 0.069 

Locus 81 : 
2 alleles
0.0% missing data
   3   (0.469) 0.581 0.069 0.590 0.338 0.495 0.537 
   2   (0.531) 0.419 0.931 0.410 0.662 0.505 0.463 

Locus 82 : 
2 alleles
0.0% missing data
   2   (0.730) 0.688 0.748 0.690 0.716 0.830 0.718 
   3   (0.270) 0.312 0.252 0.310 0.284 0.170 0.282 

Locus 83 : 
2 alleles
0.0% missing data
   3   (0.714) 0.470 0.957 0.797 0.882 0.768 0.572 
   2   (0.286) 0.530 0.043 0.203 0.118 0.232 0.428 

Locus 84 : 
2 alleles
0.0% missing data
   3   (0.537) 0.406 0.295 0.703 0.440 0.541 0.691 
   2   (0.463) 0.594 0.705 0.297 0.560 0.459 0.309 

Locus 85 : 
2 alleles
0.0% missing data
   3   (0.766) 0.819 0.650 0.414 0.873 0.841 0.869 
   4   (0.234) 0.181 0.350 0.586 0.127 0.159 0.131 

Locus 86 : 
2 alleles
0.0% missing data
   3   (0.528) 0.849 0.079 0.580 0.444 0.513 0.566 
   2   (0.472) 0.151 0.921 0.420 0.556 0.487 0.434 

Locus 87 : 
3 alleles
4.7% missing data
   1   (0.536) 0.431 0.504 0.484 0.713 0.605 0.510 
   4   (0.431) 0.563 0.489 0.508 0.286 0.384 0.398 
   0   (0.033) 0.006 0.007 0.008 0.001 0.011 0.092 

Locus 88 : 
2 alleles
1.6% missing data
   3   (0.817) 0.671 0.974 0.930 0.994 0.763 0.812 
   1   (0.183) 0.329 0.026 0.070 0.006 0.237 0.188 

Locus 89 : 
2 alleles
0.0% missing data
   1   (0.572) 0.425 0.507 0.250 0.894 0.663 0.566 
   4   (0.428) 0.575 0.493 0.750 0.106 0.337 0.434 

Locus 90 : 
2 alleles
0.8% missing data
   3   (0.741) 0.596 0.530 0.904 0.759 0.789 0.834 
   2   (0.259) 0.404 0.470 0.096 0.241 0.211 0.166 

Locus 91 : 
2 alleles
0.0% missing data
   2   (0.691) 0.718 0.741 0.910 0.691 0.648 0.740 
   4   (0.309) 0.282 0.259 0.090 0.309 0.352 0.260 

Locus 92 : 
2 alleles
0.0% missing data
   2   (0.769) 0.735 0.747 0.722 0.957 0.801 0.868 
   4   (0.231) 0.265 0.253 0.278 0.043 0.199 0.132 

Locus 93 : 
2 alleles
0.0% missing data
   4   (0.916) 0.877 0.986 0.978 0.997 0.959 0.742 
   1   (0.084) 0.123 0.014 0.022 0.003 0.041 0.258 

Locus 94 : 
2 alleles
0.0% missing data
   3   (0.779) 0.876 0.967 0.708 0.748 0.796 0.787 
   1   (0.221) 0.124 0.033 0.292 0.252 0.204 0.213 

Locus 95 : 
2 alleles
0.0% missing data
   1   (0.053) 0.003 0.008 0.012 0.067 0.016 0.188 
   3   (0.947) 0.997 0.992 0.988 0.933 0.984 0.812 

Locus 96 : 
2 alleles
0.0% missing data
   3   (0.559) 0.483 0.510 0.860 0.804 0.535 0.425 
   2   (0.441) 0.517 0.490 0.140 0.196 0.465 0.575 

Locus 97 : 
2 alleles
0.0% missing data
   2   (0.729) 0.635 0.754 0.729 0.991 0.739 0.678 
   1   (0.271) 0.365 0.246 0.271 0.009 0.261 0.322 

Locus 98 : 
2 alleles
0.0% missing data
   4   (0.765) 0.610 0.965 0.748 0.992 0.699 0.834 
   2   (0.235) 0.390 0.035 0.252 0.008 0.301 0.166 

Locus 99 : 
2 alleles
0.8% missing data
   4   (0.837) 0.616 0.763 0.770 0.995 0.906 0.887 
   1   (0.163) 0.384 0.237 0.230 0.005 0.094 0.113 

Locus 100 : 
2 alleles
0.8% missing data
   3   (0.429) 0.509 0.656 0.573 0.211 0.391 0.325 
   2   (0.571) 0.491 0.344 0.427 0.789 0.609 0.675 

Locus 101 : 
3 alleles
0.0% missing data
   4   (0.464) 0.085 0.496 0.802 0.434 0.565 0.368 
   2   (0.465) 0.911 0.494 0.182 0.542 0.319 0.594 
   0   (0.071) 0.004 0.010 0.016 0.025 0.117 0.039 

Locus 102 : 
2 alleles
2.4% missing data
   2   (0.760) 0.891 0.701 0.735 0.899 0.751 0.854 
   4   (0.240) 0.109 0.299 0.265 0.101 0.249 0.146 

Locus 103 : 
3 alleles
0.0% missing data
   4   (0.120) 0.028 0.017 0.048 0.521 0.119 0.057 
   2   (0.801) 0.968 0.971 0.562 0.477 0.763 0.913 
   0   (0.079) 0.004 0.012 0.389 0.002 0.119 0.029 

Locus 104 : 
2 alleles
0.0% missing data
   3   (0.300) 0.178 0.151 0.352 0.567 0.324 0.163 
   2   (0.700) 0.822 0.849 0.648 0.433 0.676 0.837 

Locus 105 : 
2 alleles
0.0% missing data
   4   (0.487) 0.418 0.499 0.550 0.412 0.493 0.491 
   1   (0.513) 0.582 0.501 0.450 0.588 0.507 0.509 

Locus 106 : 
2 alleles
0.0% missing data
   1   (0.146) 0.183 0.021 0.047 0.177 0.157 0.059 
   2   (0.854) 0.817 0.979 0.953 0.823 0.843 0.941 

Locus 107 : 
2 alleles
0.0% missing data
   1   (0.583) 0.477 0.394 0.776 0.793 0.574 0.631 
   4   (0.417) 0.523 0.606 0.224 0.207 0.426 0.369 

Locus 108 : 
2 alleles
0.0% missing data
   2   (0.760) 0.826 0.698 0.677 0.928 0.752 0.904 
   4   (0.240) 0.174 0.302 0.323 0.072 0.248 0.096 

Locus 109 : 
2 alleles
0.0% missing data
   3   (0.784) 0.794 0.812 0.775 0.966 0.851 0.748 
   2   (0.216) 0.206 0.188 0.225 0.034 0.149 0.252 

Locus 110 : 
2 alleles
0.0% missing data
   2   (0.925) 0.917 0.989 0.980 0.998 0.913 0.970 
   1   (0.075) 0.083 0.011 0.020 0.002 0.087 0.030 

Locus 111 : 
2 alleles
0.0% missing data
   1   (0.841) 0.730 0.977 0.853 0.994 0.831 0.881 
   2   (0.159) 0.270 0.023 0.147 0.006 0.169 0.119 

Locus 112 : 
2 alleles
7.1% missing data
   3   (0.846) 0.872 0.759 0.932 0.995 0.814 0.925 
   2   (0.154) 0.128 0.241 0.068 0.005 0.186 0.075 

Locus 113 : 
2 alleles
0.0% missing data
   2   (0.672) 0.870 0.952 0.412 0.742 0.616 0.645 
   3   (0.328) 0.130 0.048 0.588 0.258 0.384 0.355 

Locus 114 : 
2 alleles
0.0% missing data
   4   (0.718) 0.705 0.959 0.901 0.807 0.670 0.636 
   2   (0.282) 0.295 0.041 0.099 0.193 0.330 0.364 

Locus 115 : 
2 alleles
0.0% missing data
   3   (0.463) 0.539 0.659 0.358 0.340 0.478 0.341 
   2   (0.537) 0.461 0.341 0.642 0.660 0.522 0.659 

Locus 116 : 
2 alleles
0.0% missing data
   4   (0.455) 0.577 0.490 0.363 0.691 0.403 0.410 
   3   (0.545) 0.423 0.510 0.637 0.309 0.597 0.590 

Locus 117 : 
2 alleles
0.0% missing data
   2   (0.898) 0.895 0.985 0.975 0.996 0.852 0.940 
   3   (0.102) 0.105 0.015 0.025 0.004 0.148 0.060 

Locus 118 : 
2 alleles
0.0% missing data
   2   (0.909) 0.914 0.987 0.971 0.997 0.952 0.670 
   1   (0.091) 0.086 0.013 0.029 0.003 0.048 0.330 

Locus 119 : 
3 alleles
0.0% missing data
   2   (0.913) 0.916 0.573 0.980 0.971 0.974 0.968 
   0   (0.030) 0.002 0.004 0.007 0.027 0.009 0.011 
   3   (0.058) 0.082 0.423 0.013 0.002 0.017 0.021 

Locus 120 : 
2 alleles
0.0% missing data
   1   (0.921) 0.960 0.988 0.830 0.997 0.949 0.966 
   2   (0.079) 0.040 0.012 0.170 0.003 0.051 0.034 

Locus 121 : 
2 alleles
0.0% missing data
   3   (0.736) 0.827 0.855 0.564 0.654 0.732 0.888 
   4   (0.264) 0.173 0.145 0.436 0.346 0.268 0.112 

Locus 122 : 
2 alleles
0.0% missing data
   1   (0.962) 0.998 0.995 0.991 0.898 0.984 0.986 
   0   (0.038) 0.002 0.005 0.009 0.102 0.016 0.014 

Locus 123 : 
3 alleles
1.6% missing data
   2   (0.727) 0.336 0.850 0.518 0.915 0.813 0.868 
   3   (0.242) 0.662 0.146 0.474 0.031 0.178 0.121 
   0   (0.030) 0.002 0.004 0.007 0.054 0.009 0.011 

Locus 124 : 
2 alleles
0.8% missing data
   1   (0.816) 0.754 0.973 0.812 0.993 0.844 0.655 
   3   (0.184) 0.246 0.027 0.188 0.007 0.156 0.345 

Locus 125 : 
2 alleles
0.0% missing data
   1   (0.898) 0.987 0.552 0.971 0.997 0.853 0.963 
   2   (0.102) 0.013 0.448 0.029 0.003 0.147 0.037 

Locus 126 : 
2 alleles
0.0% missing data
   4   (0.233) 0.320 0.300 0.066 0.242 0.209 0.147 
   2   (0.767) 0.680 0.700 0.934 0.758 0.791 0.853 

Locus 127 : 
2 alleles
0.0% missing data
   3   (0.686) 0.386 0.527 0.912 0.989 0.657 0.672 
   2   (0.314) 0.614 0.473 0.088 0.011 0.343 0.328 

Locus 128 : 
2 alleles
0.8% missing data
   3   (0.775) 0.949 0.652 0.932 0.799 0.783 0.677 
   2   (0.225) 0.051 0.348 0.068 0.201 0.217 0.323 

Locus 129 : 
2 alleles
0.8% missing data
   1   (0.760) 0.926 0.759 0.877 0.980 0.680 0.746 
   3   (0.240) 0.074 0.241 0.123 0.020 0.320 0.254 

Locus 130 : 
2 alleles
0.0% missing data
   3   (0.876) 0.937 0.982 0.820 0.996 0.917 0.732 
   2   (0.124) 0.063 0.018 0.180 0.004 0.083 0.268 

Locus 131 : 
2 alleles
0.0% missing data
   4   (0.642) 0.896 0.574 0.783 0.328 0.640 0.546 
   1   (0.358) 0.104 0.426 0.217 0.672 0.360 0.454 

Locus 132 : 
2 alleles
0.0% missing data
   2   (0.802) 0.903 0.817 0.867 0.993 0.792 0.692 
   4   (0.198) 0.097 0.183 0.133 0.007 0.208 0.308 

Locus 133 : 
2 alleles
0.0% missing data
   3   (0.476) 0.521 0.070 0.460 0.845 0.471 0.568 
   2   (0.524) 0.479 0.930 0.540 0.155 0.529 0.432 

Locus 134 : 
2 alleles
0.8% missing data
   3   (0.772) 0.665 0.966 0.587 0.907 0.820 0.812 
   2   (0.228) 0.335 0.034 0.413 0.093 0.180 0.188 

Locus 135 : 
2 alleles
0.0% missing data
   3   (0.620) 0.599 0.512 0.648 0.900 0.605 0.673 
   2   (0.380) 0.401 0.488 0.352 0.100 0.395 0.327 

Locus 136 : 
2 alleles
0.0% missing data
   4   (0.899) 0.554 0.984 0.974 0.996 0.923 0.915 
   2   (0.101) 0.446 0.016 0.026 0.004 0.077 0.085 

Locus 137 : 
2 alleles
0.0% missing data
   2   (0.924) 0.988 0.989 0.967 0.996 0.922 0.902 
   3   (0.076) 0.012 0.011 0.033 0.004 0.078 0.098 

Locus 138 : 
2 alleles
0.8% missing data
   1   (0.674) 0.813 0.693 0.559 0.492 0.695 0.767 
   3   (0.326) 0.187 0.307 0.441 0.508 0.305 0.233 

Locus 139 : 
2 alleles
0.8% missing data
   2   (0.614) 0.522 0.459 0.848 0.404 0.702 0.492 
   3   (0.386) 0.478 0.541 0.152 0.596 0.298 0.508 

Locus 140 : 
2 alleles
0.0% missing data
   4   (0.708) 0.828 0.641 0.361 0.909 0.751 0.779 
   3   (0.292) 0.172 0.359 0.639 0.091 0.249 0.221 

Locus 141 : 
2 alleles
0.0% missing data
   1   (0.716) 0.616 0.688 0.915 0.774 0.704 0.806 
   4   (0.284) 0.384 0.312 0.085 0.226 0.296 0.194 

Locus 142 : 
2 alleles
0.0% missing data
   3   (0.639) 0.873 0.359 0.462 0.593 0.673 0.650 
   2   (0.361) 0.127 0.641 0.538 0.407 0.327 0.350 

Locus 143 : 
2 alleles
0.0% missing data
   2   (0.937) 0.966 0.991 0.985 0.998 0.937 0.973 
   3   (0.063) 0.034 0.009 0.015 0.002 0.063 0.027 

Locus 144 : 
3 alleles
0.8% missing data
   4   (0.608) 0.459 0.720 0.548 0.944 0.586 0.712 
   1   (0.361) 0.539 0.275 0.444 0.030 0.404 0.275 
   0   (0.031) 0.002 0.004 0.008 0.026 0.010 0.013 

Locus 145 : 
2 alleles
0.0% missing data
   1   (0.183) 0.050 0.026 0.122 0.270 0.216 0.137 
   3   (0.817) 0.950 0.974 0.878 0.730 0.784 0.863 

Locus 146 : 
2 alleles
0.0% missing data
   4   (0.918) 0.876 0.987 0.978 0.997 0.918 0.961 
   1   (0.082) 0.124 0.013 0.022 0.003 0.082 0.039 

Locus 147 : 
2 alleles
0.8% missing data
   1   (0.380) 0.183 0.536 0.428 0.405 0.316 0.536 
   4   (0.620) 0.817 0.464 0.572 0.595 0.684 0.464 

Locus 148 : 
2 alleles
0.0% missing data
   3   (0.728) 0.984 0.322 0.894 0.608 0.666 0.625 
   1   (0.272) 0.016 0.678 0.106 0.392 0.334 0.375 

Locus 149 : 
3 alleles
1.6% missing data
   2   (0.499) 0.438 0.179 0.738 0.591 0.496 0.617 
   3   (0.449) 0.539 0.814 0.249 0.406 0.459 0.363 
   0   (0.052) 0.024 0.007 0.013 0.002 0.045 0.020 

Locus 150 : 
2 alleles
0.0% missing data
   1   (0.719) 0.805 0.958 0.899 0.906 0.596 0.674 
   4   (0.281) 0.195 0.042 0.101 0.094 0.404 0.326 

Locus 151 : 
2 alleles
0.0% missing data
   3   (0.720) 0.889 0.959 0.830 0.404 0.719 0.548 
   2   (0.280) 0.111 0.041 0.170 0.596 0.281 0.452 

Locus 152 : 
2 alleles
0.0% missing data
   4   (0.927) 0.995 0.823 0.968 0.997 0.913 0.972 
   2   (0.073) 0.005 0.177 0.032 0.003 0.087 0.028 

Locus 153 : 
2 alleles
0.0% missing data
   1   (0.639) 0.497 0.672 0.511 0.680 0.703 0.734 
   4   (0.361) 0.503 0.328 0.489 0.320 0.297 0.266 

Locus 154 : 
2 alleles
0.8% missing data
   1   (0.540) 0.105 0.513 0.458 0.893 0.670 0.553 
   3   (0.460) 0.895 0.487 0.542 0.107 0.330 0.447 

Locus 155 : 
2 alleles
0.0% missing data
   3   (0.558) 0.638 0.777 0.465 0.850 0.535 0.432 
   4   (0.442) 0.362 0.223 0.535 0.150 0.465 0.568 

Locus 156 : 
2 alleles
0.8% missing data
   1   (0.808) 0.206 0.972 0.948 0.973 0.852 0.844 
   2   (0.192) 0.794 0.028 0.052 0.027 0.148 0.156 

Locus 157 : 
2 alleles
0.0% missing data
   4   (0.581) 0.557 0.668 0.615 0.755 0.516 0.710 
   2   (0.419) 0.443 0.332 0.385 0.245 0.484 0.290 

Locus 158 : 
2 alleles
0.8% missing data
   1   (0.706) 0.900 0.796 0.870 0.760 0.632 0.685 
   2   (0.294) 0.100 0.204 0.130 0.240 0.368 0.315 

Locus 159 : 
3 alleles
0.8% missing data
   2   (0.824) 0.513 0.975 0.920 0.869 0.860 0.832 
   0   (0.068) 0.004 0.010 0.017 0.128 0.088 0.025 
   3   (0.107) 0.483 0.015 0.063 0.003 0.053 0.143 

Locus 160 : 
3 alleles
0.0% missing data
   1   (0.452) 0.181 0.491 0.361 0.468 0.507 0.601 
   3   (0.514) 0.817 0.503 0.630 0.531 0.452 0.387 
   0   (0.034) 0.002 0.006 0.008 0.001 0.041 0.012 

Locus 161 : 
2 alleles
0.8% missing data
   1   (0.511) 0.536 0.180 0.503 0.512 0.557 0.542 
   4   (0.489) 0.464 0.820 0.497 0.488 0.443 0.458 

Locus 162 : 
3 alleles
3.1% missing data
   1   (0.911) 0.940 0.987 0.977 0.997 0.972 0.699 
   0   (0.058) 0.037 0.008 0.015 0.002 0.018 0.289 
   2   (0.031) 0.024 0.005 0.008 0.001 0.009 0.012 

Locus 163 : 
2 alleles
0.0% missing data
   2   (0.876) 0.653 0.982 0.950 0.855 0.922 0.944 
   3   (0.124) 0.347 0.018 0.050 0.145 0.078 0.056 

Locus 164 : 
3 alleles
0.8% missing data
   4   (0.864) 0.854 0.980 0.958 0.807 0.947 0.834 
   1   (0.106) 0.124 0.016 0.033 0.192 0.044 0.155 
   0   (0.030) 0.021 0.004 0.009 0.001 0.009 0.011 

Locus 165 : 
2 alleles
0.0% missing data
   4   (0.811) 0.679 0.873 0.619 0.828 0.919 0.850 
   1   (0.189) 0.321 0.127 0.381 0.172 0.081 0.150 

Locus 166 : 
2 alleles
0.8% missing data
   2   (0.887) 0.498 0.983 0.667 0.986 0.955 0.950 
   3   (0.113) 0.502 0.017 0.333 0.014 0.045 0.050 

Locus 167 : 
2 alleles
0.0% missing data
   2   (0.654) 0.235 0.637 0.711 0.760 0.729 0.806 
   3   (0.346) 0.765 0.363 0.289 0.240 0.271 0.194 

Locus 168 : 
2 alleles
0.0% missing data
   3   (0.742) 0.779 0.738 0.909 0.911 0.691 0.830 
   2   (0.258) 0.221 0.262 0.091 0.089 0.309 0.170 

Locus 169 : 
3 alleles
2.4% missing data
   4   (0.404) 0.145 0.162 0.341 0.561 0.449 0.630 
   3   (0.543) 0.852 0.830 0.613 0.384 0.515 0.349 
   0   (0.053) 0.003 0.007 0.046 0.055 0.036 0.020 

Locus 170 : 
2 alleles
0.0% missing data
   1   (0.744) 0.687 0.533 0.876 0.549 0.806 0.845 
   3   (0.256) 0.313 0.467 0.124 0.451 0.194 0.155 

Locus 171 : 
3 alleles
3.1% missing data
   2   (0.819) 0.652 0.972 0.942 0.956 0.889 0.799 
   3   (0.146) 0.303 0.023 0.050 0.042 0.101 0.184 
   0   (0.035) 0.045 0.005 0.008 0.001 0.010 0.018 

Locus 172 : 
2 alleles
0.0% missing data
   4   (0.720) 0.726 0.960 0.661 0.608 0.723 0.757 
   1   (0.280) 0.274 0.040 0.339 0.392 0.277 0.243 

Locus 173 : 
2 alleles
0.0% missing data
   2   (0.767) 0.779 0.546 0.708 0.530 0.874 0.818 
   3   (0.233) 0.221 0.454 0.292 0.470 0.126 0.182 

Locus 174 : 
2 alleles
0.0% missing data
   4   (0.723) 0.699 0.851 0.715 0.813 0.771 0.751 
   1   (0.277) 0.301 0.149 0.285 0.187 0.229 0.249 

Locus 175 : 
2 alleles
0.0% missing data
   2   (0.738) 0.622 0.858 0.921 0.767 0.708 0.858 
   4   (0.262) 0.378 0.142 0.079 0.233 0.292 0.142 

Locus 176 : 
2 alleles
0.8% missing data
   4   (0.948) 0.996 0.992 0.840 0.998 0.961 0.980 
   1   (0.052) 0.004 0.008 0.160 0.002 0.039 0.020 

Locus 177 : 
2 alleles
0.0% missing data
   3   (0.503) 0.692 0.662 0.231 0.534 0.444 0.616 
   2   (0.497) 0.308 0.338 0.769 0.466 0.556 0.384 

Locus 178 : 
3 alleles
2.4% missing data
   3   (0.604) 0.828 0.620 0.839 0.654 0.491 0.668 
   2   (0.366) 0.171 0.275 0.155 0.345 0.500 0.320 
   0   (0.030) 0.002 0.105 0.007 0.001 0.009 0.011 

Locus 179 : 
2 alleles
0.0% missing data
   3   (0.899) 0.837 0.986 0.961 0.967 0.933 0.948 
   2   (0.101) 0.163 0.014 0.039 0.033 0.067 0.052 

Locus 180 : 
3 alleles
1.6% missing data
   3   (0.527) 0.173 0.660 0.690 0.799 0.633 0.327 
   2   (0.424) 0.824 0.333 0.258 0.200 0.307 0.642 
   0   (0.049) 0.003 0.007 0.053 0.002 0.060 0.032 

Locus 181 : 
2 alleles
0.0% missing data
   2   (0.735) 0.557 0.962 0.623 0.747 0.757 0.833 
   1   (0.265) 0.443 0.038 0.377 0.253 0.243 0.167 

Locus 182 : 
2 alleles
1.6% missing data
   4   (0.790) 0.916 0.861 0.947 0.534 0.774 0.839 
   2   (0.210) 0.084 0.139 0.053 0.466 0.226 0.161 

Locus 183 : 
2 alleles
0.0% missing data
   4   (0.892) 0.975 0.982 0.963 0.904 0.861 0.959 
   2   (0.108) 0.025 0.018 0.037 0.096 0.139 0.041 

Locus 184 : 
2 alleles
0.0% missing data
   2   (0.882) 0.967 0.773 0.969 0.971 0.939 0.829 
   3   (0.118) 0.033 0.227 0.031 0.029 0.061 0.171 

Locus 185 : 
2 alleles
0.0% missing data
   2   (0.781) 0.724 0.540 0.936 0.808 0.808 0.878 
   3   (0.219) 0.276 0.460 0.064 0.192 0.192 0.122 

Locus 186 : 
2 alleles
0.0% missing data
   2   (0.907) 0.995 0.986 0.978 0.636 0.926 0.801 
   3   (0.093) 0.005 0.014 0.022 0.364 0.074 0.199 

Locus 187 : 
2 alleles
0.0% missing data
   3   (0.902) 0.969 0.771 0.976 0.958 0.938 0.960 
   2   (0.098) 0.031 0.229 0.024 0.042 0.062 0.040 

Locus 188 : 
2 alleles
2.4% missing data
   2   (0.753) 0.566 0.963 0.910 0.741 0.832 0.478 
   3   (0.247) 0.434 0.037 0.090 0.259 0.168 0.522 

Locus 189 : 
3 alleles
3.1% missing data
   3   (0.637) 0.591 0.736 0.733 0.494 0.730 0.578 
   1   (0.312) 0.361 0.256 0.254 0.505 0.233 0.385 
   0   (0.051) 0.049 0.008 0.013 0.001 0.037 0.037 

Locus 190 : 
2 alleles
0.0% missing data
   1   (0.872) 0.954 0.981 0.869 0.995 0.830 0.909 
   5   (0.128) 0.046 0.019 0.131 0.005 0.170 0.091 

Locus 191 : 
2 alleles
0.0% missing data
   1   (0.801) 0.989 0.821 0.947 0.680 0.735 0.700 
   5   (0.199) 0.011 0.179 0.053 0.320 0.265 0.300 

Locus 192 : 
2 alleles
0.0% missing data
   2   (0.579) 0.511 0.245 0.470 0.792 0.616 0.724 
   1   (0.421) 0.489 0.755 0.530 0.208 0.384 0.276 

Locus 193 : 
2 alleles
2.4% missing data
   1   (0.938) 0.903 0.991 0.979 0.998 0.981 0.859 
   4   (0.062) 0.097 0.009 0.021 0.002 0.019 0.141 

Locus 194 : 
2 alleles
0.0% missing data
   3   (0.770) 0.684 0.966 0.733 0.992 0.794 0.545 
   2   (0.230) 0.316 0.034 0.267 0.008 0.206 0.455 

Locus 195 : 
2 alleles
6.3% missing data
   4   (0.577) 0.472 0.678 0.450 0.985 0.548 0.461 
   1   (0.423) 0.528 0.322 0.550 0.015 0.452 0.539 

Locus 196 : 
2 alleles
0.8% missing data
   3   (0.889) 0.977 0.984 0.739 0.764 0.922 0.957 
   2   (0.111) 0.023 0.016 0.261 0.236 0.078 0.043 

Locus 197 : 
2 alleles
0.8% missing data
   3   (0.678) 0.766 0.788 0.893 0.754 0.580 0.768 
   4   (0.322) 0.234 0.212 0.107 0.246 0.420 0.232 

Locus 198 : 
2 alleles
0.0% missing data
   1   (0.964) 0.897 0.995 0.991 0.999 0.990 0.987 
   2   (0.036) 0.103 0.005 0.009 0.001 0.010 0.013 

Locus 199 : 
2 alleles
0.0% missing data
   2   (0.851) 0.556 0.979 0.964 0.995 0.853 0.819 
   3   (0.149) 0.444 0.021 0.036 0.005 0.147 0.181 

Locus 200 : 
2 alleles
0.0% missing data
   2   (0.511) 0.499 0.448 0.191 0.602 0.624 0.434 
   4   (0.489) 0.501 0.552 0.809 0.398 0.376 0.566 

Locus 201 : 
2 alleles
0.8% missing data
   2   (0.718) 0.337 0.959 0.606 0.990 0.652 0.850 
   1   (0.282) 0.663 0.041 0.394 0.010 0.348 0.150 

Locus 202 : 
2 alleles
0.0% missing data
   1   (0.898) 0.994 0.830 0.847 0.747 0.942 0.956 
   3   (0.102) 0.006 0.170 0.153 0.253 0.058 0.044 

Locus 203 : 
2 alleles
0.8% missing data
   2   (0.710) 0.764 0.583 0.640 0.991 0.658 0.776 
   1   (0.290) 0.236 0.417 0.360 0.009 0.342 0.224 

Locus 204 : 
2 alleles
0.0% missing data
   2   (0.866) 0.822 0.981 0.958 0.995 0.744 0.948 
   5   (0.134) 0.178 0.019 0.042 0.005 0.256 0.052 

Locus 205 : 
2 alleles
0.0% missing data
   3   (0.677) 0.884 0.639 0.692 0.649 0.738 0.466 
   1   (0.323) 0.116 0.361 0.308 0.351 0.262 0.534 

Locus 206 : 
2 alleles
0.0% missing data
   4   (0.589) 0.599 0.886 0.848 0.322 0.550 0.487 
   1   (0.411) 0.401 0.114 0.152 0.678 0.450 0.513 

Locus 207 : 
2 alleles
0.8% missing data
   3   (0.814) 0.879 0.654 0.870 0.994 0.788 0.873 
   2   (0.186) 0.121 0.346 0.130 0.006 0.212 0.127 

Locus 208 : 
2 alleles
1.6% missing data
   1   (0.727) 0.532 0.804 0.707 0.991 0.811 0.460 
   2   (0.273) 0.468 0.196 0.293 0.009 0.189 0.540 

Locus 209 : 
3 alleles
0.0% missing data
   3   (0.940) 0.997 0.991 0.985 0.906 0.982 0.978 
   2   (0.031) 0.002 0.005 0.007 0.067 0.009 0.012 
   0   (0.029) 0.002 0.004 0.008 0.027 0.009 0.011 

Locus 210 : 
2 alleles
0.0% missing data
   2   (0.612) 0.443 0.094 0.727 0.979 0.680 0.583 
   4   (0.388) 0.557 0.906 0.273 0.021 0.320 0.417 

Locus 211 : 
2 alleles
0.0% missing data
   2   (0.892) 0.760 0.983 0.806 0.996 0.919 0.958 
   4   (0.108) 0.240 0.017 0.194 0.004 0.081 0.042 

Locus 212 : 
2 alleles
0.0% missing data
   4   (0.738) 0.751 0.852 0.695 0.776 0.805 0.733 
   1   (0.262) 0.249 0.148 0.305 0.224 0.195 0.267 

Locus 213 : 
2 alleles
0.0% missing data
   3   (0.754) 0.619 0.597 0.939 0.218 0.808 0.896 
   2   (0.246) 0.381 0.403 0.061 0.782 0.192 0.104 

Locus 214 : 
2 alleles
0.0% missing data
   1   (0.739) 0.655 0.701 0.903 0.864 0.766 0.780 
   4   (0.261) 0.345 0.299 0.097 0.136 0.234 0.220 

Locus 215 : 
2 alleles
0.0% missing data
   4   (0.308) 0.093 0.521 0.639 0.319 0.331 0.124 
   5   (0.692) 0.907 0.479 0.361 0.681 0.669 0.876 

Locus 216 : 
2 alleles
0.0% missing data
   3   (0.896) 0.806 0.985 0.974 0.904 0.961 0.820 
   1   (0.104) 0.194 0.015 0.026 0.096 0.039 0.180 

Locus 217 : 
2 alleles
0.0% missing data
   3   (0.880) 0.863 0.821 0.972 0.996 0.871 0.955 
   2   (0.120) 0.137 0.179 0.028 0.004 0.129 0.045 

Locus 218 : 
2 alleles
0.0% missing data
   3   (0.429) 0.434 0.066 0.235 0.238 0.558 0.486 
   2   (0.571) 0.566 0.934 0.765 0.762 0.442 0.514 

Locus 219 : 
2 alleles
0.0% missing data
   4   (0.740) 0.286 0.758 0.898 0.991 0.812 0.597 
   2   (0.260) 0.714 0.242 0.102 0.009 0.188 0.403 

Locus 220 : 
2 alleles
0.0% missing data
   3   (0.747) 0.662 0.696 0.893 0.953 0.770 0.765 
   2   (0.253) 0.338 0.304 0.107 0.047 0.230 0.235 

Locus 221 : 
2 alleles
0.0% missing data
   3   (0.792) 0.918 0.697 0.668 0.766 0.852 0.863 
   2   (0.208) 0.082 0.303 0.332 0.234 0.148 0.137 

Locus 222 : 
2 alleles
0.0% missing data
   2   (0.728) 0.490 0.642 0.809 0.991 0.654 0.893 
   3   (0.272) 0.510 0.358 0.191 0.009 0.346 0.107 

Locus 223 : 
2 alleles
0.8% missing data
   1   (0.947) 0.788 0.993 0.987 0.998 0.976 0.973 
   2   (0.053) 0.212 0.007 0.013 0.002 0.024 0.027 

Locus 224 : 
2 alleles
0.0% missing data
   5   (0.771) 0.419 0.862 0.877 0.883 0.803 0.899 
   1   (0.229) 0.581 0.138 0.123 0.117 0.197 0.101 

Locus 225 : 
2 alleles
0.8% missing data
   2   (0.761) 0.783 0.753 0.915 0.643 0.732 0.902 
   3   (0.239) 0.217 0.247 0.085 0.357 0.268 0.098 

Locus 226 : 
2 alleles
0.0% missing data
   3   (0.930) 0.995 0.990 0.628 0.998 0.920 0.975 
   1   (0.070) 0.005 0.010 0.372 0.002 0.080 0.025 

Values of parameters used in structure:
DATAFILE=/Users/ddayan/FRA/small_omy_projects/sf_crooked_river_2021/structure_SFGL_Omy269/project_data,	OUTFILE=/Users/ddayan/FRA/small_omy_projects/sf_crooked_river_2021/structure_SFGL_Omy269/5k10kadmcorr/Results/5k10kadmcorr_run_58,	NUMINDS=127,	NUMLOCI=226,	MISSING=-9,	LABEL=0,	POPDATA=1,	POPFLAG=0,	PHENOTYPE=0,	EXTRACOLS=0,	MAXPOPS=6,	BURNIN=5000,	NUMREPS=10000,	USEPOPINFO=0,	INFERALPHA=1,	INFERLAMBDA=0,	POPSPECIFICLAMBDA=0,	POPALPHAS=0,	COMPUTEPROB=1,	NOADMIX=0,	ADMBURNIN=2500,	UPDATEFREQ=1,	PRINTLIKES=0,	INTERMEDSAVE=0,	PRINTKLD=0,	PRINTNET=0,	PRINTLAMBDA=0,	ANCESTDIST=0,	NUMBOXES=1000,	ANCESTPINT=0.90000,	GENSBACK=2,	MIGRPRIOR=0.05000,	PRINTQHAT=0,	PRINTQSUM=0,	ALPHA=1.0000,	FREQSCORR=1,	FPRIORMEAN=0.0100,	FPRIORSD=0.0500,	ONEFST=0,	LAMBDA=1.0000,	UNIFPRIORALPHA=1,	ALPHAMAX=10.0000,	ALPHAPRIORA=1.0000,	ALPHAPRIORB=2.0000,	ALPHAPROPSD=0.0250,	STARTATPOPINFO=0,	RANDOMIZE=1,	LINKAGE=0,	METROFREQ=10,	REPORTHITRATE=0,	MARKOVPHASE=-1,	PHASED=0,	PLOIDY=2,	PHASEINFO=0	LOCPRIOR=0, 	LOCPRIORINIT=1.000000, 	LOCDATA=0, 	LOCISPOP=0, 	LOCPRIORSTEP=0.100000, 	MAXLOCPRIOR=20.000000, 	SEED=1642738268,	
[STRAT parameters]:    NUMSIMSTATS=1000,	PHENOTYPECOL=-9,	POOLFREQ=10,	LOCUSxONLY=0,	EMERROR=0.00100,	MISSINGPHENO=-9,	