

----------------------------------------------------
STRUCTURE by Pritchard, Stephens and Donnelly (2000)
     and Falush, Stephens and Pritchard (2003)
       Code by Pritchard, Falush and Hubisz
             Version 2.3.4 (Jul 2012)
----------------------------------------------------



Command line arguments:   bin/structure -m "/Users/ddayan/FRA/small_omy_projects/sf_crooked_river_2021/structure_SFGL_Omy269/5k10kadmcorr/mainparams" -e "/Users/ddayan/FRA/small_omy_projects/sf_crooked_river_2021/structure_SFGL_Omy269/5k10kadmcorr/extraparams" 
Input File:    /Users/ddayan/FRA/small_omy_projects/sf_crooked_river_2021/structure_SFGL_Omy269/project_data

Run parameters:
   127 individuals
   226 loci
   4 populations assumed
   5000 Burn-in period
   10000 Reps


--------------------------------------------
Proportion of membership of each pre-defined
 population in each of the 4 clusters

Given    Inferred Clusters              Number of
 Pop       1      2      3      4      Individuals

  1:     0.002  0.004  0.004  0.990       35
  2:     0.801  0.011  0.185  0.003       17
  3:     0.009  0.217  0.722  0.052       41
  4:     0.980  0.005  0.009  0.006       34
--------------------------------------------

Allele-freq. divergence among pops (Net nucleotide distance),
computed using point estimates of P.

      1       2       3       4      
 1      -    0.0651  0.0331  0.0777  
 2   0.0651     -    0.0344  0.0585  
 3   0.0331  0.0344     -    0.0332  
 4   0.0777  0.0585  0.0332     -    

Average distances (expected heterozygosity) between individuals in same cluster:
cluster  1  : 0.3348 
cluster  2  : 0.2745 
cluster  3  : 0.3416 
cluster  4  : 0.2453 

--------------------------------------------
Estimated Ln Prob of Data   = -26592.5
Mean value of ln likelihood = -26330.1
Variance of ln likelihood   = 524.7
Mean value of alpha         = 0.0328

Mean value of Fst_1         = 0.1520
Mean value of Fst_2         = 0.2690
Mean value of Fst_3         = 0.0286
Mean value of Fst_4         = 0.2954


Inferred ancestry of individuals:
     (%Miss) Pop:  Inferred clusters
  1    (0)    1 :  0.001 0.001 0.002 0.996 
  2    (0)    1 :  0.008 0.007 0.007 0.978 
  3    (0)    1 :  0.002 0.001 0.002 0.996 
  4    (0)    1 :  0.002 0.002 0.005 0.991 
  5    (0)    1 :  0.002 0.001 0.003 0.993 
  6    (0)    1 :  0.001 0.002 0.002 0.995 
  7    (0)    1 :  0.001 0.001 0.001 0.997 
  8    (0)    1 :  0.001 0.003 0.003 0.994 
  9    (0)    1 :  0.001 0.001 0.001 0.997 
 10    (0)    1 :  0.002 0.002 0.004 0.992 
 11    (0)    1 :  0.003 0.074 0.013 0.910 
 12    (0)    1 :  0.005 0.004 0.006 0.985 
 13    (0)    1 :  0.001 0.003 0.001 0.995 
 14    (0)    1 :  0.001 0.002 0.002 0.995 
 15    (0)    1 :  0.001 0.001 0.001 0.997 
 16    (0)    1 :  0.001 0.006 0.002 0.990 
 17    (0)    1 :  0.001 0.002 0.010 0.988 
 18    (0)    1 :  0.018 0.004 0.026 0.952 
 19    (0)    1 :  0.001 0.003 0.003 0.994 
 20    (0)    1 :  0.001 0.002 0.001 0.996 
 21    (0)    1 :  0.003 0.002 0.004 0.991 
 22    (0)    1 :  0.002 0.002 0.004 0.992 
 23    (0)    1 :  0.001 0.001 0.001 0.997 
 24    (0)    1 :  0.001 0.002 0.001 0.996 
 25    (0)    1 :  0.005 0.002 0.004 0.989 
 26    (0)    1 :  0.001 0.002 0.001 0.995 
 27    (0)    1 :  0.001 0.001 0.002 0.996 
 28    (0)    1 :  0.001 0.004 0.003 0.992 
 29    (0)    1 :  0.001 0.001 0.002 0.996 
 30    (0)    1 :  0.001 0.001 0.001 0.998 
 31    (0)    1 :  0.001 0.003 0.002 0.994 
 32    (0)    1 :  0.001 0.003 0.002 0.994 
 33    (0)    1 :  0.001 0.001 0.001 0.998 
 34    (0)    1 :  0.001 0.001 0.001 0.997 
 35    (0)    1 :  0.001 0.002 0.002 0.995 
 36    (0)    2 :  0.859 0.002 0.135 0.004 
 37    (0)    2 :  0.983 0.002 0.006 0.008 
 38    (0)    3 :  0.001 0.092 0.903 0.004 
 39    (0)    3 :  0.003 0.002 0.980 0.014 
 40    (0)    3 :  0.008 0.003 0.917 0.072 
 41    (0)    3 :  0.039 0.005 0.954 0.002 
 42    (0)    3 :  0.023 0.181 0.791 0.005 
 43    (0)    2 :  0.997 0.001 0.002 0.001 
 44    (0)    2 :  0.023 0.029 0.936 0.012 
 45    (0)    2 :  0.993 0.002 0.003 0.002 
 46    (0)    2 :  0.989 0.003 0.005 0.003 
 47    (0)    2 :  0.713 0.097 0.185 0.006 
 48    (0)    2 :  0.266 0.002 0.730 0.002 
 49    (0)    2 :  0.393 0.008 0.596 0.003 
 50    (0)    2 :  0.989 0.002 0.009 0.001 
 51    (0)    2 :  0.978 0.012 0.008 0.003 
 52    (0)    3 :  0.003 0.032 0.956 0.008 
 53    (0)    3 :  0.004 0.001 0.971 0.025 
 54    (0)    3 :  0.003 0.007 0.987 0.003 
 55    (0)    3 :  0.042 0.004 0.947 0.007 
 56    (0)    3 :  0.001 0.995 0.002 0.003 
 57    (0)    3 :  0.004 0.005 0.884 0.108 
 58    (0)    3 :  0.004 0.023 0.969 0.004 
 59    (0)    3 :  0.103 0.005 0.890 0.002 
 60    (0)    3 :  0.001 0.996 0.002 0.001 
 61    (0)    3 :  0.001 0.996 0.001 0.002 
 62    (0)    3 :  0.003 0.017 0.977 0.004 
 63    (0)    3 :  0.002 0.010 0.979 0.009 
 64    (0)    3 :  0.002 0.002 0.537 0.459 
 65    (0)    3 :  0.004 0.002 0.581 0.413 
 66    (0)    3 :  0.003 0.001 0.693 0.303 
 67    (0)    3 :  0.011 0.026 0.808 0.155 
 68    (0)    3 :  0.001 0.997 0.002 0.001 
 69    (0)    3 :  0.030 0.001 0.564 0.406 
 70    (0)    3 :  0.001 0.989 0.006 0.004 
 71    (0)    3 :  0.001 0.989 0.004 0.006 
 72    (0)    3 :  0.002 0.993 0.001 0.004 
 73    (0)    3 :  0.005 0.304 0.688 0.004 
 74    (0)    3 :  0.002 0.001 0.993 0.004 
 75    (0)    3 :  0.003 0.002 0.991 0.004 
 76    (0)    3 :  0.004 0.002 0.992 0.002 
 77    (0)    3 :  0.008 0.023 0.964 0.005 
 78    (0)    3 :  0.002 0.044 0.933 0.021 
 79    (0)    3 :  0.003 0.005 0.988 0.004 
 80    (0)    3 :  0.002 0.009 0.987 0.003 
 81    (0)    3 :  0.003 0.019 0.972 0.007 
 82    (0)    3 :  0.024 0.004 0.965 0.007 
 83    (0)    3 :  0.003 0.016 0.967 0.014 
 84    (0)    3 :  0.001 0.090 0.904 0.005 
 85    (0)    3 :  0.002 0.995 0.001 0.002 
 86    (0)    3 :  0.008 0.002 0.987 0.003 
 87    (0)    3 :  0.008 0.004 0.979 0.010 
 88    (0)    2 :  0.995 0.001 0.002 0.001 
 89    (0)    2 :  0.991 0.003 0.005 0.002 
 90    (0)    2 :  0.995 0.002 0.003 0.001 
 91    (0)    2 :  0.475 0.014 0.509 0.002 
 92    (0)    2 :  0.989 0.005 0.004 0.003 
 93    (0)    2 :  0.996 0.001 0.002 0.001 
 94    (0)    4 :  0.991 0.004 0.003 0.003 
 95    (0)    4 :  0.993 0.002 0.004 0.001 
 96    (2)    4 :  0.975 0.009 0.013 0.002 
 97    (0)    4 :  0.945 0.006 0.041 0.008 
 98    (1)    4 :  0.963 0.006 0.027 0.004 
 99    (0)    4 :  0.981 0.006 0.008 0.005 
100    (1)    4 :  0.981 0.008 0.007 0.003 
101    (0)    4 :  0.980 0.002 0.015 0.003 
102    (0)    4 :  0.994 0.003 0.002 0.001 
103    (0)    4 :  0.964 0.014 0.013 0.010 
104    (1)    4 :  0.977 0.015 0.006 0.001 
105    (1)    4 :  0.994 0.002 0.003 0.002 
106    (2)    4 :  0.982 0.007 0.007 0.004 
107    (1)    4 :  0.996 0.002 0.001 0.001 
108    (0)    4 :  0.982 0.009 0.006 0.004 
109    (1)    4 :  0.972 0.001 0.006 0.021 
110    (3)    4 :  0.993 0.004 0.003 0.001 
111    (0)    4 :  0.974 0.004 0.017 0.006 
112    (1)    4 :  0.987 0.002 0.007 0.004 
113    (1)    4 :  0.994 0.002 0.002 0.002 
114    (0)    4 :  0.996 0.001 0.001 0.001 
115    (1)    4 :  0.997 0.001 0.001 0.001 
116    (1)    4 :  0.947 0.007 0.039 0.006 
117    (0)    4 :  0.974 0.001 0.007 0.018 
118    (3)    4 :  0.993 0.002 0.002 0.003 
119    (2)    4 :  0.954 0.005 0.012 0.029 
120    (2)    4 :  0.982 0.006 0.011 0.001 
121    (0)    4 :  0.965 0.002 0.008 0.025 
122    (1)    4 :  0.989 0.007 0.002 0.002 
123    (0)    4 :  0.997 0.001 0.001 0.001 
124   (15)    4 :  0.977 0.012 0.007 0.003 
125    (1)    4 :  0.982 0.006 0.006 0.006 
126    (0)    4 :  0.969 0.020 0.006 0.005 
127    (2)    4 :  0.990 0.002 0.004 0.004 


Estimated Allele Frequencies in each cluster
First column gives estimated ancestral frequencies


Locus 1 : 
2 alleles
0.0% missing data
   3   (0.932) 0.903 0.991 0.951 0.998 
   2   (0.068) 0.097 0.009 0.049 0.002 

Locus 2 : 
2 alleles
0.0% missing data
   2   (0.343) 0.366 0.053 0.382 0.170 
   3   (0.657) 0.634 0.947 0.618 0.830 

Locus 3 : 
2 alleles
0.0% missing data
   2   (0.357) 0.339 0.226 0.357 0.252 
   4   (0.643) 0.661 0.774 0.643 0.748 

Locus 4 : 
2 alleles
0.0% missing data
   1   (0.701) 0.925 0.379 0.682 0.887 
   4   (0.299) 0.075 0.621 0.318 0.113 

Locus 5 : 
2 alleles
3.1% missing data
   2   (0.812) 0.741 0.974 0.819 0.953 
   1   (0.188) 0.259 0.026 0.181 0.047 

Locus 6 : 
2 alleles
2.4% missing data
   1   (0.217) 0.193 0.033 0.204 0.381 
   3   (0.783) 0.807 0.967 0.796 0.619 

Locus 7 : 
2 alleles
0.0% missing data
   2   (0.624) 0.418 0.947 0.635 0.456 
   3   (0.376) 0.582 0.053 0.365 0.544 

Locus 8 : 
2 alleles
2.4% missing data
   1   (0.244) 0.168 0.250 0.216 0.262 
   2   (0.756) 0.832 0.750 0.784 0.738 

Locus 9 : 
2 alleles
0.8% missing data
   4   (0.961) 0.825 0.995 0.986 0.999 
   1   (0.039) 0.175 0.005 0.014 0.001 

Locus 10 : 
2 alleles
0.0% missing data
   3   (0.734) 0.519 0.662 0.746 0.991 
   2   (0.266) 0.481 0.338 0.254 0.009 

Locus 11 : 
2 alleles
0.0% missing data
   2   (0.958) 0.772 0.994 0.983 0.999 
   1   (0.042) 0.228 0.006 0.017 0.001 

Locus 12 : 
2 alleles
0.0% missing data
   1   (0.516) 0.282 0.241 0.558 0.823 
   4   (0.484) 0.718 0.759 0.442 0.177 

Locus 13 : 
2 alleles
0.8% missing data
   2   (0.686) 0.589 0.795 0.711 0.800 
   4   (0.314) 0.411 0.205 0.289 0.200 

Locus 14 : 
2 alleles
0.0% missing data
   4   (0.685) 0.580 0.545 0.732 0.799 
   2   (0.315) 0.420 0.455 0.268 0.201 

Locus 15 : 
2 alleles
0.0% missing data
   4   (0.873) 0.882 0.983 0.860 0.995 
   2   (0.127) 0.118 0.017 0.140 0.005 

Locus 16 : 
2 alleles
0.0% missing data
   1   (0.395) 0.387 0.442 0.358 0.689 
   4   (0.605) 0.613 0.558 0.642 0.311 

Locus 17 : 
2 alleles
0.0% missing data
   4   (0.906) 0.936 0.870 0.933 0.997 
   3   (0.094) 0.064 0.130 0.067 0.003 

Locus 18 : 
2 alleles
0.0% missing data
   2   (0.785) 0.788 0.968 0.788 0.786 
   3   (0.215) 0.212 0.032 0.212 0.214 

Locus 19 : 
2 alleles
0.8% missing data
   4   (0.871) 0.818 0.983 0.887 0.984 
   2   (0.129) 0.182 0.017 0.113 0.016 

Locus 20 : 
2 alleles
0.0% missing data
   2   (0.663) 0.660 0.947 0.648 0.560 
   3   (0.337) 0.340 0.053 0.352 0.440 

Locus 21 : 
2 alleles
0.8% missing data
   2   (0.349) 0.447 0.259 0.330 0.208 
   3   (0.651) 0.553 0.741 0.670 0.792 

Locus 22 : 
2 alleles
0.0% missing data
   4   (0.812) 0.728 0.708 0.871 0.872 
   2   (0.188) 0.272 0.292 0.129 0.128 

Locus 23 : 
2 alleles
2.4% missing data
   1   (0.360) 0.399 0.473 0.311 0.564 
   4   (0.640) 0.601 0.527 0.689 0.436 

Locus 24 : 
2 alleles
0.0% missing data
   3   (0.740) 0.612 0.960 0.690 0.991 
   2   (0.260) 0.388 0.040 0.310 0.009 

Locus 25 : 
2 alleles
0.0% missing data
   3   (0.704) 0.715 0.957 0.704 0.489 
   2   (0.296) 0.285 0.043 0.296 0.511 

Locus 26 : 
2 alleles
0.8% missing data
   2   (0.572) 0.551 0.936 0.519 0.724 
   4   (0.428) 0.449 0.064 0.481 0.276 

Locus 27 : 
2 alleles
1.6% missing data
   1   (0.587) 0.630 0.190 0.619 0.753 
   4   (0.413) 0.370 0.810 0.381 0.247 

Locus 28 : 
2 alleles
3.9% missing data
   3   (0.519) 0.660 0.282 0.517 0.584 
   2   (0.481) 0.340 0.718 0.483 0.416 

Locus 29 : 
2 alleles
0.0% missing data
   4   (0.194) 0.352 0.348 0.117 0.437 
   1   (0.806) 0.648 0.652 0.883 0.563 

Locus 30 : 
2 alleles
0.0% missing data
   1   (0.426) 0.462 0.492 0.395 0.570 
   4   (0.574) 0.538 0.508 0.605 0.430 

Locus 31 : 
2 alleles
3.1% missing data
   2   (0.292) 0.302 0.047 0.286 0.503 
   4   (0.708) 0.698 0.953 0.714 0.497 

Locus 32 : 
2 alleles
0.0% missing data
   4   (0.533) 0.659 0.357 0.524 0.646 
   3   (0.467) 0.341 0.643 0.476 0.354 

Locus 33 : 
2 alleles
0.8% missing data
   2   (0.538) 0.617 0.434 0.534 0.568 
   3   (0.462) 0.383 0.566 0.466 0.432 

Locus 34 : 
2 alleles
0.0% missing data
   3   (0.494) 0.565 0.455 0.480 0.605 
   2   (0.506) 0.435 0.545 0.520 0.395 

Locus 35 : 
2 alleles
0.0% missing data
   4   (0.656) 0.794 0.689 0.579 0.988 
   1   (0.344) 0.206 0.311 0.421 0.012 

Locus 36 : 
2 alleles
0.0% missing data
   4   (0.649) 0.418 0.949 0.645 0.785 
   1   (0.351) 0.582 0.051 0.355 0.215 

Locus 37 : 
2 alleles
0.8% missing data
   2   (0.568) 0.449 0.738 0.558 0.813 
   3   (0.432) 0.551 0.262 0.442 0.187 

Locus 38 : 
2 alleles
0.8% missing data
   1   (0.908) 0.986 0.793 0.919 0.997 
   2   (0.092) 0.014 0.207 0.081 0.003 

Locus 39 : 
2 alleles
1.6% missing data
   2   (0.601) 0.345 0.524 0.614 0.962 
   4   (0.399) 0.655 0.476 0.386 0.038 

Locus 40 : 
2 alleles
0.0% missing data
   1   (0.393) 0.814 0.487 0.299 0.399 
   4   (0.607) 0.186 0.513 0.701 0.601 

Locus 41 : 
2 alleles
0.0% missing data
   2   (0.913) 0.621 0.988 0.960 0.934 
   1   (0.087) 0.379 0.012 0.040 0.066 

Locus 42 : 
2 alleles
0.0% missing data
   2   (0.536) 0.606 0.528 0.533 0.525 
   4   (0.464) 0.394 0.472 0.467 0.475 

Locus 43 : 
2 alleles
0.0% missing data
   2   (0.414) 0.680 0.445 0.356 0.366 
   4   (0.586) 0.320 0.555 0.644 0.634 

Locus 44 : 
3 alleles
1.6% missing data
   3   (0.850) 0.918 0.978 0.883 0.834 
   2   (0.115) 0.079 0.018 0.086 0.165 
   0   (0.034) 0.003 0.004 0.030 0.001 

Locus 45 : 
2 alleles
0.0% missing data
   1   (0.804) 0.788 0.968 0.785 0.982 
   2   (0.196) 0.212 0.032 0.215 0.018 

Locus 46 : 
2 alleles
0.0% missing data
   4   (0.880) 0.954 0.772 0.895 0.996 
   2   (0.120) 0.046 0.228 0.105 0.004 

Locus 47 : 
2 alleles
0.0% missing data
   2   (0.871) 0.949 0.703 0.910 0.957 
   1   (0.129) 0.051 0.297 0.090 0.043 

Locus 48 : 
2 alleles
1.6% missing data
   2   (0.569) 0.523 0.849 0.565 0.430 
   4   (0.431) 0.477 0.151 0.435 0.570 

Locus 49 : 
2 alleles
0.0% missing data
   1   (0.740) 0.650 0.789 0.767 0.913 
   2   (0.260) 0.350 0.211 0.233 0.087 

Locus 50 : 
2 alleles
0.0% missing data
   4   (0.736) 0.737 0.642 0.791 0.437 
   1   (0.264) 0.263 0.358 0.209 0.563 

Locus 51 : 
2 alleles
0.0% missing data
   3   (0.507) 0.669 0.550 0.471 0.567 
   2   (0.493) 0.331 0.450 0.529 0.433 

Locus 52 : 
2 alleles
0.8% missing data
   4   (0.913) 0.877 0.989 0.927 0.997 
   2   (0.087) 0.123 0.011 0.073 0.003 

Locus 53 : 
2 alleles
0.0% missing data
   4   (0.928) 0.630 0.748 0.974 0.998 
   2   (0.072) 0.370 0.252 0.026 0.002 

Locus 54 : 
2 alleles
3.1% missing data
   3   (0.582) 0.707 0.656 0.545 0.836 
   4   (0.418) 0.293 0.344 0.455 0.164 

Locus 55 : 
2 alleles
0.0% missing data
   2   (0.610) 0.774 0.784 0.583 0.594 
   1   (0.390) 0.226 0.216 0.417 0.406 

Locus 56 : 
3 alleles
2.4% missing data
   1   (0.773) 0.730 0.620 0.819 0.993 
   0   (0.085) 0.024 0.115 0.069 0.003 
   4   (0.142) 0.246 0.265 0.111 0.005 

Locus 57 : 
2 alleles
0.0% missing data
   4   (0.896) 0.646 0.986 0.916 0.997 
   1   (0.104) 0.354 0.014 0.084 0.003 

Locus 58 : 
2 alleles
0.0% missing data
   4   (0.872) 0.969 0.981 0.852 0.985 
   2   (0.128) 0.031 0.019 0.148 0.015 

Locus 59 : 
2 alleles
0.0% missing data
   3   (0.870) 0.952 0.982 0.877 0.891 
   2   (0.130) 0.048 0.018 0.123 0.109 

Locus 60 : 
2 alleles
0.0% missing data
   4   (0.756) 0.682 0.771 0.747 0.991 
   2   (0.244) 0.318 0.229 0.253 0.009 

Locus 61 : 
2 alleles
0.0% missing data
   4   (0.871) 0.779 0.826 0.905 0.996 
   2   (0.129) 0.221 0.174 0.095 0.004 

Locus 62 : 
2 alleles
0.0% missing data
   2   (0.749) 0.467 0.966 0.767 0.913 
   1   (0.251) 0.533 0.034 0.233 0.087 

Locus 63 : 
2 alleles
0.0% missing data
   2   (0.418) 0.219 0.717 0.402 0.642 
   1   (0.582) 0.781 0.283 0.598 0.358 

Locus 64 : 
2 alleles
0.0% missing data
   4   (0.831) 0.841 0.762 0.840 0.994 
   2   (0.169) 0.159 0.238 0.160 0.006 

Locus 65 : 
2 alleles
0.8% missing data
   1   (0.887) 0.747 0.978 0.897 0.996 
   4   (0.113) 0.253 0.022 0.103 0.004 

Locus 66 : 
3 alleles
1.6% missing data
   3   (0.598) 0.691 0.540 0.615 0.663 
   2   (0.371) 0.266 0.456 0.374 0.336 
   0   (0.032) 0.043 0.004 0.011 0.001 

Locus 67 : 
2 alleles
0.0% missing data
   1   (0.125) 0.039 0.231 0.093 0.030 
   3   (0.875) 0.961 0.769 0.907 0.970 

Locus 68 : 
2 alleles
0.0% missing data
   2   (0.524) 0.333 0.177 0.577 0.736 
   3   (0.476) 0.667 0.823 0.423 0.264 

Locus 69 : 
2 alleles
0.0% missing data
   4   (0.795) 0.511 0.685 0.830 0.993 
   2   (0.205) 0.489 0.315 0.170 0.007 

Locus 70 : 
3 alleles
0.0% missing data
   1   (0.340) 0.027 0.804 0.365 0.699 
   3   (0.622) 0.971 0.191 0.620 0.147 
   0   (0.038) 0.002 0.005 0.015 0.153 

Locus 71 : 
2 alleles
3.1% missing data
   2   (0.562) 0.742 0.512 0.569 0.215 
   4   (0.438) 0.258 0.488 0.431 0.785 

Locus 72 : 
2 alleles
1.6% missing data
   3   (0.548) 0.702 0.323 0.536 0.712 
   1   (0.452) 0.298 0.677 0.464 0.288 

Locus 73 : 
2 alleles
0.0% missing data
   1   (0.314) 0.351 0.491 0.251 0.538 
   2   (0.686) 0.649 0.509 0.749 0.462 

Locus 74 : 
2 alleles
1.6% missing data
   2   (0.825) 0.938 0.974 0.783 0.981 
   3   (0.175) 0.062 0.026 0.217 0.019 

Locus 75 : 
2 alleles
0.0% missing data
   3   (0.485) 0.659 0.159 0.465 0.788 
   1   (0.515) 0.341 0.841 0.535 0.212 

Locus 76 : 
2 alleles
0.0% missing data
   2   (0.430) 0.184 0.646 0.404 0.922 
   1   (0.570) 0.816 0.354 0.596 0.078 

Locus 77 : 
2 alleles
0.0% missing data
   4   (0.313) 0.104 0.316 0.321 0.480 
   1   (0.687) 0.896 0.684 0.679 0.520 

Locus 78 : 
2 alleles
0.0% missing data
   3   (0.717) 0.825 0.529 0.682 0.990 
   2   (0.283) 0.175 0.471 0.318 0.010 

Locus 79 : 
2 alleles
0.0% missing data
   2   (0.571) 0.523 0.841 0.549 0.719 
   3   (0.429) 0.477 0.159 0.451 0.281 

Locus 80 : 
2 alleles
0.0% missing data
   4   (0.811) 0.786 0.710 0.861 0.871 
   2   (0.189) 0.214 0.290 0.139 0.129 

Locus 81 : 
2 alleles
0.0% missing data
   3   (0.477) 0.580 0.070 0.523 0.339 
   2   (0.523) 0.420 0.930 0.477 0.661 

Locus 82 : 
2 alleles
0.0% missing data
   2   (0.740) 0.688 0.752 0.786 0.719 
   3   (0.260) 0.312 0.248 0.214 0.281 

Locus 83 : 
2 alleles
0.0% missing data
   3   (0.726) 0.469 0.960 0.741 0.883 
   2   (0.274) 0.531 0.040 0.259 0.117 

Locus 84 : 
2 alleles
0.0% missing data
   3   (0.537) 0.416 0.303 0.587 0.442 
   2   (0.463) 0.584 0.697 0.413 0.558 

Locus 85 : 
2 alleles
0.0% missing data
   3   (0.752) 0.818 0.629 0.777 0.875 
   4   (0.248) 0.182 0.371 0.223 0.125 

Locus 86 : 
2 alleles
0.0% missing data
   3   (0.536) 0.847 0.083 0.538 0.446 
   2   (0.464) 0.153 0.917 0.462 0.554 

Locus 87 : 
3 alleles
4.7% missing data
   1   (0.548) 0.429 0.497 0.581 0.713 
   4   (0.420) 0.558 0.485 0.402 0.286 
   0   (0.032) 0.013 0.018 0.017 0.001 

Locus 88 : 
2 alleles
1.6% missing data
   3   (0.815) 0.672 0.974 0.794 0.994 
   1   (0.185) 0.328 0.026 0.206 0.006 

Locus 89 : 
2 alleles
0.0% missing data
   1   (0.567) 0.424 0.491 0.574 0.894 
   4   (0.433) 0.576 0.509 0.426 0.106 

Locus 90 : 
2 alleles
0.8% missing data
   3   (0.746) 0.602 0.537 0.812 0.761 
   2   (0.254) 0.398 0.463 0.188 0.239 

Locus 91 : 
2 alleles
0.0% missing data
   2   (0.685) 0.719 0.741 0.704 0.691 
   4   (0.315) 0.281 0.259 0.296 0.309 

Locus 92 : 
2 alleles
0.0% missing data
   2   (0.775) 0.737 0.738 0.804 0.955 
   4   (0.225) 0.263 0.262 0.196 0.045 

Locus 93 : 
2 alleles
0.0% missing data
   4   (0.908) 0.877 0.986 0.918 0.997 
   1   (0.092) 0.123 0.014 0.082 0.003 

Locus 94 : 
2 alleles
0.0% missing data
   3   (0.788) 0.873 0.966 0.784 0.749 
   1   (0.212) 0.127 0.034 0.216 0.251 

Locus 95 : 
2 alleles
0.0% missing data
   1   (0.062) 0.004 0.008 0.049 0.068 
   3   (0.938) 0.996 0.992 0.951 0.932 

Locus 96 : 
2 alleles
0.0% missing data
   3   (0.557) 0.486 0.535 0.560 0.802 
   2   (0.443) 0.514 0.465 0.440 0.198 

Locus 97 : 
2 alleles
0.0% missing data
   2   (0.735) 0.636 0.758 0.723 0.992 
   1   (0.265) 0.364 0.242 0.277 0.008 

Locus 98 : 
2 alleles
0.0% missing data
   4   (0.759) 0.614 0.962 0.725 0.992 
   2   (0.241) 0.386 0.038 0.275 0.008 

Locus 99 : 
2 alleles
0.8% missing data
   4   (0.840) 0.621 0.761 0.877 0.995 
   1   (0.160) 0.379 0.239 0.123 0.005 

Locus 100 : 
2 alleles
0.8% missing data
   3   (0.432) 0.508 0.667 0.407 0.210 
   2   (0.568) 0.492 0.333 0.593 0.790 

Locus 101 : 
3 alleles
0.0% missing data
   4   (0.478) 0.091 0.512 0.570 0.433 
   2   (0.439) 0.905 0.477 0.342 0.538 
   0   (0.082) 0.005 0.011 0.088 0.029 

Locus 102 : 
2 alleles
2.4% missing data
   2   (0.761) 0.891 0.698 0.770 0.899 
   4   (0.239) 0.109 0.302 0.230 0.101 

Locus 103 : 
3 alleles
0.0% missing data
   4   (0.116) 0.025 0.016 0.096 0.523 
   2   (0.793) 0.970 0.967 0.753 0.474 
   0   (0.092) 0.005 0.018 0.150 0.003 

Locus 104 : 
2 alleles
0.0% missing data
   3   (0.312) 0.178 0.154 0.308 0.566 
   2   (0.688) 0.822 0.846 0.692 0.434 

Locus 105 : 
2 alleles
0.0% missing data
   4   (0.491) 0.417 0.505 0.506 0.412 
   1   (0.509) 0.583 0.495 0.494 0.588 

Locus 106 : 
2 alleles
0.0% missing data
   1   (0.154) 0.181 0.022 0.128 0.176 
   2   (0.846) 0.819 0.978 0.872 0.824 

Locus 107 : 
2 alleles
0.0% missing data
   1   (0.588) 0.481 0.394 0.617 0.793 
   4   (0.412) 0.519 0.606 0.383 0.207 

Locus 108 : 
2 alleles
0.0% missing data
   2   (0.752) 0.826 0.690 0.765 0.927 
   4   (0.248) 0.174 0.310 0.235 0.073 

Locus 109 : 
2 alleles
0.0% missing data
   3   (0.797) 0.794 0.811 0.822 0.966 
   2   (0.203) 0.206 0.189 0.178 0.034 

Locus 110 : 
2 alleles
0.0% missing data
   2   (0.920) 0.917 0.989 0.932 0.997 
   1   (0.080) 0.083 0.011 0.068 0.003 

Locus 111 : 
2 alleles
0.0% missing data
   1   (0.847) 0.733 0.979 0.840 0.994 
   2   (0.153) 0.267 0.021 0.160 0.006 

Locus 112 : 
2 alleles
7.1% missing data
   3   (0.839) 0.875 0.755 0.848 0.995 
   2   (0.161) 0.125 0.245 0.152 0.005 

Locus 113 : 
2 alleles
0.0% missing data
   2   (0.662) 0.865 0.948 0.586 0.742 
   3   (0.338) 0.135 0.052 0.414 0.258 

Locus 114 : 
2 alleles
0.0% missing data
   4   (0.717) 0.703 0.959 0.702 0.805 
   2   (0.283) 0.297 0.041 0.298 0.195 

Locus 115 : 
2 alleles
0.0% missing data
   3   (0.457) 0.537 0.657 0.432 0.341 
   2   (0.543) 0.463 0.343 0.568 0.659 

Locus 116 : 
2 alleles
0.0% missing data
   4   (0.448) 0.573 0.482 0.402 0.689 
   3   (0.552) 0.427 0.518 0.598 0.311 

Locus 117 : 
2 alleles
0.0% missing data
   2   (0.888) 0.896 0.985 0.882 0.995 
   3   (0.112) 0.104 0.015 0.118 0.005 

Locus 118 : 
2 alleles
0.0% missing data
   2   (0.898) 0.911 0.986 0.899 0.997 
   1   (0.102) 0.089 0.014 0.101 0.003 

Locus 119 : 
3 alleles
0.0% missing data
   2   (0.913) 0.917 0.597 0.970 0.971 
   0   (0.028) 0.002 0.004 0.010 0.027 
   3   (0.059) 0.082 0.399 0.020 0.002 

Locus 120 : 
2 alleles
0.0% missing data
   1   (0.926) 0.957 0.986 0.935 0.997 
   2   (0.074) 0.043 0.014 0.065 0.003 

Locus 121 : 
2 alleles
0.0% missing data
   3   (0.721) 0.824 0.849 0.728 0.655 
   4   (0.279) 0.176 0.151 0.272 0.345 

Locus 122 : 
2 alleles
0.0% missing data
   1   (0.965) 0.998 0.996 0.985 0.899 
   0   (0.035) 0.002 0.004 0.015 0.101 

Locus 123 : 
3 alleles
1.6% missing data
   2   (0.710) 0.340 0.842 0.768 0.913 
   3   (0.259) 0.658 0.154 0.221 0.033 
   0   (0.031) 0.002 0.004 0.011 0.054 

Locus 124 : 
2 alleles
0.8% missing data
   1   (0.830) 0.751 0.976 0.811 0.994 
   3   (0.170) 0.249 0.024 0.189 0.006 

Locus 125 : 
2 alleles
0.0% missing data
   1   (0.892) 0.987 0.546 0.896 0.997 
   2   (0.108) 0.013 0.454 0.104 0.003 

Locus 126 : 
2 alleles
0.0% missing data
   4   (0.238) 0.315 0.290 0.183 0.242 
   2   (0.762) 0.685 0.710 0.817 0.758 

Locus 127 : 
2 alleles
0.0% missing data
   3   (0.684) 0.390 0.533 0.703 0.989 
   2   (0.316) 0.610 0.467 0.297 0.011 

Locus 128 : 
2 alleles
0.8% missing data
   3   (0.783) 0.948 0.666 0.790 0.797 
   2   (0.217) 0.052 0.334 0.210 0.203 

Locus 129 : 
2 alleles
0.8% missing data
   1   (0.763) 0.925 0.771 0.726 0.978 
   3   (0.237) 0.075 0.229 0.274 0.022 

Locus 130 : 
2 alleles
0.0% missing data
   3   (0.891) 0.928 0.984 0.880 0.997 
   2   (0.109) 0.072 0.016 0.120 0.003 

Locus 131 : 
2 alleles
0.0% missing data
   4   (0.654) 0.892 0.592 0.648 0.331 
   1   (0.346) 0.108 0.408 0.352 0.669 

Locus 132 : 
2 alleles
0.0% missing data
   2   (0.807) 0.906 0.830 0.779 0.994 
   4   (0.193) 0.094 0.170 0.221 0.006 

Locus 133 : 
2 alleles
0.0% missing data
   3   (0.478) 0.522 0.070 0.492 0.843 
   2   (0.522) 0.478 0.930 0.508 0.157 

Locus 134 : 
2 alleles
0.8% missing data
   3   (0.775) 0.662 0.966 0.781 0.908 
   2   (0.225) 0.338 0.034 0.219 0.092 

Locus 135 : 
2 alleles
0.0% missing data
   3   (0.623) 0.598 0.517 0.629 0.895 
   2   (0.377) 0.402 0.483 0.371 0.105 

Locus 136 : 
2 alleles
0.0% missing data
   4   (0.901) 0.560 0.983 0.928 0.996 
   2   (0.099) 0.440 0.017 0.072 0.004 

Locus 137 : 
2 alleles
0.0% missing data
   2   (0.931) 0.988 0.991 0.926 0.997 
   3   (0.069) 0.012 0.009 0.074 0.003 

Locus 138 : 
2 alleles
0.8% missing data
   1   (0.676) 0.811 0.691 0.688 0.491 
   3   (0.324) 0.189 0.309 0.312 0.509 

Locus 139 : 
2 alleles
0.8% missing data
   2   (0.637) 0.516 0.450 0.705 0.405 
   3   (0.363) 0.484 0.550 0.295 0.595 

Locus 140 : 
2 alleles
0.0% missing data
   4   (0.699) 0.825 0.636 0.690 0.909 
   3   (0.301) 0.175 0.364 0.310 0.091 

Locus 141 : 
2 alleles
0.0% missing data
   1   (0.710) 0.620 0.693 0.753 0.771 
   4   (0.290) 0.380 0.307 0.247 0.229 

Locus 142 : 
2 alleles
0.0% missing data
   3   (0.641) 0.870 0.353 0.639 0.595 
   2   (0.359) 0.130 0.647 0.361 0.405 

Locus 143 : 
2 alleles
0.0% missing data
   2   (0.936) 0.966 0.991 0.949 0.998 
   3   (0.064) 0.034 0.009 0.051 0.002 

Locus 144 : 
3 alleles
0.8% missing data
   4   (0.605) 0.462 0.720 0.598 0.942 
   1   (0.366) 0.537 0.276 0.392 0.031 
   0   (0.029) 0.002 0.003 0.010 0.027 

Locus 145 : 
2 alleles
0.0% missing data
   1   (0.170) 0.049 0.024 0.181 0.274 
   3   (0.830) 0.951 0.976 0.819 0.726 

Locus 146 : 
2 alleles
0.0% missing data
   4   (0.916) 0.877 0.987 0.931 0.997 
   1   (0.084) 0.123 0.013 0.069 0.003 

Locus 147 : 
2 alleles
0.8% missing data
   1   (0.366) 0.188 0.538 0.364 0.403 
   4   (0.634) 0.812 0.462 0.636 0.597 

Locus 148 : 
2 alleles
0.0% missing data
   3   (0.735) 0.984 0.330 0.701 0.609 
   1   (0.265) 0.016 0.670 0.299 0.391 

Locus 149 : 
3 alleles
1.6% missing data
   2   (0.504) 0.441 0.196 0.554 0.589 
   3   (0.445) 0.536 0.798 0.410 0.408 
   0   (0.051) 0.024 0.007 0.036 0.003 

Locus 150 : 
2 alleles
0.0% missing data
   1   (0.708) 0.802 0.957 0.656 0.901 
   4   (0.292) 0.198 0.043 0.344 0.099 

Locus 151 : 
2 alleles
0.0% missing data
   3   (0.732) 0.887 0.963 0.707 0.405 
   2   (0.268) 0.113 0.037 0.293 0.595 

Locus 152 : 
2 alleles
0.0% missing data
   4   (0.927) 0.995 0.828 0.931 0.998 
   2   (0.073) 0.005 0.172 0.069 0.002 

Locus 153 : 
2 alleles
0.0% missing data
   1   (0.640) 0.500 0.647 0.681 0.681 
   4   (0.360) 0.500 0.353 0.319 0.319 

Locus 154 : 
2 alleles
0.8% missing data
   1   (0.544) 0.108 0.517 0.611 0.893 
   3   (0.456) 0.892 0.483 0.389 0.107 

Locus 155 : 
2 alleles
0.0% missing data
   3   (0.556) 0.635 0.773 0.506 0.849 
   4   (0.444) 0.365 0.227 0.494 0.151 

Locus 156 : 
2 alleles
0.8% missing data
   1   (0.809) 0.218 0.973 0.859 0.972 
   2   (0.191) 0.782 0.027 0.141 0.028 

Locus 157 : 
2 alleles
0.0% missing data
   4   (0.575) 0.559 0.664 0.567 0.753 
   2   (0.425) 0.441 0.336 0.433 0.247 

Locus 158 : 
2 alleles
0.8% missing data
   1   (0.702) 0.901 0.801 0.673 0.759 
   2   (0.298) 0.099 0.199 0.327 0.241 

Locus 159 : 
3 alleles
0.8% missing data
   2   (0.831) 0.518 0.977 0.867 0.864 
   0   (0.071) 0.004 0.011 0.062 0.133 
   3   (0.098) 0.478 0.013 0.071 0.003 

Locus 160 : 
3 alleles
0.0% missing data
   1   (0.447) 0.183 0.474 0.495 0.469 
   3   (0.518) 0.815 0.517 0.474 0.530 
   0   (0.035) 0.002 0.009 0.031 0.001 

Locus 161 : 
2 alleles
0.8% missing data
   1   (0.520) 0.535 0.184 0.553 0.512 
   4   (0.480) 0.465 0.816 0.447 0.488 

Locus 162 : 
3 alleles
3.1% missing data
   1   (0.893) 0.934 0.986 0.919 0.996 
   0   (0.076) 0.043 0.010 0.070 0.002 
   2   (0.030) 0.023 0.004 0.011 0.001 

Locus 163 : 
2 alleles
0.0% missing data
   2   (0.875) 0.659 0.982 0.922 0.855 
   3   (0.125) 0.341 0.018 0.078 0.145 

Locus 164 : 
3 alleles
0.8% missing data
   4   (0.867) 0.856 0.982 0.921 0.810 
   1   (0.104) 0.122 0.014 0.069 0.189 
   0   (0.029) 0.022 0.004 0.010 0.001 

Locus 165 : 
2 alleles
0.0% missing data
   4   (0.802) 0.681 0.859 0.852 0.830 
   1   (0.198) 0.319 0.141 0.148 0.170 

Locus 166 : 
2 alleles
0.8% missing data
   2   (0.860) 0.502 0.977 0.897 0.984 
   3   (0.140) 0.498 0.023 0.103 0.016 

Locus 167 : 
2 alleles
0.0% missing data
   2   (0.655) 0.245 0.647 0.732 0.758 
   3   (0.345) 0.755 0.353 0.268 0.242 

Locus 168 : 
2 alleles
0.0% missing data
   3   (0.730) 0.784 0.735 0.742 0.910 
   2   (0.270) 0.216 0.265 0.258 0.090 

Locus 169 : 
3 alleles
2.4% missing data
   4   (0.398) 0.152 0.167 0.460 0.560 
   3   (0.549) 0.845 0.826 0.502 0.385 
   0   (0.053) 0.003 0.007 0.037 0.055 

Locus 170 : 
2 alleles
0.0% missing data
   1   (0.755) 0.692 0.536 0.824 0.549 
   3   (0.245) 0.308 0.464 0.176 0.451 

Locus 171 : 
3 alleles
3.1% missing data
   2   (0.826) 0.652 0.974 0.880 0.957 
   3   (0.141) 0.302 0.022 0.108 0.042 
   0   (0.032) 0.046 0.004 0.011 0.001 

Locus 172 : 
2 alleles
0.0% missing data
   4   (0.723) 0.725 0.958 0.722 0.610 
   1   (0.277) 0.275 0.042 0.278 0.390 

Locus 173 : 
2 alleles
0.0% missing data
   2   (0.771) 0.779 0.550 0.833 0.534 
   3   (0.229) 0.221 0.450 0.167 0.466 

Locus 174 : 
2 alleles
0.0% missing data
   4   (0.735) 0.699 0.846 0.761 0.812 
   1   (0.265) 0.301 0.154 0.239 0.188 

Locus 175 : 
2 alleles
0.0% missing data
   2   (0.727) 0.627 0.856 0.762 0.767 
   4   (0.273) 0.373 0.144 0.238 0.233 

Locus 176 : 
2 alleles
0.8% missing data
   4   (0.953) 0.997 0.993 0.946 0.998 
   1   (0.047) 0.003 0.007 0.054 0.002 

Locus 177 : 
2 alleles
0.0% missing data
   3   (0.491) 0.689 0.654 0.437 0.535 
   2   (0.509) 0.311 0.346 0.563 0.465 

Locus 178 : 
3 alleles
2.4% missing data
   3   (0.605) 0.823 0.622 0.588 0.652 
   2   (0.366) 0.175 0.280 0.402 0.347 
   0   (0.029) 0.002 0.098 0.010 0.001 

Locus 179 : 
2 alleles
0.0% missing data
   3   (0.898) 0.843 0.986 0.931 0.967 
   2   (0.102) 0.157 0.014 0.069 0.033 

Locus 180 : 
3 alleles
1.6% missing data
   3   (0.539) 0.179 0.670 0.583 0.798 
   2   (0.412) 0.818 0.324 0.360 0.201 
   0   (0.049) 0.003 0.007 0.057 0.002 

Locus 181 : 
2 alleles
0.0% missing data
   2   (0.730) 0.559 0.961 0.745 0.745 
   1   (0.270) 0.441 0.039 0.255 0.255 

Locus 182 : 
2 alleles
1.6% missing data
   4   (0.789) 0.917 0.868 0.810 0.536 
   2   (0.211) 0.083 0.132 0.190 0.464 

Locus 183 : 
2 alleles
0.0% missing data
   4   (0.882) 0.974 0.979 0.891 0.904 
   2   (0.118) 0.026 0.021 0.109 0.096 

Locus 184 : 
2 alleles
0.0% missing data
   2   (0.888) 0.963 0.786 0.924 0.972 
   3   (0.112) 0.037 0.214 0.076 0.028 

Locus 185 : 
2 alleles
0.0% missing data
   2   (0.779) 0.729 0.544 0.839 0.810 
   3   (0.221) 0.271 0.456 0.161 0.190 

Locus 186 : 
2 alleles
0.0% missing data
   2   (0.911) 0.995 0.988 0.913 0.637 
   3   (0.089) 0.005 0.012 0.087 0.363 

Locus 187 : 
2 alleles
0.0% missing data
   3   (0.902) 0.968 0.787 0.946 0.958 
   2   (0.098) 0.032 0.213 0.054 0.042 

Locus 188 : 
2 alleles
2.4% missing data
   2   (0.744) 0.569 0.964 0.767 0.742 
   3   (0.256) 0.431 0.036 0.233 0.258 

Locus 189 : 
3 alleles
3.1% missing data
   3   (0.646) 0.590 0.747 0.702 0.496 
   1   (0.299) 0.362 0.246 0.261 0.503 
   0   (0.055) 0.048 0.007 0.037 0.002 

Locus 190 : 
2 alleles
0.0% missing data
   1   (0.880) 0.954 0.982 0.851 0.996 
   5   (0.120) 0.046 0.018 0.149 0.004 

Locus 191 : 
2 alleles
0.0% missing data
   1   (0.802) 0.989 0.831 0.763 0.680 
   5   (0.198) 0.011 0.169 0.237 0.320 

Locus 192 : 
2 alleles
0.0% missing data
   2   (0.580) 0.513 0.244 0.616 0.790 
   1   (0.420) 0.487 0.756 0.384 0.210 

Locus 193 : 
2 alleles
2.4% missing data
   1   (0.934) 0.905 0.991 0.954 0.998 
   4   (0.066) 0.095 0.009 0.046 0.002 

Locus 194 : 
2 alleles
0.0% missing data
   3   (0.787) 0.679 0.970 0.752 0.993 
   2   (0.213) 0.321 0.030 0.248 0.007 

Locus 195 : 
2 alleles
6.3% missing data
   4   (0.576) 0.471 0.678 0.520 0.986 
   1   (0.424) 0.529 0.322 0.480 0.014 

Locus 196 : 
2 alleles
0.8% missing data
   3   (0.881) 0.975 0.983 0.893 0.767 
   2   (0.119) 0.025 0.017 0.107 0.233 

Locus 197 : 
2 alleles
0.8% missing data
   3   (0.668) 0.767 0.785 0.660 0.750 
   4   (0.332) 0.233 0.215 0.340 0.250 

Locus 198 : 
2 alleles
0.0% missing data
   1   (0.965) 0.899 0.995 0.988 0.999 
   2   (0.035) 0.101 0.005 0.012 0.001 

Locus 199 : 
2 alleles
0.0% missing data
   2   (0.857) 0.558 0.980 0.867 0.995 
   3   (0.143) 0.442 0.020 0.133 0.005 

Locus 200 : 
2 alleles
0.0% missing data
   2   (0.520) 0.494 0.438 0.529 0.603 
   4   (0.480) 0.506 0.562 0.471 0.397 

Locus 201 : 
2 alleles
0.8% missing data
   2   (0.701) 0.343 0.957 0.666 0.990 
   1   (0.299) 0.657 0.043 0.334 0.010 

Locus 202 : 
2 alleles
0.0% missing data
   1   (0.906) 0.995 0.821 0.934 0.750 
   3   (0.094) 0.005 0.179 0.066 0.250 

Locus 203 : 
2 alleles
0.8% missing data
   2   (0.707) 0.764 0.582 0.676 0.990 
   1   (0.293) 0.236 0.418 0.324 0.010 

Locus 204 : 
2 alleles
0.0% missing data
   2   (0.833) 0.823 0.978 0.805 0.994 
   5   (0.167) 0.177 0.022 0.195 0.006 

Locus 205 : 
2 alleles
0.0% missing data
   3   (0.690) 0.882 0.647 0.682 0.653 
   1   (0.310) 0.118 0.353 0.318 0.347 

Locus 206 : 
2 alleles
0.0% missing data
   4   (0.583) 0.600 0.887 0.576 0.324 
   1   (0.417) 0.400 0.113 0.424 0.676 

Locus 207 : 
2 alleles
0.8% missing data
   3   (0.811) 0.882 0.669 0.807 0.994 
   2   (0.189) 0.118 0.331 0.193 0.006 

Locus 208 : 
2 alleles
1.6% missing data
   1   (0.735) 0.529 0.797 0.737 0.991 
   2   (0.265) 0.471 0.203 0.263 0.009 

Locus 209 : 
3 alleles
0.0% missing data
   3   (0.942) 0.997 0.992 0.980 0.906 
   2   (0.029) 0.002 0.004 0.010 0.067 
   0   (0.030) 0.002 0.004 0.010 0.027 

Locus 210 : 
2 alleles
0.0% missing data
   2   (0.627) 0.450 0.101 0.670 0.979 
   4   (0.373) 0.550 0.899 0.330 0.021 

Locus 211 : 
2 alleles
0.0% missing data
   2   (0.892) 0.764 0.978 0.907 0.996 
   4   (0.108) 0.236 0.022 0.093 0.004 

Locus 212 : 
2 alleles
0.0% missing data
   4   (0.745) 0.749 0.849 0.772 0.777 
   1   (0.255) 0.251 0.151 0.228 0.223 

Locus 213 : 
2 alleles
0.0% missing data
   3   (0.756) 0.623 0.610 0.842 0.221 
   2   (0.244) 0.377 0.390 0.158 0.779 

Locus 214 : 
2 alleles
0.0% missing data
   1   (0.739) 0.660 0.717 0.779 0.864 
   4   (0.261) 0.340 0.283 0.221 0.136 

Locus 215 : 
2 alleles
0.0% missing data
   4   (0.332) 0.095 0.534 0.345 0.318 
   5   (0.668) 0.905 0.466 0.655 0.682 

Locus 216 : 
2 alleles
0.0% missing data
   3   (0.897) 0.803 0.986 0.938 0.905 
   1   (0.103) 0.197 0.014 0.062 0.095 

Locus 217 : 
2 alleles
0.0% missing data
   3   (0.876) 0.864 0.816 0.902 0.996 
   2   (0.124) 0.136 0.184 0.098 0.004 

Locus 218 : 
2 alleles
0.0% missing data
   3   (0.442) 0.432 0.069 0.501 0.240 
   2   (0.558) 0.568 0.931 0.499 0.760 

Locus 219 : 
2 alleles
0.0% missing data
   4   (0.747) 0.291 0.773 0.781 0.992 
   2   (0.253) 0.709 0.227 0.219 0.008 

Locus 220 : 
2 alleles
0.0% missing data
   3   (0.756) 0.664 0.699 0.791 0.952 
   2   (0.244) 0.336 0.301 0.209 0.048 

Locus 221 : 
2 alleles
0.0% missing data
   3   (0.795) 0.917 0.693 0.825 0.769 
   2   (0.205) 0.083 0.307 0.175 0.231 

Locus 222 : 
2 alleles
0.0% missing data
   2   (0.714) 0.496 0.638 0.720 0.991 
   3   (0.286) 0.504 0.362 0.280 0.009 

Locus 223 : 
2 alleles
0.8% missing data
   1   (0.945) 0.794 0.993 0.971 0.998 
   2   (0.055) 0.206 0.007 0.029 0.002 

Locus 224 : 
2 alleles
0.0% missing data
   5   (0.762) 0.426 0.868 0.818 0.884 
   1   (0.238) 0.574 0.132 0.182 0.116 

Locus 225 : 
2 alleles
0.8% missing data
   2   (0.746) 0.786 0.759 0.785 0.641 
   3   (0.254) 0.214 0.241 0.215 0.359 

Locus 226 : 
2 alleles
0.0% missing data
   3   (0.919) 0.995 0.987 0.875 0.997 
   1   (0.081) 0.005 0.013 0.125 0.003 

Values of parameters used in structure:
DATAFILE=/Users/ddayan/FRA/small_omy_projects/sf_crooked_river_2021/structure_SFGL_Omy269/project_data,	OUTFILE=/Users/ddayan/FRA/small_omy_projects/sf_crooked_river_2021/structure_SFGL_Omy269/5k10kadmcorr/Results/5k10kadmcorr_run_31,	NUMINDS=127,	NUMLOCI=226,	MISSING=-9,	LABEL=0,	POPDATA=1,	POPFLAG=0,	PHENOTYPE=0,	EXTRACOLS=0,	MAXPOPS=4,	BURNIN=5000,	NUMREPS=10000,	USEPOPINFO=0,	INFERALPHA=1,	INFERLAMBDA=0,	POPSPECIFICLAMBDA=0,	POPALPHAS=0,	COMPUTEPROB=1,	NOADMIX=0,	ADMBURNIN=2500,	UPDATEFREQ=1,	PRINTLIKES=0,	INTERMEDSAVE=0,	PRINTKLD=0,	PRINTNET=0,	PRINTLAMBDA=0,	ANCESTDIST=0,	NUMBOXES=1000,	ANCESTPINT=0.90000,	GENSBACK=2,	MIGRPRIOR=0.05000,	PRINTQHAT=0,	PRINTQSUM=0,	ALPHA=1.0000,	FREQSCORR=1,	FPRIORMEAN=0.0100,	FPRIORSD=0.0500,	ONEFST=0,	LAMBDA=1.0000,	UNIFPRIORALPHA=1,	ALPHAMAX=10.0000,	ALPHAPRIORA=1.0000,	ALPHAPRIORB=2.0000,	ALPHAPROPSD=0.0250,	STARTATPOPINFO=0,	RANDOMIZE=1,	LINKAGE=0,	METROFREQ=10,	REPORTHITRATE=0,	MARKOVPHASE=-1,	PHASED=0,	PLOIDY=2,	PHASEINFO=0	LOCPRIOR=0, 	LOCPRIORINIT=1.000000, 	LOCDATA=0, 	LOCISPOP=0, 	LOCPRIORSTEP=0.100000, 	MAXLOCPRIOR=20.000000, 	SEED=1642736482,	
[STRAT parameters]:    NUMSIMSTATS=1000,	PHENOTYPECOL=-9,	POOLFREQ=10,	LOCUSxONLY=0,	EMERROR=0.00100,	MISSINGPHENO=-9,	