

----------------------------------------------------
STRUCTURE by Pritchard, Stephens and Donnelly (2000)
     and Falush, Stephens and Pritchard (2003)
       Code by Pritchard, Falush and Hubisz
             Version 2.3.4 (Jul 2012)
----------------------------------------------------



Command line arguments:   bin/structure -m "/Users/ddayan/FRA/small_omy_projects/sf_crooked_river_2021/structure_SFGL_Omy269/5k10kadmcorr/mainparams" -e "/Users/ddayan/FRA/small_omy_projects/sf_crooked_river_2021/structure_SFGL_Omy269/5k10kadmcorr/extraparams" 
Input File:    /Users/ddayan/FRA/small_omy_projects/sf_crooked_river_2021/structure_SFGL_Omy269/project_data

Run parameters:
   127 individuals
   226 loci
   4 populations assumed
   5000 Burn-in period
   10000 Reps


--------------------------------------------
Proportion of membership of each pre-defined
 population in each of the 4 clusters

Given    Inferred Clusters              Number of
 Pop       1      2      3      4      Individuals

  1:     0.004  0.990  0.002  0.004       35
  2:     0.010  0.004  0.806  0.181       17
  3:     0.216  0.048  0.010  0.727       41
  4:     0.005  0.005  0.981  0.008       34
--------------------------------------------

Allele-freq. divergence among pops (Net nucleotide distance),
computed using point estimates of P.

      1       2       3       4      
 1      -    0.0584  0.0651  0.0342  
 2   0.0584     -    0.0776  0.0329  
 3   0.0651  0.0776     -    0.0331  
 4   0.0342  0.0329  0.0331     -    

Average distances (expected heterozygosity) between individuals in same cluster:
cluster  1  : 0.2745 
cluster  2  : 0.2452 
cluster  3  : 0.3349 
cluster  4  : 0.3414 

--------------------------------------------
Estimated Ln Prob of Data   = -26609.1
Mean value of ln likelihood = -26332.5
Variance of ln likelihood   = 553.2
Mean value of alpha         = 0.0327

Mean value of Fst_1         = 0.2693
Mean value of Fst_2         = 0.2959
Mean value of Fst_3         = 0.1522
Mean value of Fst_4         = 0.0289


Inferred ancestry of individuals:
     (%Miss) Pop:  Inferred clusters
  1    (0)    1 :  0.001 0.996 0.001 0.002 
  2    (0)    1 :  0.006 0.979 0.008 0.008 
  3    (0)    1 :  0.001 0.996 0.002 0.001 
  4    (0)    1 :  0.002 0.994 0.002 0.002 
  5    (0)    1 :  0.001 0.994 0.003 0.002 
  6    (0)    1 :  0.002 0.994 0.001 0.003 
  7    (0)    1 :  0.001 0.997 0.001 0.001 
  8    (0)    1 :  0.002 0.993 0.001 0.003 
  9    (0)    1 :  0.001 0.996 0.001 0.002 
 10    (0)    1 :  0.004 0.991 0.001 0.004 
 11    (0)    1 :  0.064 0.923 0.004 0.009 
 12    (0)    1 :  0.003 0.979 0.007 0.011 
 13    (0)    1 :  0.002 0.997 0.000 0.001 
 14    (0)    1 :  0.001 0.996 0.001 0.002 
 15    (0)    1 :  0.002 0.996 0.001 0.002 
 16    (0)    1 :  0.003 0.995 0.001 0.002 
 17    (0)    1 :  0.002 0.983 0.001 0.014 
 18    (0)    1 :  0.003 0.953 0.019 0.026 
 19    (0)    1 :  0.004 0.994 0.001 0.001 
 20    (0)    1 :  0.002 0.996 0.001 0.001 
 21    (0)    1 :  0.002 0.992 0.002 0.005 
 22    (0)    1 :  0.002 0.995 0.002 0.002 
 23    (0)    1 :  0.001 0.998 0.001 0.001 
 24    (0)    1 :  0.002 0.997 0.000 0.001 
 25    (0)    1 :  0.001 0.991 0.005 0.003 
 26    (0)    1 :  0.001 0.996 0.001 0.002 
 27    (0)    1 :  0.001 0.996 0.001 0.001 
 28    (0)    1 :  0.004 0.991 0.001 0.004 
 29    (0)    1 :  0.002 0.995 0.001 0.003 
 30    (0)    1 :  0.001 0.998 0.001 0.001 
 31    (0)    1 :  0.002 0.993 0.002 0.003 
 32    (0)    1 :  0.003 0.993 0.002 0.002 
 33    (0)    1 :  0.001 0.998 0.001 0.001 
 34    (0)    1 :  0.001 0.998 0.001 0.001 
 35    (0)    1 :  0.002 0.995 0.001 0.003 
 36    (0)    2 :  0.003 0.004 0.884 0.109 
 37    (0)    2 :  0.002 0.009 0.984 0.005 
 38    (0)    3 :  0.081 0.007 0.001 0.911 
 39    (0)    3 :  0.002 0.006 0.004 0.987 
 40    (0)    3 :  0.003 0.072 0.011 0.914 
 41    (0)    3 :  0.005 0.004 0.033 0.957 
 42    (0)    3 :  0.146 0.010 0.044 0.800 
 43    (0)    2 :  0.001 0.001 0.995 0.003 
 44    (0)    2 :  0.016 0.006 0.041 0.937 
 45    (0)    2 :  0.001 0.002 0.993 0.004 
 46    (0)    2 :  0.002 0.002 0.991 0.005 
 47    (0)    2 :  0.106 0.010 0.759 0.126 
 48    (0)    2 :  0.003 0.008 0.251 0.738 
 49    (0)    2 :  0.002 0.015 0.401 0.582 
 50    (0)    2 :  0.002 0.001 0.984 0.013 
 51    (0)    2 :  0.010 0.002 0.971 0.017 
 52    (0)    3 :  0.017 0.018 0.003 0.962 
 53    (0)    3 :  0.002 0.022 0.002 0.973 
 54    (0)    3 :  0.012 0.004 0.004 0.980 
 55    (0)    3 :  0.003 0.006 0.032 0.958 
 56    (0)    3 :  0.995 0.003 0.001 0.001 
 57    (0)    3 :  0.003 0.095 0.003 0.898 
 58    (0)    3 :  0.016 0.006 0.004 0.974 
 59    (0)    3 :  0.003 0.005 0.098 0.894 
 60    (0)    3 :  0.997 0.001 0.001 0.001 
 61    (0)    3 :  0.996 0.002 0.001 0.002 
 62    (0)    3 :  0.024 0.004 0.005 0.967 
 63    (0)    3 :  0.007 0.009 0.003 0.981 
 64    (0)    3 :  0.002 0.451 0.002 0.545 
 65    (0)    3 :  0.001 0.363 0.003 0.633 
 66    (0)    3 :  0.002 0.284 0.028 0.686 
 67    (0)    3 :  0.033 0.088 0.010 0.869 
 68    (0)    3 :  0.996 0.001 0.001 0.001 
 69    (0)    3 :  0.001 0.392 0.026 0.581 
 70    (0)    3 :  0.987 0.003 0.002 0.008 
 71    (0)    3 :  0.992 0.005 0.001 0.002 
 72    (0)    3 :  0.995 0.002 0.001 0.002 
 73    (0)    3 :  0.274 0.007 0.002 0.716 
 74    (0)    3 :  0.003 0.006 0.003 0.987 
 75    (0)    3 :  0.003 0.004 0.002 0.991 
 76    (0)    3 :  0.004 0.002 0.004 0.989 
 77    (0)    3 :  0.025 0.006 0.005 0.964 
 78    (0)    3 :  0.050 0.014 0.003 0.933 
 79    (0)    3 :  0.003 0.005 0.003 0.989 
 80    (0)    3 :  0.007 0.003 0.002 0.989 
 81    (0)    3 :  0.015 0.010 0.001 0.974 
 82    (0)    3 :  0.003 0.006 0.020 0.971 
 83    (0)    3 :  0.022 0.006 0.003 0.968 
 84    (0)    3 :  0.109 0.005 0.002 0.884 
 85    (0)    3 :  0.997 0.001 0.001 0.001 
 86    (0)    3 :  0.002 0.001 0.016 0.981 
 87    (0)    3 :  0.004 0.016 0.009 0.971 
 88    (0)    2 :  0.001 0.001 0.995 0.003 
 89    (0)    2 :  0.002 0.001 0.995 0.002 
 90    (0)    2 :  0.002 0.001 0.994 0.003 
 91    (0)    2 :  0.007 0.002 0.472 0.519 
 92    (0)    2 :  0.004 0.002 0.989 0.005 
 93    (0)    2 :  0.001 0.001 0.997 0.001 
 94    (0)    4 :  0.002 0.003 0.994 0.002 
 95    (0)    4 :  0.003 0.002 0.991 0.004 
 96    (2)    4 :  0.008 0.002 0.978 0.012 
 97    (0)    4 :  0.010 0.007 0.948 0.035 
 98    (1)    4 :  0.007 0.004 0.955 0.034 
 99    (0)    4 :  0.007 0.007 0.980 0.006 
100    (1)    4 :  0.007 0.002 0.982 0.009 
101    (0)    4 :  0.002 0.002 0.986 0.009 
102    (0)    4 :  0.002 0.001 0.995 0.002 
103    (0)    4 :  0.008 0.009 0.973 0.010 
104    (1)    4 :  0.023 0.002 0.968 0.007 
105    (1)    4 :  0.001 0.002 0.996 0.001 
106    (2)    4 :  0.010 0.006 0.978 0.006 
107    (1)    4 :  0.002 0.001 0.995 0.002 
108    (0)    4 :  0.011 0.004 0.981 0.003 
109    (1)    4 :  0.002 0.025 0.965 0.008 
110    (3)    4 :  0.003 0.001 0.994 0.002 
111    (0)    4 :  0.002 0.006 0.984 0.008 
112    (1)    4 :  0.002 0.002 0.993 0.004 
113    (1)    4 :  0.002 0.001 0.995 0.002 
114    (0)    4 :  0.001 0.001 0.997 0.001 
115    (1)    4 :  0.001 0.002 0.995 0.002 
116    (1)    4 :  0.006 0.006 0.941 0.047 
117    (0)    4 :  0.002 0.014 0.979 0.005 
118    (3)    4 :  0.002 0.003 0.991 0.004 
119    (2)    4 :  0.004 0.016 0.969 0.011 
120    (2)    4 :  0.003 0.002 0.989 0.007 
121    (0)    4 :  0.004 0.021 0.968 0.007 
122    (1)    4 :  0.004 0.002 0.992 0.002 
123    (0)    4 :  0.001 0.001 0.996 0.001 
124   (15)    4 :  0.014 0.004 0.974 0.008 
125    (1)    4 :  0.007 0.009 0.972 0.012 
126    (0)    4 :  0.012 0.004 0.977 0.007 
127    (2)    4 :  0.002 0.004 0.992 0.003 


Estimated Allele Frequencies in each cluster
First column gives estimated ancestral frequencies


Locus 1 : 
2 alleles
0.0% missing data
   3   (0.932) 0.991 0.998 0.902 0.952 
   2   (0.068) 0.009 0.002 0.098 0.048 

Locus 2 : 
2 alleles
0.0% missing data
   2   (0.345) 0.053 0.170 0.367 0.382 
   3   (0.655) 0.947 0.830 0.633 0.618 

Locus 3 : 
2 alleles
0.0% missing data
   2   (0.357) 0.227 0.252 0.338 0.357 
   4   (0.643) 0.773 0.748 0.662 0.643 

Locus 4 : 
2 alleles
0.0% missing data
   1   (0.700) 0.380 0.887 0.924 0.681 
   4   (0.300) 0.620 0.113 0.076 0.319 

Locus 5 : 
2 alleles
3.1% missing data
   2   (0.813) 0.974 0.952 0.741 0.819 
   1   (0.187) 0.026 0.048 0.259 0.181 

Locus 6 : 
2 alleles
2.4% missing data
   1   (0.218) 0.032 0.379 0.193 0.206 
   3   (0.782) 0.968 0.621 0.807 0.794 

Locus 7 : 
2 alleles
0.0% missing data
   2   (0.624) 0.947 0.456 0.419 0.634 
   3   (0.376) 0.053 0.544 0.581 0.366 

Locus 8 : 
2 alleles
2.4% missing data
   1   (0.244) 0.248 0.264 0.168 0.215 
   2   (0.756) 0.752 0.736 0.832 0.785 

Locus 9 : 
2 alleles
0.8% missing data
   4   (0.962) 0.995 0.999 0.825 0.987 
   1   (0.038) 0.005 0.001 0.175 0.013 

Locus 10 : 
2 alleles
0.0% missing data
   3   (0.737) 0.660 0.991 0.519 0.750 
   2   (0.263) 0.340 0.009 0.481 0.250 

Locus 11 : 
2 alleles
0.0% missing data
   2   (0.955) 0.994 0.999 0.772 0.982 
   1   (0.045) 0.006 0.001 0.228 0.018 

Locus 12 : 
2 alleles
0.0% missing data
   1   (0.516) 0.247 0.823 0.281 0.558 
   4   (0.484) 0.753 0.177 0.719 0.442 

Locus 13 : 
2 alleles
0.8% missing data
   2   (0.687) 0.795 0.800 0.591 0.713 
   4   (0.313) 0.205 0.200 0.409 0.287 

Locus 14 : 
2 alleles
0.0% missing data
   4   (0.688) 0.548 0.799 0.580 0.734 
   2   (0.312) 0.452 0.201 0.420 0.266 

Locus 15 : 
2 alleles
0.0% missing data
   4   (0.873) 0.983 0.996 0.881 0.861 
   2   (0.127) 0.017 0.004 0.119 0.139 

Locus 16 : 
2 alleles
0.0% missing data
   1   (0.397) 0.451 0.689 0.386 0.359 
   4   (0.603) 0.549 0.311 0.614 0.641 

Locus 17 : 
2 alleles
0.0% missing data
   4   (0.906) 0.870 0.997 0.936 0.932 
   3   (0.094) 0.130 0.003 0.064 0.068 

Locus 18 : 
2 alleles
0.0% missing data
   2   (0.782) 0.967 0.786 0.788 0.786 
   3   (0.218) 0.033 0.214 0.212 0.214 

Locus 19 : 
2 alleles
0.8% missing data
   4   (0.868) 0.982 0.983 0.819 0.886 
   2   (0.132) 0.018 0.017 0.181 0.114 

Locus 20 : 
2 alleles
0.0% missing data
   2   (0.662) 0.948 0.563 0.660 0.647 
   3   (0.338) 0.052 0.437 0.340 0.353 

Locus 21 : 
2 alleles
0.8% missing data
   2   (0.350) 0.260 0.207 0.447 0.331 
   3   (0.650) 0.740 0.793 0.553 0.669 

Locus 22 : 
2 alleles
0.0% missing data
   4   (0.813) 0.708 0.871 0.726 0.873 
   2   (0.187) 0.292 0.129 0.274 0.127 

Locus 23 : 
2 alleles
2.4% missing data
   1   (0.360) 0.471 0.565 0.398 0.312 
   4   (0.640) 0.529 0.435 0.602 0.688 

Locus 24 : 
2 alleles
0.0% missing data
   3   (0.741) 0.960 0.991 0.612 0.691 
   2   (0.259) 0.040 0.009 0.388 0.309 

Locus 25 : 
2 alleles
0.0% missing data
   3   (0.706) 0.957 0.491 0.715 0.705 
   2   (0.294) 0.043 0.509 0.285 0.295 

Locus 26 : 
2 alleles
0.8% missing data
   2   (0.574) 0.936 0.723 0.550 0.521 
   4   (0.426) 0.064 0.277 0.450 0.479 

Locus 27 : 
2 alleles
1.6% missing data
   1   (0.586) 0.190 0.754 0.628 0.618 
   4   (0.414) 0.810 0.246 0.372 0.382 

Locus 28 : 
2 alleles
3.9% missing data
   3   (0.522) 0.284 0.584 0.660 0.517 
   2   (0.478) 0.716 0.416 0.340 0.483 

Locus 29 : 
2 alleles
0.0% missing data
   4   (0.197) 0.344 0.440 0.352 0.118 
   1   (0.803) 0.656 0.560 0.648 0.882 

Locus 30 : 
2 alleles
0.0% missing data
   1   (0.428) 0.497 0.571 0.460 0.395 
   4   (0.572) 0.503 0.429 0.540 0.605 

Locus 31 : 
2 alleles
3.1% missing data
   2   (0.290) 0.046 0.502 0.302 0.284 
   4   (0.710) 0.954 0.498 0.698 0.716 

Locus 32 : 
2 alleles
0.0% missing data
   4   (0.536) 0.353 0.646 0.658 0.527 
   3   (0.464) 0.647 0.354 0.342 0.473 

Locus 33 : 
2 alleles
0.8% missing data
   2   (0.534) 0.439 0.568 0.617 0.531 
   3   (0.466) 0.561 0.432 0.383 0.469 

Locus 34 : 
2 alleles
0.0% missing data
   3   (0.496) 0.452 0.607 0.565 0.481 
   2   (0.504) 0.548 0.393 0.435 0.519 

Locus 35 : 
2 alleles
0.0% missing data
   4   (0.657) 0.686 0.988 0.794 0.580 
   1   (0.343) 0.314 0.012 0.206 0.420 

Locus 36 : 
2 alleles
0.0% missing data
   4   (0.649) 0.946 0.787 0.418 0.646 
   1   (0.351) 0.054 0.213 0.582 0.354 

Locus 37 : 
2 alleles
0.8% missing data
   2   (0.566) 0.735 0.813 0.450 0.559 
   3   (0.434) 0.265 0.187 0.550 0.441 

Locus 38 : 
2 alleles
0.8% missing data
   1   (0.910) 0.795 0.997 0.987 0.920 
   2   (0.090) 0.205 0.003 0.013 0.080 

Locus 39 : 
2 alleles
1.6% missing data
   2   (0.602) 0.522 0.962 0.347 0.615 
   4   (0.398) 0.478 0.038 0.653 0.385 

Locus 40 : 
2 alleles
0.0% missing data
   1   (0.394) 0.484 0.400 0.815 0.299 
   4   (0.606) 0.516 0.600 0.185 0.701 

Locus 41 : 
2 alleles
0.0% missing data
   2   (0.913) 0.988 0.933 0.622 0.960 
   1   (0.087) 0.012 0.067 0.378 0.040 

Locus 42 : 
2 alleles
0.0% missing data
   2   (0.540) 0.524 0.525 0.605 0.537 
   4   (0.460) 0.476 0.475 0.395 0.463 

Locus 43 : 
2 alleles
0.0% missing data
   2   (0.411) 0.445 0.364 0.679 0.357 
   4   (0.589) 0.555 0.636 0.321 0.643 

Locus 44 : 
3 alleles
1.6% missing data
   3   (0.851) 0.978 0.835 0.917 0.885 
   2   (0.113) 0.017 0.164 0.080 0.085 
   0   (0.036) 0.005 0.001 0.003 0.031 

Locus 45 : 
2 alleles
0.0% missing data
   1   (0.804) 0.969 0.983 0.789 0.784 
   2   (0.196) 0.031 0.017 0.211 0.216 

Locus 46 : 
2 alleles
0.0% missing data
   4   (0.883) 0.767 0.996 0.954 0.898 
   2   (0.117) 0.233 0.004 0.046 0.102 

Locus 47 : 
2 alleles
0.0% missing data
   2   (0.872) 0.706 0.957 0.949 0.911 
   1   (0.128) 0.294 0.043 0.051 0.089 

Locus 48 : 
2 alleles
1.6% missing data
   2   (0.570) 0.847 0.430 0.525 0.566 
   4   (0.430) 0.153 0.570 0.475 0.434 

Locus 49 : 
2 alleles
0.0% missing data
   1   (0.740) 0.793 0.913 0.649 0.768 
   2   (0.260) 0.207 0.087 0.351 0.232 

Locus 50 : 
2 alleles
0.0% missing data
   4   (0.731) 0.642 0.435 0.738 0.789 
   1   (0.269) 0.358 0.565 0.262 0.211 

Locus 51 : 
2 alleles
0.0% missing data
   3   (0.507) 0.551 0.565 0.670 0.473 
   2   (0.493) 0.449 0.435 0.330 0.527 

Locus 52 : 
2 alleles
0.8% missing data
   4   (0.912) 0.988 0.997 0.878 0.927 
   2   (0.088) 0.012 0.003 0.122 0.073 

Locus 53 : 
2 alleles
0.0% missing data
   4   (0.929) 0.745 0.998 0.630 0.974 
   2   (0.071) 0.255 0.002 0.370 0.026 

Locus 54 : 
2 alleles
3.1% missing data
   3   (0.583) 0.658 0.836 0.707 0.546 
   4   (0.417) 0.342 0.164 0.293 0.454 

Locus 55 : 
2 alleles
0.0% missing data
   2   (0.614) 0.781 0.592 0.774 0.586 
   1   (0.386) 0.219 0.408 0.226 0.414 

Locus 56 : 
3 alleles
2.4% missing data
   1   (0.771) 0.620 0.993 0.731 0.820 
   0   (0.087) 0.113 0.003 0.024 0.070 
   4   (0.142) 0.266 0.004 0.245 0.110 

Locus 57 : 
2 alleles
0.0% missing data
   4   (0.894) 0.985 0.997 0.646 0.915 
   1   (0.106) 0.015 0.003 0.354 0.085 

Locus 58 : 
2 alleles
0.0% missing data
   4   (0.873) 0.981 0.985 0.969 0.852 
   2   (0.127) 0.019 0.015 0.031 0.148 

Locus 59 : 
2 alleles
0.0% missing data
   3   (0.870) 0.983 0.890 0.952 0.878 
   2   (0.130) 0.017 0.110 0.048 0.122 

Locus 60 : 
2 alleles
0.0% missing data
   4   (0.756) 0.769 0.992 0.683 0.749 
   2   (0.244) 0.231 0.008 0.317 0.251 

Locus 61 : 
2 alleles
0.0% missing data
   4   (0.872) 0.827 0.996 0.779 0.905 
   2   (0.128) 0.173 0.004 0.221 0.095 

Locus 62 : 
2 alleles
0.0% missing data
   2   (0.753) 0.967 0.913 0.468 0.770 
   1   (0.247) 0.033 0.087 0.532 0.230 

Locus 63 : 
2 alleles
0.0% missing data
   2   (0.420) 0.714 0.643 0.218 0.405 
   1   (0.580) 0.286 0.357 0.782 0.595 

Locus 64 : 
2 alleles
0.0% missing data
   4   (0.830) 0.762 0.994 0.841 0.841 
   2   (0.170) 0.238 0.006 0.159 0.159 

Locus 65 : 
2 alleles
0.8% missing data
   1   (0.884) 0.979 0.996 0.747 0.897 
   4   (0.116) 0.021 0.004 0.253 0.103 

Locus 66 : 
3 alleles
1.6% missing data
   3   (0.599) 0.537 0.662 0.692 0.616 
   2   (0.369) 0.458 0.337 0.265 0.373 
   0   (0.032) 0.004 0.001 0.043 0.011 

Locus 67 : 
2 alleles
0.0% missing data
   1   (0.127) 0.236 0.030 0.039 0.094 
   3   (0.873) 0.764 0.970 0.961 0.906 

Locus 68 : 
2 alleles
0.0% missing data
   2   (0.526) 0.180 0.735 0.334 0.578 
   3   (0.474) 0.820 0.265 0.666 0.422 

Locus 69 : 
2 alleles
0.0% missing data
   4   (0.795) 0.686 0.994 0.512 0.831 
   2   (0.205) 0.314 0.006 0.488 0.169 

Locus 70 : 
3 alleles
0.0% missing data
   1   (0.346) 0.805 0.698 0.028 0.371 
   3   (0.618) 0.191 0.148 0.970 0.615 
   0   (0.036) 0.005 0.155 0.002 0.015 

Locus 71 : 
2 alleles
3.1% missing data
   2   (0.558) 0.512 0.216 0.743 0.566 
   4   (0.442) 0.488 0.784 0.257 0.434 

Locus 72 : 
2 alleles
1.6% missing data
   3   (0.546) 0.325 0.709 0.699 0.537 
   1   (0.454) 0.675 0.291 0.301 0.463 

Locus 73 : 
2 alleles
0.0% missing data
   1   (0.310) 0.488 0.537 0.350 0.252 
   2   (0.690) 0.512 0.463 0.650 0.748 

Locus 74 : 
2 alleles
1.6% missing data
   2   (0.826) 0.974 0.982 0.938 0.784 
   3   (0.174) 0.026 0.018 0.062 0.216 

Locus 75 : 
2 alleles
0.0% missing data
   3   (0.489) 0.161 0.788 0.659 0.469 
   1   (0.511) 0.839 0.212 0.341 0.531 

Locus 76 : 
2 alleles
0.0% missing data
   2   (0.435) 0.650 0.922 0.184 0.408 
   1   (0.565) 0.350 0.078 0.816 0.592 

Locus 77 : 
2 alleles
0.0% missing data
   4   (0.312) 0.313 0.480 0.103 0.321 
   1   (0.688) 0.687 0.520 0.897 0.679 

Locus 78 : 
2 alleles
0.0% missing data
   3   (0.717) 0.524 0.990 0.823 0.685 
   2   (0.283) 0.476 0.010 0.177 0.315 

Locus 79 : 
2 alleles
0.0% missing data
   2   (0.571) 0.841 0.719 0.522 0.550 
   3   (0.429) 0.159 0.281 0.478 0.450 

Locus 80 : 
2 alleles
0.0% missing data
   4   (0.809) 0.709 0.871 0.786 0.861 
   2   (0.191) 0.291 0.129 0.214 0.139 

Locus 81 : 
2 alleles
0.0% missing data
   3   (0.478) 0.071 0.338 0.582 0.523 
   2   (0.522) 0.929 0.662 0.418 0.477 

Locus 82 : 
2 alleles
0.0% missing data
   2   (0.738) 0.747 0.721 0.688 0.783 
   3   (0.262) 0.253 0.279 0.312 0.217 

Locus 83 : 
2 alleles
0.0% missing data
   3   (0.729) 0.959 0.883 0.469 0.743 
   2   (0.271) 0.041 0.117 0.531 0.257 

Locus 84 : 
2 alleles
0.0% missing data
   3   (0.535) 0.303 0.443 0.415 0.585 
   2   (0.465) 0.697 0.557 0.585 0.415 

Locus 85 : 
2 alleles
0.0% missing data
   3   (0.752) 0.633 0.877 0.817 0.777 
   4   (0.248) 0.367 0.123 0.183 0.223 

Locus 86 : 
2 alleles
0.0% missing data
   3   (0.534) 0.084 0.445 0.846 0.539 
   2   (0.466) 0.916 0.555 0.154 0.461 

Locus 87 : 
3 alleles
4.7% missing data
   1   (0.547) 0.498 0.713 0.429 0.582 
   4   (0.421) 0.483 0.286 0.556 0.402 
   0   (0.032) 0.019 0.001 0.016 0.015 

Locus 88 : 
2 alleles
1.6% missing data
   3   (0.816) 0.975 0.994 0.673 0.795 
   1   (0.184) 0.025 0.006 0.327 0.205 

Locus 89 : 
2 alleles
0.0% missing data
   1   (0.568) 0.494 0.894 0.426 0.575 
   4   (0.432) 0.506 0.106 0.574 0.425 

Locus 90 : 
2 alleles
0.8% missing data
   3   (0.744) 0.539 0.761 0.603 0.809 
   2   (0.256) 0.461 0.239 0.397 0.191 

Locus 91 : 
2 alleles
0.0% missing data
   2   (0.684) 0.741 0.690 0.719 0.704 
   4   (0.316) 0.259 0.310 0.281 0.296 

Locus 92 : 
2 alleles
0.0% missing data
   2   (0.774) 0.736 0.956 0.737 0.804 
   4   (0.226) 0.264 0.044 0.263 0.196 

Locus 93 : 
2 alleles
0.0% missing data
   4   (0.910) 0.987 0.997 0.876 0.920 
   1   (0.090) 0.013 0.003 0.124 0.080 

Locus 94 : 
2 alleles
0.0% missing data
   3   (0.787) 0.965 0.749 0.872 0.783 
   1   (0.213) 0.035 0.251 0.128 0.217 

Locus 95 : 
2 alleles
0.0% missing data
   1   (0.062) 0.009 0.069 0.004 0.050 
   3   (0.938) 0.991 0.931 0.996 0.950 

Locus 96 : 
2 alleles
0.0% missing data
   3   (0.558) 0.532 0.803 0.487 0.561 
   2   (0.442) 0.468 0.197 0.513 0.439 

Locus 97 : 
2 alleles
0.0% missing data
   2   (0.736) 0.759 0.992 0.638 0.724 
   1   (0.264) 0.241 0.008 0.362 0.276 

Locus 98 : 
2 alleles
0.0% missing data
   4   (0.761) 0.964 0.992 0.615 0.726 
   2   (0.239) 0.036 0.008 0.385 0.274 

Locus 99 : 
2 alleles
0.8% missing data
   4   (0.840) 0.760 0.995 0.621 0.878 
   1   (0.160) 0.240 0.005 0.379 0.122 

Locus 100 : 
2 alleles
0.8% missing data
   3   (0.434) 0.662 0.212 0.509 0.408 
   2   (0.566) 0.338 0.788 0.491 0.592 

Locus 101 : 
3 alleles
0.0% missing data
   4   (0.478) 0.512 0.436 0.091 0.569 
   2   (0.442) 0.478 0.537 0.905 0.343 
   0   (0.080) 0.010 0.027 0.004 0.088 

Locus 102 : 
2 alleles
2.4% missing data
   2   (0.762) 0.694 0.899 0.891 0.770 
   4   (0.238) 0.306 0.101 0.109 0.230 

Locus 103 : 
3 alleles
0.0% missing data
   4   (0.115) 0.015 0.522 0.024 0.098 
   2   (0.795) 0.968 0.476 0.971 0.751 
   0   (0.090) 0.017 0.003 0.005 0.151 

Locus 104 : 
2 alleles
0.0% missing data
   3   (0.310) 0.152 0.566 0.178 0.306 
   2   (0.690) 0.848 0.434 0.822 0.694 

Locus 105 : 
2 alleles
0.0% missing data
   4   (0.490) 0.505 0.411 0.418 0.505 
   1   (0.510) 0.495 0.589 0.582 0.495 

Locus 106 : 
2 alleles
0.0% missing data
   1   (0.155) 0.020 0.178 0.180 0.128 
   2   (0.845) 0.980 0.822 0.820 0.872 

Locus 107 : 
2 alleles
0.0% missing data
   1   (0.586) 0.398 0.793 0.480 0.617 
   4   (0.414) 0.602 0.207 0.520 0.383 

Locus 108 : 
2 alleles
0.0% missing data
   2   (0.751) 0.693 0.926 0.826 0.765 
   4   (0.249) 0.307 0.074 0.174 0.235 

Locus 109 : 
2 alleles
0.0% missing data
   3   (0.799) 0.811 0.966 0.795 0.823 
   2   (0.201) 0.189 0.034 0.205 0.177 

Locus 110 : 
2 alleles
0.0% missing data
   2   (0.920) 0.989 0.997 0.918 0.932 
   1   (0.080) 0.011 0.003 0.082 0.068 

Locus 111 : 
2 alleles
0.0% missing data
   1   (0.850) 0.980 0.994 0.732 0.843 
   2   (0.150) 0.020 0.006 0.268 0.157 

Locus 112 : 
2 alleles
7.1% missing data
   3   (0.840) 0.756 0.995 0.875 0.848 
   2   (0.160) 0.244 0.005 0.125 0.152 

Locus 113 : 
2 alleles
0.0% missing data
   2   (0.662) 0.950 0.740 0.866 0.584 
   3   (0.338) 0.050 0.260 0.134 0.416 

Locus 114 : 
2 alleles
0.0% missing data
   4   (0.718) 0.959 0.805 0.701 0.703 
   2   (0.282) 0.041 0.195 0.299 0.297 

Locus 115 : 
2 alleles
0.0% missing data
   3   (0.461) 0.656 0.338 0.536 0.436 
   2   (0.539) 0.344 0.662 0.464 0.564 

Locus 116 : 
2 alleles
0.0% missing data
   4   (0.450) 0.484 0.688 0.572 0.404 
   3   (0.550) 0.516 0.312 0.428 0.596 

Locus 117 : 
2 alleles
0.0% missing data
   2   (0.889) 0.985 0.995 0.896 0.884 
   3   (0.111) 0.015 0.005 0.104 0.116 

Locus 118 : 
2 alleles
0.0% missing data
   2   (0.900) 0.987 0.997 0.912 0.901 
   1   (0.100) 0.013 0.003 0.088 0.099 

Locus 119 : 
3 alleles
0.0% missing data
   2   (0.914) 0.593 0.972 0.917 0.971 
   0   (0.030) 0.004 0.027 0.002 0.010 
   3   (0.057) 0.403 0.002 0.081 0.019 

Locus 120 : 
2 alleles
0.0% missing data
   1   (0.926) 0.987 0.997 0.957 0.936 
   2   (0.074) 0.013 0.003 0.043 0.064 

Locus 121 : 
2 alleles
0.0% missing data
   3   (0.722) 0.851 0.655 0.826 0.728 
   4   (0.278) 0.149 0.345 0.174 0.272 

Locus 122 : 
2 alleles
0.0% missing data
   1   (0.964) 0.996 0.898 0.998 0.985 
   0   (0.036) 0.004 0.102 0.002 0.015 

Locus 123 : 
3 alleles
1.6% missing data
   2   (0.711) 0.845 0.913 0.343 0.769 
   3   (0.259) 0.151 0.033 0.656 0.221 
   0   (0.030) 0.004 0.054 0.002 0.010 

Locus 124 : 
2 alleles
0.8% missing data
   1   (0.833) 0.976 0.994 0.752 0.812 
   3   (0.167) 0.024 0.006 0.248 0.188 

Locus 125 : 
2 alleles
0.0% missing data
   1   (0.893) 0.543 0.997 0.987 0.897 
   2   (0.107) 0.457 0.003 0.013 0.103 

Locus 126 : 
2 alleles
0.0% missing data
   4   (0.238) 0.290 0.240 0.317 0.183 
   2   (0.762) 0.710 0.760 0.683 0.817 

Locus 127 : 
2 alleles
0.0% missing data
   3   (0.689) 0.532 0.989 0.390 0.705 
   2   (0.311) 0.468 0.011 0.610 0.295 

Locus 128 : 
2 alleles
0.8% missing data
   3   (0.781) 0.665 0.799 0.948 0.789 
   2   (0.219) 0.335 0.201 0.052 0.211 

Locus 129 : 
2 alleles
0.8% missing data
   1   (0.761) 0.768 0.978 0.926 0.725 
   3   (0.239) 0.232 0.022 0.074 0.275 

Locus 130 : 
2 alleles
0.0% missing data
   3   (0.891) 0.982 0.997 0.927 0.881 
   2   (0.109) 0.018 0.003 0.073 0.119 

Locus 131 : 
2 alleles
0.0% missing data
   4   (0.650) 0.590 0.331 0.890 0.646 
   1   (0.350) 0.410 0.669 0.110 0.354 

Locus 132 : 
2 alleles
0.0% missing data
   2   (0.805) 0.830 0.994 0.906 0.779 
   4   (0.195) 0.170 0.006 0.094 0.221 

Locus 133 : 
2 alleles
0.0% missing data
   3   (0.476) 0.070 0.844 0.523 0.490 
   2   (0.524) 0.930 0.156 0.477 0.510 

Locus 134 : 
2 alleles
0.8% missing data
   3   (0.772) 0.965 0.908 0.665 0.779 
   2   (0.228) 0.035 0.092 0.335 0.221 

Locus 135 : 
2 alleles
0.0% missing data
   3   (0.627) 0.517 0.897 0.599 0.631 
   2   (0.373) 0.483 0.103 0.401 0.369 

Locus 136 : 
2 alleles
0.0% missing data
   4   (0.900) 0.984 0.996 0.558 0.928 
   2   (0.100) 0.016 0.004 0.442 0.072 

Locus 137 : 
2 alleles
0.0% missing data
   2   (0.932) 0.990 0.997 0.988 0.927 
   3   (0.068) 0.010 0.003 0.012 0.073 

Locus 138 : 
2 alleles
0.8% missing data
   1   (0.677) 0.688 0.492 0.810 0.688 
   3   (0.323) 0.312 0.508 0.190 0.312 

Locus 139 : 
2 alleles
0.8% missing data
   2   (0.637) 0.451 0.403 0.517 0.705 
   3   (0.363) 0.549 0.597 0.483 0.295 

Locus 140 : 
2 alleles
0.0% missing data
   4   (0.697) 0.633 0.908 0.824 0.690 
   3   (0.303) 0.367 0.092 0.176 0.310 

Locus 141 : 
2 alleles
0.0% missing data
   1   (0.709) 0.694 0.773 0.619 0.753 
   4   (0.291) 0.306 0.227 0.381 0.247 

Locus 142 : 
2 alleles
0.0% missing data
   3   (0.641) 0.356 0.593 0.869 0.641 
   2   (0.359) 0.644 0.407 0.131 0.359 

Locus 143 : 
2 alleles
0.0% missing data
   2   (0.935) 0.991 0.998 0.967 0.949 
   3   (0.065) 0.009 0.002 0.033 0.051 

Locus 144 : 
3 alleles
0.8% missing data
   4   (0.602) 0.721 0.941 0.463 0.599 
   1   (0.369) 0.275 0.032 0.536 0.391 
   0   (0.028) 0.004 0.027 0.002 0.010 

Locus 145 : 
2 alleles
0.0% missing data
   1   (0.172) 0.023 0.274 0.050 0.181 
   3   (0.828) 0.977 0.726 0.950 0.819 

Locus 146 : 
2 alleles
0.0% missing data
   4   (0.916) 0.988 0.997 0.876 0.932 
   1   (0.084) 0.012 0.003 0.124 0.068 

Locus 147 : 
2 alleles
0.8% missing data
   1   (0.367) 0.538 0.404 0.187 0.365 
   4   (0.633) 0.462 0.596 0.813 0.635 

Locus 148 : 
2 alleles
0.0% missing data
   3   (0.733) 0.329 0.605 0.983 0.700 
   1   (0.267) 0.671 0.395 0.017 0.300 

Locus 149 : 
3 alleles
1.6% missing data
   2   (0.500) 0.190 0.590 0.440 0.555 
   3   (0.448) 0.803 0.408 0.535 0.410 
   0   (0.052) 0.007 0.003 0.025 0.035 

Locus 150 : 
2 alleles
0.0% missing data
   1   (0.709) 0.956 0.903 0.801 0.658 
   4   (0.291) 0.044 0.097 0.199 0.342 

Locus 151 : 
2 alleles
0.0% missing data
   3   (0.731) 0.961 0.405 0.886 0.707 
   2   (0.269) 0.039 0.595 0.114 0.293 

Locus 152 : 
2 alleles
0.0% missing data
   4   (0.927) 0.830 0.998 0.995 0.931 
   2   (0.073) 0.170 0.002 0.005 0.069 

Locus 153 : 
2 alleles
0.0% missing data
   1   (0.643) 0.650 0.679 0.500 0.684 
   4   (0.357) 0.350 0.321 0.500 0.316 

Locus 154 : 
2 alleles
0.8% missing data
   1   (0.545) 0.519 0.893 0.109 0.613 
   3   (0.455) 0.481 0.107 0.891 0.387 

Locus 155 : 
2 alleles
0.0% missing data
   3   (0.555) 0.769 0.849 0.633 0.506 
   4   (0.445) 0.231 0.151 0.367 0.494 

Locus 156 : 
2 alleles
0.8% missing data
   1   (0.812) 0.973 0.973 0.219 0.861 
   2   (0.188) 0.027 0.027 0.781 0.139 

Locus 157 : 
2 alleles
0.0% missing data
   4   (0.575) 0.664 0.752 0.559 0.567 
   2   (0.425) 0.336 0.248 0.441 0.433 

Locus 158 : 
2 alleles
0.8% missing data
   1   (0.702) 0.801 0.759 0.901 0.673 
   2   (0.298) 0.199 0.241 0.099 0.327 

Locus 159 : 
3 alleles
0.8% missing data
   2   (0.833) 0.977 0.863 0.520 0.868 
   0   (0.070) 0.010 0.134 0.004 0.061 
   3   (0.098) 0.013 0.003 0.476 0.071 

Locus 160 : 
3 alleles
0.0% missing data
   1   (0.448) 0.474 0.468 0.184 0.498 
   3   (0.518) 0.517 0.531 0.814 0.472 
   0   (0.034) 0.009 0.001 0.002 0.031 

Locus 161 : 
2 alleles
0.8% missing data
   1   (0.518) 0.183 0.509 0.536 0.553 
   4   (0.482) 0.817 0.491 0.464 0.447 

Locus 162 : 
3 alleles
3.1% missing data
   1   (0.895) 0.986 0.997 0.933 0.921 
   0   (0.075) 0.010 0.002 0.044 0.069 
   2   (0.030) 0.004 0.001 0.023 0.011 

Locus 163 : 
2 alleles
0.0% missing data
   2   (0.875) 0.982 0.856 0.658 0.922 
   3   (0.125) 0.018 0.144 0.342 0.078 

Locus 164 : 
3 alleles
0.8% missing data
   4   (0.865) 0.982 0.811 0.856 0.919 
   1   (0.106) 0.015 0.188 0.122 0.071 
   0   (0.028) 0.004 0.001 0.022 0.010 

Locus 165 : 
2 alleles
0.0% missing data
   4   (0.799) 0.861 0.831 0.681 0.851 
   1   (0.201) 0.139 0.169 0.319 0.149 

Locus 166 : 
2 alleles
0.8% missing data
   2   (0.860) 0.977 0.984 0.503 0.897 
   3   (0.140) 0.023 0.016 0.497 0.103 

Locus 167 : 
2 alleles
0.0% missing data
   2   (0.655) 0.649 0.760 0.247 0.731 
   3   (0.345) 0.351 0.240 0.753 0.269 

Locus 168 : 
2 alleles
0.0% missing data
   3   (0.730) 0.740 0.910 0.785 0.741 
   2   (0.270) 0.260 0.090 0.215 0.259 

Locus 169 : 
3 alleles
2.4% missing data
   4   (0.401) 0.166 0.560 0.152 0.462 
   3   (0.546) 0.827 0.384 0.845 0.501 
   0   (0.053) 0.007 0.055 0.003 0.037 

Locus 170 : 
2 alleles
0.0% missing data
   1   (0.751) 0.537 0.552 0.692 0.819 
   3   (0.249) 0.463 0.448 0.308 0.181 

Locus 171 : 
3 alleles
3.1% missing data
   2   (0.829) 0.974 0.956 0.654 0.882 
   3   (0.139) 0.022 0.043 0.301 0.107 
   0   (0.032) 0.004 0.001 0.045 0.011 

Locus 172 : 
2 alleles
0.0% missing data
   4   (0.722) 0.959 0.611 0.724 0.720 
   1   (0.278) 0.041 0.389 0.276 0.280 

Locus 173 : 
2 alleles
0.0% missing data
   2   (0.768) 0.553 0.533 0.778 0.831 
   3   (0.232) 0.447 0.467 0.222 0.169 

Locus 174 : 
2 alleles
0.0% missing data
   4   (0.738) 0.846 0.812 0.699 0.764 
   1   (0.262) 0.154 0.188 0.301 0.236 

Locus 175 : 
2 alleles
0.0% missing data
   2   (0.730) 0.860 0.766 0.628 0.763 
   4   (0.270) 0.140 0.234 0.372 0.237 

Locus 176 : 
2 alleles
0.8% missing data
   4   (0.952) 0.993 0.998 0.997 0.945 
   1   (0.048) 0.007 0.002 0.003 0.055 

Locus 177 : 
2 alleles
0.0% missing data
   3   (0.490) 0.654 0.537 0.689 0.436 
   2   (0.510) 0.346 0.463 0.311 0.564 

Locus 178 : 
3 alleles
2.4% missing data
   3   (0.606) 0.619 0.650 0.824 0.588 
   2   (0.366) 0.282 0.349 0.174 0.403 
   0   (0.028) 0.099 0.001 0.002 0.010 

Locus 179 : 
2 alleles
0.0% missing data
   3   (0.896) 0.986 0.968 0.843 0.930 
   2   (0.104) 0.014 0.032 0.157 0.070 

Locus 180 : 
3 alleles
1.6% missing data
   3   (0.544) 0.674 0.798 0.178 0.587 
   2   (0.409) 0.320 0.201 0.819 0.357 
   0   (0.047) 0.006 0.001 0.003 0.056 

Locus 181 : 
2 alleles
0.0% missing data
   2   (0.731) 0.961 0.747 0.560 0.744 
   1   (0.269) 0.039 0.253 0.440 0.256 

Locus 182 : 
2 alleles
1.6% missing data
   4   (0.785) 0.868 0.536 0.916 0.807 
   2   (0.215) 0.132 0.464 0.084 0.193 

Locus 183 : 
2 alleles
0.0% missing data
   4   (0.883) 0.979 0.904 0.974 0.892 
   2   (0.117) 0.021 0.096 0.026 0.108 

Locus 184 : 
2 alleles
0.0% missing data
   2   (0.889) 0.786 0.972 0.964 0.924 
   3   (0.111) 0.214 0.028 0.036 0.076 

Locus 185 : 
2 alleles
0.0% missing data
   2   (0.779) 0.544 0.809 0.728 0.839 
   3   (0.221) 0.456 0.191 0.272 0.161 

Locus 186 : 
2 alleles
0.0% missing data
   2   (0.912) 0.988 0.635 0.995 0.914 
   3   (0.088) 0.012 0.365 0.005 0.086 

Locus 187 : 
2 alleles
0.0% missing data
   3   (0.905) 0.781 0.958 0.969 0.948 
   2   (0.095) 0.219 0.042 0.031 0.052 

Locus 188 : 
2 alleles
2.4% missing data
   2   (0.749) 0.965 0.742 0.569 0.770 
   3   (0.251) 0.035 0.258 0.431 0.230 

Locus 189 : 
3 alleles
3.1% missing data
   3   (0.647) 0.746 0.496 0.591 0.701 
   1   (0.298) 0.246 0.502 0.362 0.262 
   0   (0.055) 0.007 0.002 0.047 0.037 

Locus 190 : 
2 alleles
0.0% missing data
   1   (0.877) 0.981 0.996 0.954 0.849 
   5   (0.123) 0.019 0.004 0.046 0.151 

Locus 191 : 
2 alleles
0.0% missing data
   1   (0.799) 0.829 0.679 0.989 0.762 
   5   (0.201) 0.171 0.321 0.011 0.238 

Locus 192 : 
2 alleles
0.0% missing data
   2   (0.578) 0.246 0.790 0.512 0.615 
   1   (0.422) 0.754 0.210 0.488 0.385 

Locus 193 : 
2 alleles
2.4% missing data
   1   (0.935) 0.991 0.998 0.904 0.955 
   4   (0.065) 0.009 0.002 0.096 0.045 

Locus 194 : 
2 alleles
0.0% missing data
   3   (0.785) 0.969 0.992 0.677 0.751 
   2   (0.215) 0.031 0.008 0.323 0.249 

Locus 195 : 
2 alleles
6.3% missing data
   4   (0.577) 0.675 0.986 0.472 0.521 
   1   (0.423) 0.325 0.014 0.528 0.479 

Locus 196 : 
2 alleles
0.8% missing data
   3   (0.881) 0.984 0.768 0.974 0.892 
   2   (0.119) 0.016 0.232 0.026 0.108 

Locus 197 : 
2 alleles
0.8% missing data
   3   (0.666) 0.788 0.750 0.766 0.661 
   4   (0.334) 0.212 0.250 0.234 0.339 

Locus 198 : 
2 alleles
0.0% missing data
   1   (0.964) 0.995 0.999 0.899 0.988 
   2   (0.036) 0.005 0.001 0.101 0.012 

Locus 199 : 
2 alleles
0.0% missing data
   2   (0.857) 0.980 0.995 0.558 0.867 
   3   (0.143) 0.020 0.005 0.442 0.133 

Locus 200 : 
2 alleles
0.0% missing data
   2   (0.521) 0.441 0.604 0.494 0.529 
   4   (0.479) 0.559 0.396 0.506 0.471 

Locus 201 : 
2 alleles
0.8% missing data
   2   (0.701) 0.957 0.989 0.343 0.668 
   1   (0.299) 0.043 0.011 0.657 0.332 

Locus 202 : 
2 alleles
0.0% missing data
   1   (0.904) 0.820 0.748 0.995 0.932 
   3   (0.096) 0.180 0.252 0.005 0.068 

Locus 203 : 
2 alleles
0.8% missing data
   2   (0.712) 0.583 0.991 0.764 0.678 
   1   (0.288) 0.417 0.009 0.236 0.322 

Locus 204 : 
2 alleles
0.0% missing data
   2   (0.833) 0.977 0.994 0.821 0.806 
   5   (0.167) 0.023 0.006 0.179 0.194 

Locus 205 : 
2 alleles
0.0% missing data
   3   (0.688) 0.647 0.653 0.881 0.681 
   1   (0.312) 0.353 0.347 0.119 0.319 

Locus 206 : 
2 alleles
0.0% missing data
   4   (0.583) 0.891 0.324 0.599 0.575 
   1   (0.417) 0.109 0.676 0.401 0.425 

Locus 207 : 
2 alleles
0.8% missing data
   3   (0.809) 0.667 0.994 0.882 0.806 
   2   (0.191) 0.333 0.006 0.118 0.194 

Locus 208 : 
2 alleles
1.6% missing data
   1   (0.738) 0.800 0.991 0.532 0.738 
   2   (0.262) 0.200 0.009 0.468 0.262 

Locus 209 : 
3 alleles
0.0% missing data
   3   (0.940) 0.992 0.906 0.997 0.979 
   2   (0.031) 0.004 0.067 0.002 0.011 
   0   (0.029) 0.004 0.027 0.002 0.010 

Locus 210 : 
2 alleles
0.0% missing data
   2   (0.628) 0.100 0.978 0.450 0.671 
   4   (0.372) 0.900 0.022 0.550 0.329 

Locus 211 : 
2 alleles
0.0% missing data
   2   (0.892) 0.979 0.996 0.765 0.906 
   4   (0.108) 0.021 0.004 0.235 0.094 

Locus 212 : 
2 alleles
0.0% missing data
   4   (0.749) 0.852 0.776 0.748 0.776 
   1   (0.251) 0.148 0.224 0.252 0.224 

Locus 213 : 
2 alleles
0.0% missing data
   3   (0.752) 0.608 0.221 0.622 0.839 
   2   (0.248) 0.392 0.779 0.378 0.161 

Locus 214 : 
2 alleles
0.0% missing data
   1   (0.738) 0.716 0.865 0.660 0.779 
   4   (0.262) 0.284 0.135 0.340 0.221 

Locus 215 : 
2 alleles
0.0% missing data
   4   (0.330) 0.537 0.317 0.095 0.345 
   5   (0.670) 0.463 0.683 0.905 0.655 

Locus 216 : 
2 alleles
0.0% missing data
   3   (0.896) 0.986 0.904 0.803 0.938 
   1   (0.104) 0.014 0.096 0.197 0.062 

Locus 217 : 
2 alleles
0.0% missing data
   3   (0.876) 0.820 0.996 0.864 0.903 
   2   (0.124) 0.180 0.004 0.136 0.097 

Locus 218 : 
2 alleles
0.0% missing data
   3   (0.435) 0.068 0.240 0.435 0.496 
   2   (0.565) 0.932 0.760 0.565 0.504 

Locus 219 : 
2 alleles
0.0% missing data
   4   (0.745) 0.770 0.992 0.293 0.781 
   2   (0.255) 0.230 0.008 0.707 0.219 

Locus 220 : 
2 alleles
0.0% missing data
   3   (0.757) 0.698 0.952 0.664 0.792 
   2   (0.243) 0.302 0.048 0.336 0.208 

Locus 221 : 
2 alleles
0.0% missing data
   3   (0.796) 0.692 0.768 0.917 0.825 
   2   (0.204) 0.308 0.232 0.083 0.175 

Locus 222 : 
2 alleles
0.0% missing data
   2   (0.716) 0.638 0.991 0.496 0.723 
   3   (0.284) 0.362 0.009 0.504 0.277 

Locus 223 : 
2 alleles
0.8% missing data
   1   (0.942) 0.993 0.998 0.795 0.969 
   2   (0.058) 0.007 0.002 0.205 0.031 

Locus 224 : 
2 alleles
0.0% missing data
   5   (0.761) 0.869 0.883 0.426 0.817 
   1   (0.239) 0.131 0.117 0.574 0.183 

Locus 225 : 
2 alleles
0.8% missing data
   2   (0.747) 0.756 0.640 0.786 0.785 
   3   (0.253) 0.244 0.360 0.214 0.215 

Locus 226 : 
2 alleles
0.0% missing data
   3   (0.919) 0.987 0.997 0.995 0.875 
   1   (0.081) 0.013 0.003 0.005 0.125 

Values of parameters used in structure:
DATAFILE=/Users/ddayan/FRA/small_omy_projects/sf_crooked_river_2021/structure_SFGL_Omy269/project_data,	OUTFILE=/Users/ddayan/FRA/small_omy_projects/sf_crooked_river_2021/structure_SFGL_Omy269/5k10kadmcorr/Results/5k10kadmcorr_run_34,	NUMINDS=127,	NUMLOCI=226,	MISSING=-9,	LABEL=0,	POPDATA=1,	POPFLAG=0,	PHENOTYPE=0,	EXTRACOLS=0,	MAXPOPS=4,	BURNIN=5000,	NUMREPS=10000,	USEPOPINFO=0,	INFERALPHA=1,	INFERLAMBDA=0,	POPSPECIFICLAMBDA=0,	POPALPHAS=0,	COMPUTEPROB=1,	NOADMIX=0,	ADMBURNIN=2500,	UPDATEFREQ=1,	PRINTLIKES=0,	INTERMEDSAVE=0,	PRINTKLD=0,	PRINTNET=0,	PRINTLAMBDA=0,	ANCESTDIST=0,	NUMBOXES=1000,	ANCESTPINT=0.90000,	GENSBACK=2,	MIGRPRIOR=0.05000,	PRINTQHAT=0,	PRINTQSUM=0,	ALPHA=1.0000,	FREQSCORR=1,	FPRIORMEAN=0.0100,	FPRIORSD=0.0500,	ONEFST=0,	LAMBDA=1.0000,	UNIFPRIORALPHA=1,	ALPHAMAX=10.0000,	ALPHAPRIORA=1.0000,	ALPHAPRIORB=2.0000,	ALPHAPROPSD=0.0250,	STARTATPOPINFO=0,	RANDOMIZE=1,	LINKAGE=0,	METROFREQ=10,	REPORTHITRATE=0,	MARKOVPHASE=-1,	PHASED=0,	PLOIDY=2,	PHASEINFO=0	LOCPRIOR=0, 	LOCPRIORINIT=1.000000, 	LOCDATA=0, 	LOCISPOP=0, 	LOCPRIORSTEP=0.100000, 	MAXLOCPRIOR=20.000000, 	SEED=1642736658,	
[STRAT parameters]:    NUMSIMSTATS=1000,	PHENOTYPECOL=-9,	POOLFREQ=10,	LOCUSxONLY=0,	EMERROR=0.00100,	MISSINGPHENO=-9,	