

----------------------------------------------------
STRUCTURE by Pritchard, Stephens and Donnelly (2000)
     and Falush, Stephens and Pritchard (2003)
       Code by Pritchard, Falush and Hubisz
             Version 2.3.4 (Jul 2012)
----------------------------------------------------



Command line arguments:   bin/structure -m "/Users/ddayan/FRA/small_omy_projects/sf_crooked_river_2021/structure_SFGL_Omy269/5k10kadmcorr/mainparams" -e "/Users/ddayan/FRA/small_omy_projects/sf_crooked_river_2021/structure_SFGL_Omy269/5k10kadmcorr/extraparams" 
Input File:    /Users/ddayan/FRA/small_omy_projects/sf_crooked_river_2021/structure_SFGL_Omy269/project_data

Run parameters:
   127 individuals
   226 loci
   4 populations assumed
   5000 Burn-in period
   10000 Reps


--------------------------------------------
Proportion of membership of each pre-defined
 population in each of the 4 clusters

Given    Inferred Clusters              Number of
 Pop       1      2      3      4      Individuals

  1:     0.992  0.003  0.003  0.002       35
  2:     0.004  0.185  0.011  0.801       17
  3:     0.053  0.727  0.212  0.008       41
  4:     0.006  0.008  0.005  0.982       34
--------------------------------------------

Allele-freq. divergence among pops (Net nucleotide distance),
computed using point estimates of P.

      1       2       3       4      
 1      -    0.0332  0.0585  0.0775  
 2   0.0332     -    0.0343  0.0330  
 3   0.0585  0.0343     -    0.0651  
 4   0.0775  0.0330  0.0651     -    

Average distances (expected heterozygosity) between individuals in same cluster:
cluster  1  : 0.2454 
cluster  2  : 0.3416 
cluster  3  : 0.2747 
cluster  4  : 0.3349 

--------------------------------------------
Estimated Ln Prob of Data   = -26602.3
Mean value of ln likelihood = -26331.7
Variance of ln likelihood   = 541.3
Mean value of alpha         = 0.0314

Mean value of Fst_1         = 0.2950
Mean value of Fst_2         = 0.0308
Mean value of Fst_3         = 0.2699
Mean value of Fst_4         = 0.1501


Inferred ancestry of individuals:
     (%Miss) Pop:  Inferred clusters
  1    (0)    1 :  0.996 0.001 0.002 0.001 
  2    (0)    1 :  0.980 0.008 0.007 0.004 
  3    (0)    1 :  0.995 0.001 0.002 0.002 
  4    (0)    1 :  0.994 0.002 0.002 0.002 
  5    (0)    1 :  0.996 0.001 0.001 0.002 
  6    (0)    1 :  0.996 0.001 0.002 0.001 
  7    (0)    1 :  0.997 0.001 0.001 0.001 
  8    (0)    1 :  0.992 0.004 0.003 0.001 
  9    (0)    1 :  0.997 0.001 0.002 0.001 
 10    (0)    1 :  0.992 0.003 0.003 0.002 
 11    (0)    1 :  0.950 0.011 0.035 0.005 
 12    (0)    1 :  0.980 0.008 0.006 0.006 
 13    (0)    1 :  0.997 0.000 0.002 0.001 
 14    (0)    1 :  0.996 0.001 0.002 0.001 
 15    (0)    1 :  0.996 0.002 0.000 0.001 
 16    (0)    1 :  0.994 0.002 0.002 0.001 
 17    (0)    1 :  0.983 0.015 0.001 0.001 
 18    (0)    1 :  0.953 0.026 0.006 0.015 
 19    (0)    1 :  0.995 0.001 0.003 0.001 
 20    (0)    1 :  0.996 0.001 0.002 0.001 
 21    (0)    1 :  0.994 0.003 0.001 0.002 
 22    (0)    1 :  0.993 0.004 0.002 0.001 
 23    (0)    1 :  0.998 0.001 0.001 0.001 
 24    (0)    1 :  0.997 0.001 0.001 0.001 
 25    (0)    1 :  0.992 0.003 0.002 0.003 
 26    (0)    1 :  0.996 0.001 0.001 0.001 
 27    (0)    1 :  0.997 0.001 0.001 0.001 
 28    (0)    1 :  0.992 0.004 0.003 0.001 
 29    (0)    1 :  0.997 0.001 0.001 0.001 
 30    (0)    1 :  0.998 0.001 0.001 0.001 
 31    (0)    1 :  0.994 0.002 0.002 0.001 
 32    (0)    1 :  0.995 0.002 0.002 0.001 
 33    (0)    1 :  0.998 0.001 0.001 0.000 
 34    (0)    1 :  0.997 0.001 0.001 0.001 
 35    (0)    1 :  0.993 0.003 0.003 0.001 
 36    (0)    2 :  0.004 0.108 0.004 0.883 
 37    (0)    2 :  0.010 0.005 0.003 0.982 
 38    (0)    3 :  0.005 0.918 0.076 0.001 
 39    (0)    3 :  0.018 0.975 0.002 0.006 
 40    (0)    3 :  0.070 0.923 0.002 0.005 
 41    (0)    3 :  0.004 0.957 0.008 0.031 
 42    (0)    3 :  0.006 0.824 0.144 0.026 
 43    (0)    2 :  0.001 0.003 0.001 0.994 
 44    (0)    2 :  0.006 0.937 0.011 0.047 
 45    (0)    2 :  0.001 0.003 0.002 0.994 
 46    (0)    2 :  0.002 0.007 0.003 0.988 
 47    (0)    2 :  0.007 0.156 0.113 0.724 
 48    (0)    2 :  0.003 0.786 0.006 0.205 
 49    (0)    2 :  0.017 0.587 0.005 0.391 
 50    (0)    2 :  0.001 0.011 0.001 0.986 
 51    (0)    2 :  0.002 0.012 0.009 0.978 
 52    (0)    3 :  0.020 0.962 0.014 0.004 
 53    (0)    3 :  0.033 0.961 0.002 0.004 
 54    (0)    3 :  0.004 0.982 0.010 0.004 
 55    (0)    3 :  0.006 0.937 0.003 0.055 
 56    (0)    3 :  0.004 0.001 0.994 0.001 
 57    (0)    3 :  0.110 0.883 0.002 0.004 
 58    (0)    3 :  0.002 0.986 0.008 0.003 
 59    (0)    3 :  0.003 0.928 0.001 0.067 
 60    (0)    3 :  0.001 0.001 0.997 0.001 
 61    (0)    3 :  0.002 0.002 0.996 0.001 
 62    (0)    3 :  0.003 0.983 0.011 0.003 
 63    (0)    3 :  0.002 0.991 0.006 0.001 
 64    (0)    3 :  0.466 0.528 0.003 0.003 
 65    (0)    3 :  0.413 0.583 0.002 0.002 
 66    (0)    3 :  0.325 0.666 0.002 0.007 
 67    (0)    3 :  0.162 0.806 0.019 0.013 
 68    (0)    3 :  0.001 0.001 0.998 0.001 
 69    (0)    3 :  0.388 0.594 0.001 0.017 
 70    (0)    3 :  0.004 0.003 0.991 0.002 
 71    (0)    3 :  0.004 0.004 0.990 0.002 
 72    (0)    3 :  0.003 0.003 0.993 0.001 
 73    (0)    3 :  0.005 0.740 0.251 0.005 
 74    (0)    3 :  0.006 0.990 0.001 0.003 
 75    (0)    3 :  0.007 0.989 0.002 0.002 
 76    (0)    3 :  0.002 0.993 0.002 0.003 
 77    (0)    3 :  0.005 0.969 0.021 0.005 
 78    (0)    3 :  0.027 0.921 0.050 0.002 
 79    (0)    3 :  0.003 0.990 0.003 0.004 
 80    (0)    3 :  0.005 0.989 0.004 0.002 
 81    (0)    3 :  0.006 0.978 0.011 0.004 
 82    (0)    3 :  0.007 0.975 0.005 0.013 
 83    (0)    3 :  0.011 0.965 0.019 0.005 
 84    (0)    3 :  0.007 0.949 0.042 0.001 
 85    (0)    3 :  0.001 0.002 0.996 0.001 
 86    (0)    3 :  0.003 0.979 0.002 0.017 
 87    (0)    3 :  0.009 0.981 0.003 0.006 
 88    (0)    2 :  0.000 0.002 0.001 0.997 
 89    (0)    2 :  0.002 0.005 0.002 0.991 
 90    (0)    2 :  0.001 0.003 0.002 0.993 
 91    (0)    2 :  0.003 0.514 0.008 0.474 
 92    (0)    2 :  0.001 0.004 0.007 0.988 
 93    (0)    2 :  0.001 0.002 0.001 0.997 
 94    (0)    4 :  0.003 0.002 0.004 0.991 
 95    (0)    4 :  0.002 0.002 0.003 0.993 
 96    (2)    4 :  0.002 0.005 0.008 0.985 
 97    (0)    4 :  0.012 0.024 0.004 0.961 
 98    (1)    4 :  0.003 0.023 0.006 0.968 
 99    (0)    4 :  0.009 0.010 0.005 0.977 
100    (1)    4 :  0.001 0.005 0.006 0.987 
101    (0)    4 :  0.003 0.014 0.001 0.982 
102    (0)    4 :  0.001 0.003 0.003 0.993 
103    (0)    4 :  0.009 0.009 0.011 0.971 
104    (1)    4 :  0.001 0.006 0.015 0.978 
105    (1)    4 :  0.001 0.002 0.002 0.995 
106    (2)    4 :  0.003 0.007 0.005 0.985 
107    (1)    4 :  0.002 0.002 0.002 0.995 
108    (0)    4 :  0.003 0.006 0.006 0.985 
109    (1)    4 :  0.023 0.007 0.001 0.969 
110    (3)    4 :  0.001 0.002 0.003 0.994 
111    (0)    4 :  0.011 0.011 0.003 0.975 
112    (1)    4 :  0.005 0.007 0.002 0.986 
113    (1)    4 :  0.001 0.002 0.002 0.995 
114    (0)    4 :  0.001 0.001 0.001 0.997 
115    (1)    4 :  0.002 0.001 0.002 0.995 
116    (1)    4 :  0.005 0.035 0.007 0.953 
117    (0)    4 :  0.012 0.008 0.003 0.977 
118    (3)    4 :  0.002 0.004 0.002 0.992 
119    (2)    4 :  0.028 0.006 0.005 0.962 
120    (2)    4 :  0.001 0.016 0.005 0.978 
121    (0)    4 :  0.020 0.007 0.002 0.971 
122    (1)    4 :  0.003 0.003 0.006 0.988 
123    (0)    4 :  0.002 0.001 0.001 0.996 
124   (15)    4 :  0.005 0.013 0.014 0.969 
125    (1)    4 :  0.013 0.007 0.004 0.977 
126    (0)    4 :  0.004 0.009 0.012 0.975 
127    (2)    4 :  0.002 0.005 0.002 0.992 


Estimated Allele Frequencies in each cluster
First column gives estimated ancestral frequencies


Locus 1 : 
2 alleles
0.0% missing data
   3   (0.932) 0.998 0.951 0.990 0.904 
   2   (0.068) 0.002 0.049 0.010 0.096 

Locus 2 : 
2 alleles
0.0% missing data
   2   (0.343) 0.169 0.383 0.052 0.367 
   3   (0.657) 0.831 0.617 0.948 0.633 

Locus 3 : 
2 alleles
0.0% missing data
   2   (0.357) 0.252 0.356 0.224 0.338 
   4   (0.643) 0.748 0.644 0.776 0.662 

Locus 4 : 
2 alleles
0.0% missing data
   1   (0.702) 0.887 0.680 0.374 0.925 
   4   (0.298) 0.113 0.320 0.626 0.075 

Locus 5 : 
2 alleles
3.1% missing data
   2   (0.814) 0.952 0.819 0.975 0.741 
   1   (0.186) 0.048 0.181 0.025 0.259 

Locus 6 : 
2 alleles
2.4% missing data
   1   (0.215) 0.381 0.202 0.032 0.193 
   3   (0.785) 0.619 0.798 0.968 0.807 

Locus 7 : 
2 alleles
0.0% missing data
   2   (0.624) 0.457 0.634 0.947 0.419 
   3   (0.376) 0.543 0.366 0.053 0.581 

Locus 8 : 
2 alleles
2.4% missing data
   1   (0.245) 0.263 0.216 0.247 0.169 
   2   (0.755) 0.737 0.784 0.753 0.831 

Locus 9 : 
2 alleles
0.8% missing data
   4   (0.961) 0.999 0.987 0.995 0.825 
   1   (0.039) 0.001 0.013 0.005 0.175 

Locus 10 : 
2 alleles
0.0% missing data
   3   (0.734) 0.991 0.746 0.655 0.520 
   2   (0.266) 0.009 0.254 0.345 0.480 

Locus 11 : 
2 alleles
0.0% missing data
   2   (0.951) 0.998 0.980 0.993 0.772 
   1   (0.049) 0.002 0.020 0.007 0.228 

Locus 12 : 
2 alleles
0.0% missing data
   1   (0.512) 0.822 0.556 0.242 0.282 
   4   (0.488) 0.178 0.444 0.758 0.718 

Locus 13 : 
2 alleles
0.8% missing data
   2   (0.686) 0.800 0.712 0.797 0.588 
   4   (0.314) 0.200 0.288 0.203 0.412 

Locus 14 : 
2 alleles
0.0% missing data
   4   (0.685) 0.798 0.733 0.549 0.579 
   2   (0.315) 0.202 0.267 0.451 0.421 

Locus 15 : 
2 alleles
0.0% missing data
   4   (0.874) 0.996 0.860 0.983 0.882 
   2   (0.126) 0.004 0.140 0.017 0.118 

Locus 16 : 
2 alleles
0.0% missing data
   1   (0.397) 0.687 0.356 0.454 0.385 
   4   (0.603) 0.313 0.644 0.546 0.615 

Locus 17 : 
2 alleles
0.0% missing data
   4   (0.904) 0.997 0.932 0.870 0.935 
   3   (0.096) 0.003 0.068 0.130 0.065 

Locus 18 : 
2 alleles
0.0% missing data
   2   (0.780) 0.787 0.785 0.968 0.788 
   3   (0.220) 0.213 0.215 0.032 0.212 

Locus 19 : 
2 alleles
0.8% missing data
   4   (0.867) 0.983 0.886 0.982 0.818 
   2   (0.133) 0.017 0.114 0.018 0.182 

Locus 20 : 
2 alleles
0.0% missing data
   2   (0.668) 0.561 0.652 0.950 0.661 
   3   (0.332) 0.439 0.348 0.050 0.339 

Locus 21 : 
2 alleles
0.8% missing data
   2   (0.350) 0.208 0.329 0.263 0.447 
   3   (0.650) 0.792 0.671 0.737 0.553 

Locus 22 : 
2 alleles
0.0% missing data
   4   (0.809) 0.872 0.872 0.701 0.727 
   2   (0.191) 0.128 0.128 0.299 0.273 

Locus 23 : 
2 alleles
2.4% missing data
   1   (0.364) 0.566 0.309 0.474 0.400 
   4   (0.636) 0.434 0.691 0.526 0.600 

Locus 24 : 
2 alleles
0.0% missing data
   3   (0.743) 0.991 0.691 0.962 0.612 
   2   (0.257) 0.009 0.309 0.038 0.388 

Locus 25 : 
2 alleles
0.0% missing data
   3   (0.708) 0.489 0.708 0.957 0.715 
   2   (0.292) 0.511 0.292 0.043 0.285 

Locus 26 : 
2 alleles
0.8% missing data
   2   (0.575) 0.723 0.522 0.936 0.550 
   4   (0.425) 0.277 0.478 0.064 0.450 

Locus 27 : 
2 alleles
1.6% missing data
   1   (0.588) 0.751 0.619 0.191 0.628 
   4   (0.412) 0.249 0.381 0.809 0.372 

Locus 28 : 
2 alleles
3.9% missing data
   3   (0.519) 0.583 0.515 0.284 0.659 
   2   (0.481) 0.417 0.485 0.716 0.341 

Locus 29 : 
2 alleles
0.0% missing data
   4   (0.201) 0.437 0.120 0.347 0.352 
   1   (0.799) 0.563 0.880 0.653 0.648 

Locus 30 : 
2 alleles
0.0% missing data
   1   (0.429) 0.573 0.393 0.493 0.461 
   4   (0.571) 0.427 0.607 0.507 0.539 

Locus 31 : 
2 alleles
3.1% missing data
   2   (0.289) 0.500 0.285 0.045 0.302 
   4   (0.711) 0.500 0.715 0.955 0.698 

Locus 32 : 
2 alleles
0.0% missing data
   4   (0.533) 0.646 0.525 0.349 0.660 
   3   (0.467) 0.354 0.475 0.651 0.340 

Locus 33 : 
2 alleles
0.8% missing data
   2   (0.534) 0.568 0.530 0.443 0.616 
   3   (0.466) 0.432 0.470 0.557 0.384 

Locus 34 : 
2 alleles
0.0% missing data
   3   (0.495) 0.606 0.480 0.451 0.566 
   2   (0.505) 0.394 0.520 0.549 0.434 

Locus 35 : 
2 alleles
0.0% missing data
   4   (0.659) 0.989 0.579 0.686 0.794 
   1   (0.341) 0.011 0.421 0.314 0.206 

Locus 36 : 
2 alleles
0.0% missing data
   4   (0.645) 0.786 0.643 0.947 0.418 
   1   (0.355) 0.214 0.357 0.053 0.582 

Locus 37 : 
2 alleles
0.8% missing data
   2   (0.566) 0.813 0.557 0.734 0.450 
   3   (0.434) 0.187 0.443 0.266 0.550 

Locus 38 : 
2 alleles
0.8% missing data
   1   (0.909) 0.997 0.920 0.789 0.986 
   2   (0.091) 0.003 0.080 0.211 0.014 

Locus 39 : 
2 alleles
1.6% missing data
   2   (0.598) 0.962 0.613 0.524 0.345 
   4   (0.402) 0.038 0.387 0.476 0.655 

Locus 40 : 
2 alleles
0.0% missing data
   1   (0.399) 0.400 0.298 0.488 0.815 
   4   (0.601) 0.600 0.702 0.512 0.185 

Locus 41 : 
2 alleles
0.0% missing data
   2   (0.909) 0.933 0.959 0.987 0.622 
   1   (0.091) 0.067 0.041 0.013 0.378 

Locus 42 : 
2 alleles
0.0% missing data
   2   (0.539) 0.527 0.535 0.526 0.606 
   4   (0.461) 0.473 0.465 0.474 0.394 

Locus 43 : 
2 alleles
0.0% missing data
   2   (0.414) 0.366 0.356 0.444 0.679 
   4   (0.586) 0.634 0.644 0.556 0.321 

Locus 44 : 
3 alleles
1.6% missing data
   3   (0.849) 0.836 0.884 0.978 0.918 
   2   (0.115) 0.162 0.086 0.017 0.079 
   0   (0.036) 0.001 0.031 0.005 0.003 

Locus 45 : 
2 alleles
0.0% missing data
   1   (0.804) 0.983 0.783 0.969 0.790 
   2   (0.196) 0.017 0.217 0.031 0.210 

Locus 46 : 
2 alleles
0.0% missing data
   4   (0.879) 0.996 0.894 0.774 0.954 
   2   (0.121) 0.004 0.106 0.226 0.046 

Locus 47 : 
2 alleles
0.0% missing data
   2   (0.868) 0.956 0.909 0.701 0.949 
   1   (0.132) 0.044 0.091 0.299 0.051 

Locus 48 : 
2 alleles
1.6% missing data
   2   (0.567) 0.430 0.566 0.845 0.523 
   4   (0.433) 0.570 0.434 0.155 0.477 

Locus 49 : 
2 alleles
0.0% missing data
   1   (0.738) 0.914 0.767 0.791 0.650 
   2   (0.262) 0.086 0.233 0.209 0.350 

Locus 50 : 
2 alleles
0.0% missing data
   4   (0.730) 0.438 0.790 0.640 0.737 
   1   (0.270) 0.562 0.210 0.360 0.263 

Locus 51 : 
2 alleles
0.0% missing data
   3   (0.510) 0.566 0.472 0.555 0.668 
   2   (0.490) 0.434 0.528 0.445 0.332 

Locus 52 : 
2 alleles
0.8% missing data
   4   (0.913) 0.997 0.928 0.988 0.877 
   2   (0.087) 0.003 0.072 0.012 0.123 

Locus 53 : 
2 alleles
0.0% missing data
   4   (0.927) 0.998 0.975 0.741 0.629 
   2   (0.073) 0.002 0.025 0.259 0.371 

Locus 54 : 
2 alleles
3.1% missing data
   3   (0.587) 0.835 0.546 0.659 0.708 
   4   (0.413) 0.165 0.454 0.341 0.292 

Locus 55 : 
2 alleles
0.0% missing data
   2   (0.612) 0.593 0.583 0.782 0.773 
   1   (0.388) 0.407 0.417 0.218 0.227 

Locus 56 : 
3 alleles
2.4% missing data
   1   (0.771) 0.993 0.820 0.618 0.730 
   0   (0.087) 0.003 0.070 0.115 0.024 
   4   (0.142) 0.004 0.111 0.267 0.246 

Locus 57 : 
2 alleles
0.0% missing data
   4   (0.889) 0.997 0.913 0.985 0.647 
   1   (0.111) 0.003 0.087 0.015 0.353 

Locus 58 : 
2 alleles
0.0% missing data
   4   (0.875) 0.985 0.851 0.981 0.970 
   2   (0.125) 0.015 0.149 0.019 0.030 

Locus 59 : 
2 alleles
0.0% missing data
   3   (0.867) 0.891 0.876 0.982 0.952 
   2   (0.133) 0.109 0.124 0.018 0.048 

Locus 60 : 
2 alleles
0.0% missing data
   4   (0.753) 0.991 0.746 0.765 0.682 
   2   (0.247) 0.009 0.254 0.235 0.318 

Locus 61 : 
2 alleles
0.0% missing data
   4   (0.871) 0.996 0.906 0.826 0.777 
   2   (0.129) 0.004 0.094 0.174 0.223 

Locus 62 : 
2 alleles
0.0% missing data
   2   (0.749) 0.913 0.767 0.966 0.466 
   1   (0.251) 0.087 0.233 0.034 0.534 

Locus 63 : 
2 alleles
0.0% missing data
   2   (0.422) 0.642 0.406 0.713 0.219 
   1   (0.578) 0.358 0.594 0.287 0.781 

Locus 64 : 
2 alleles
0.0% missing data
   4   (0.827) 0.994 0.838 0.760 0.842 
   2   (0.173) 0.006 0.162 0.240 0.158 

Locus 65 : 
2 alleles
0.8% missing data
   1   (0.883) 0.996 0.896 0.978 0.746 
   4   (0.117) 0.004 0.104 0.022 0.254 

Locus 66 : 
3 alleles
1.6% missing data
   3   (0.602) 0.661 0.618 0.538 0.692 
   2   (0.366) 0.338 0.372 0.458 0.265 
   0   (0.032) 0.001 0.010 0.004 0.043 

Locus 67 : 
2 alleles
0.0% missing data
   1   (0.127) 0.030 0.092 0.236 0.040 
   3   (0.873) 0.970 0.908 0.764 0.960 

Locus 68 : 
2 alleles
0.0% missing data
   2   (0.521) 0.735 0.576 0.181 0.333 
   3   (0.479) 0.265 0.424 0.819 0.667 

Locus 69 : 
2 alleles
0.0% missing data
   4   (0.792) 0.993 0.829 0.691 0.509 
   2   (0.208) 0.007 0.171 0.309 0.491 

Locus 70 : 
3 alleles
0.0% missing data
   1   (0.341) 0.700 0.367 0.802 0.028 
   3   (0.621) 0.147 0.618 0.193 0.970 
   0   (0.037) 0.153 0.015 0.005 0.002 

Locus 71 : 
2 alleles
3.1% missing data
   2   (0.562) 0.216 0.570 0.508 0.742 
   4   (0.438) 0.784 0.430 0.492 0.258 

Locus 72 : 
2 alleles
1.6% missing data
   3   (0.550) 0.710 0.535 0.326 0.702 
   1   (0.450) 0.290 0.465 0.674 0.298 

Locus 73 : 
2 alleles
0.0% missing data
   1   (0.313) 0.537 0.250 0.490 0.350 
   2   (0.687) 0.463 0.750 0.510 0.650 

Locus 74 : 
2 alleles
1.6% missing data
   2   (0.826) 0.982 0.782 0.974 0.938 
   3   (0.174) 0.018 0.218 0.026 0.062 

Locus 75 : 
2 alleles
0.0% missing data
   3   (0.486) 0.789 0.463 0.162 0.660 
   1   (0.514) 0.211 0.537 0.838 0.340 

Locus 76 : 
2 alleles
0.0% missing data
   2   (0.433) 0.920 0.403 0.655 0.183 
   1   (0.567) 0.080 0.597 0.345 0.817 

Locus 77 : 
2 alleles
0.0% missing data
   4   (0.312) 0.479 0.321 0.311 0.104 
   1   (0.688) 0.521 0.679 0.689 0.896 

Locus 78 : 
2 alleles
0.0% missing data
   3   (0.721) 0.990 0.684 0.525 0.823 
   2   (0.279) 0.010 0.316 0.475 0.177 

Locus 79 : 
2 alleles
0.0% missing data
   2   (0.572) 0.719 0.550 0.841 0.521 
   3   (0.428) 0.281 0.450 0.159 0.479 

Locus 80 : 
2 alleles
0.0% missing data
   4   (0.808) 0.870 0.861 0.712 0.786 
   2   (0.192) 0.130 0.139 0.288 0.214 

Locus 81 : 
2 alleles
0.0% missing data
   3   (0.471) 0.339 0.520 0.069 0.581 
   2   (0.529) 0.661 0.480 0.931 0.419 

Locus 82 : 
2 alleles
0.0% missing data
   2   (0.740) 0.720 0.787 0.748 0.688 
   3   (0.260) 0.280 0.213 0.252 0.312 

Locus 83 : 
2 alleles
0.0% missing data
   3   (0.726) 0.883 0.741 0.959 0.469 
   2   (0.274) 0.117 0.259 0.041 0.531 

Locus 84 : 
2 alleles
0.0% missing data
   3   (0.532) 0.441 0.587 0.301 0.414 
   2   (0.468) 0.559 0.413 0.699 0.586 

Locus 85 : 
2 alleles
0.0% missing data
   3   (0.751) 0.874 0.779 0.631 0.817 
   4   (0.249) 0.126 0.221 0.369 0.183 

Locus 86 : 
2 alleles
0.0% missing data
   3   (0.532) 0.444 0.537 0.082 0.847 
   2   (0.468) 0.556 0.463 0.918 0.153 

Locus 87 : 
3 alleles
4.7% missing data
   1   (0.549) 0.712 0.584 0.495 0.428 
   4   (0.417) 0.286 0.400 0.483 0.558 
   0   (0.033) 0.001 0.016 0.022 0.014 

Locus 88 : 
2 alleles
1.6% missing data
   3   (0.811) 0.994 0.792 0.974 0.672 
   1   (0.189) 0.006 0.208 0.026 0.328 

Locus 89 : 
2 alleles
0.0% missing data
   1   (0.563) 0.894 0.571 0.491 0.425 
   4   (0.437) 0.106 0.429 0.509 0.575 

Locus 90 : 
2 alleles
0.8% missing data
   3   (0.739) 0.760 0.808 0.539 0.604 
   2   (0.261) 0.240 0.192 0.461 0.396 

Locus 91 : 
2 alleles
0.0% missing data
   2   (0.686) 0.691 0.705 0.740 0.718 
   4   (0.314) 0.309 0.295 0.260 0.282 

Locus 92 : 
2 alleles
0.0% missing data
   2   (0.772) 0.956 0.802 0.742 0.737 
   4   (0.228) 0.044 0.198 0.258 0.263 

Locus 93 : 
2 alleles
0.0% missing data
   4   (0.907) 0.997 0.918 0.986 0.878 
   1   (0.093) 0.003 0.082 0.014 0.122 

Locus 94 : 
2 alleles
0.0% missing data
   3   (0.789) 0.749 0.785 0.967 0.872 
   1   (0.211) 0.251 0.215 0.033 0.128 

Locus 95 : 
2 alleles
0.0% missing data
   1   (0.062) 0.069 0.049 0.008 0.004 
   3   (0.938) 0.931 0.951 0.992 0.996 

Locus 96 : 
2 alleles
0.0% missing data
   3   (0.560) 0.803 0.561 0.531 0.487 
   2   (0.440) 0.197 0.439 0.469 0.513 

Locus 97 : 
2 alleles
0.0% missing data
   2   (0.735) 0.992 0.722 0.757 0.637 
   1   (0.265) 0.008 0.278 0.243 0.363 

Locus 98 : 
2 alleles
0.0% missing data
   4   (0.769) 0.992 0.728 0.964 0.615 
   2   (0.231) 0.008 0.272 0.036 0.385 

Locus 99 : 
2 alleles
0.8% missing data
   4   (0.837) 0.995 0.876 0.761 0.622 
   1   (0.163) 0.005 0.124 0.239 0.378 

Locus 100 : 
2 alleles
0.8% missing data
   3   (0.433) 0.212 0.409 0.659 0.509 
   2   (0.567) 0.788 0.591 0.341 0.491 

Locus 101 : 
3 alleles
0.0% missing data
   4   (0.472) 0.434 0.570 0.508 0.091 
   2   (0.449) 0.539 0.343 0.481 0.905 
   0   (0.079) 0.027 0.087 0.011 0.004 

Locus 102 : 
2 alleles
2.4% missing data
   2   (0.760) 0.899 0.768 0.696 0.891 
   4   (0.240) 0.101 0.232 0.304 0.109 

Locus 103 : 
3 alleles
0.0% missing data
   4   (0.117) 0.524 0.093 0.016 0.025 
   2   (0.796) 0.473 0.756 0.968 0.970 
   0   (0.087) 0.003 0.151 0.016 0.005 

Locus 104 : 
2 alleles
0.0% missing data
   3   (0.307) 0.563 0.305 0.150 0.178 
   2   (0.693) 0.437 0.695 0.850 0.822 

Locus 105 : 
2 alleles
0.0% missing data
   4   (0.489) 0.413 0.505 0.505 0.417 
   1   (0.511) 0.587 0.495 0.495 0.583 

Locus 106 : 
2 alleles
0.0% missing data
   1   (0.158) 0.176 0.129 0.022 0.180 
   2   (0.842) 0.824 0.871 0.978 0.820 

Locus 107 : 
2 alleles
0.0% missing data
   1   (0.587) 0.791 0.619 0.399 0.481 
   4   (0.413) 0.209 0.381 0.601 0.519 

Locus 108 : 
2 alleles
0.0% missing data
   2   (0.751) 0.928 0.765 0.696 0.826 
   4   (0.249) 0.072 0.235 0.304 0.174 

Locus 109 : 
2 alleles
0.0% missing data
   3   (0.796) 0.966 0.822 0.811 0.796 
   2   (0.204) 0.034 0.178 0.189 0.204 

Locus 110 : 
2 alleles
0.0% missing data
   2   (0.919) 0.997 0.932 0.988 0.917 
   1   (0.081) 0.003 0.068 0.012 0.083 

Locus 111 : 
2 alleles
0.0% missing data
   1   (0.845) 0.994 0.840 0.979 0.732 
   2   (0.155) 0.006 0.160 0.021 0.268 

Locus 112 : 
2 alleles
7.1% missing data
   3   (0.836) 0.994 0.846 0.754 0.876 
   2   (0.164) 0.006 0.154 0.246 0.124 

Locus 113 : 
2 alleles
0.0% missing data
   2   (0.668) 0.742 0.585 0.951 0.866 
   3   (0.332) 0.258 0.415 0.049 0.134 

Locus 114 : 
2 alleles
0.0% missing data
   4   (0.721) 0.805 0.705 0.959 0.703 
   2   (0.279) 0.195 0.295 0.041 0.297 

Locus 115 : 
2 alleles
0.0% missing data
   3   (0.463) 0.342 0.435 0.656 0.535 
   2   (0.537) 0.658 0.565 0.344 0.465 

Locus 116 : 
2 alleles
0.0% missing data
   4   (0.452) 0.690 0.401 0.483 0.573 
   3   (0.548) 0.310 0.599 0.517 0.427 

Locus 117 : 
2 alleles
0.0% missing data
   2   (0.887) 0.995 0.883 0.983 0.895 
   3   (0.113) 0.005 0.117 0.017 0.105 

Locus 118 : 
2 alleles
0.0% missing data
   2   (0.901) 0.997 0.900 0.987 0.912 
   1   (0.099) 0.003 0.100 0.013 0.088 

Locus 119 : 
3 alleles
0.0% missing data
   2   (0.912) 0.971 0.972 0.585 0.917 
   0   (0.029) 0.027 0.009 0.004 0.002 
   3   (0.059) 0.002 0.019 0.411 0.081 

Locus 120 : 
2 alleles
0.0% missing data
   1   (0.925) 0.997 0.936 0.987 0.957 
   2   (0.075) 0.003 0.064 0.013 0.043 

Locus 121 : 
2 alleles
0.0% missing data
   3   (0.721) 0.656 0.728 0.848 0.825 
   4   (0.279) 0.344 0.272 0.152 0.175 

Locus 122 : 
2 alleles
0.0% missing data
   1   (0.965) 0.899 0.986 0.995 0.998 
   0   (0.035) 0.101 0.014 0.005 0.002 

Locus 123 : 
3 alleles
1.6% missing data
   2   (0.705) 0.912 0.766 0.848 0.342 
   3   (0.265) 0.034 0.224 0.148 0.657 
   0   (0.030) 0.054 0.010 0.004 0.002 

Locus 124 : 
2 alleles
0.8% missing data
   1   (0.832) 0.994 0.811 0.976 0.751 
   3   (0.168) 0.006 0.189 0.024 0.249 

Locus 125 : 
2 alleles
0.0% missing data
   1   (0.890) 0.997 0.893 0.551 0.986 
   2   (0.110) 0.003 0.107 0.449 0.014 

Locus 126 : 
2 alleles
0.0% missing data
   4   (0.238) 0.241 0.180 0.294 0.315 
   2   (0.762) 0.759 0.820 0.706 0.685 

Locus 127 : 
2 alleles
0.0% missing data
   3   (0.682) 0.989 0.700 0.528 0.390 
   2   (0.318) 0.011 0.300 0.472 0.610 

Locus 128 : 
2 alleles
0.8% missing data
   3   (0.783) 0.797 0.789 0.663 0.948 
   2   (0.217) 0.203 0.211 0.337 0.052 

Locus 129 : 
2 alleles
0.8% missing data
   1   (0.766) 0.978 0.725 0.766 0.926 
   3   (0.234) 0.022 0.275 0.234 0.074 

Locus 130 : 
2 alleles
0.0% missing data
   3   (0.892) 0.997 0.881 0.983 0.928 
   2   (0.108) 0.003 0.119 0.017 0.072 

Locus 131 : 
2 alleles
0.0% missing data
   4   (0.657) 0.330 0.651 0.590 0.891 
   1   (0.343) 0.670 0.349 0.410 0.109 

Locus 132 : 
2 alleles
0.0% missing data
   2   (0.808) 0.994 0.779 0.826 0.907 
   4   (0.192) 0.006 0.221 0.174 0.093 

Locus 133 : 
2 alleles
0.0% missing data
   3   (0.475) 0.840 0.490 0.070 0.521 
   2   (0.525) 0.160 0.510 0.930 0.479 

Locus 134 : 
2 alleles
0.8% missing data
   3   (0.773) 0.907 0.779 0.966 0.664 
   2   (0.227) 0.093 0.221 0.034 0.336 

Locus 135 : 
2 alleles
0.0% missing data
   3   (0.622) 0.896 0.629 0.516 0.599 
   2   (0.378) 0.104 0.371 0.484 0.401 

Locus 136 : 
2 alleles
0.0% missing data
   4   (0.897) 0.996 0.925 0.984 0.560 
   2   (0.103) 0.004 0.075 0.016 0.440 

Locus 137 : 
2 alleles
0.0% missing data
   2   (0.931) 0.997 0.926 0.991 0.988 
   3   (0.069) 0.003 0.074 0.009 0.012 

Locus 138 : 
2 alleles
0.8% missing data
   1   (0.675) 0.493 0.687 0.690 0.811 
   3   (0.325) 0.507 0.313 0.310 0.189 

Locus 139 : 
2 alleles
0.8% missing data
   2   (0.632) 0.404 0.703 0.452 0.520 
   3   (0.368) 0.596 0.297 0.548 0.480 

Locus 140 : 
2 alleles
0.0% missing data
   4   (0.700) 0.909 0.690 0.638 0.824 
   3   (0.300) 0.091 0.310 0.362 0.176 

Locus 141 : 
2 alleles
0.0% missing data
   1   (0.708) 0.771 0.755 0.689 0.619 
   4   (0.292) 0.229 0.245 0.311 0.381 

Locus 142 : 
2 alleles
0.0% missing data
   3   (0.640) 0.595 0.638 0.353 0.869 
   2   (0.360) 0.405 0.362 0.647 0.131 

Locus 143 : 
2 alleles
0.0% missing data
   2   (0.934) 0.997 0.949 0.991 0.966 
   3   (0.066) 0.003 0.051 0.009 0.034 

Locus 144 : 
3 alleles
0.8% missing data
   4   (0.603) 0.940 0.597 0.724 0.462 
   1   (0.368) 0.033 0.393 0.272 0.536 
   0   (0.029) 0.026 0.010 0.004 0.002 

Locus 145 : 
2 alleles
0.0% missing data
   1   (0.173) 0.275 0.181 0.024 0.051 
   3   (0.827) 0.725 0.819 0.976 0.949 

Locus 146 : 
2 alleles
0.0% missing data
   4   (0.916) 0.997 0.933 0.987 0.876 
   1   (0.084) 0.003 0.067 0.013 0.124 

Locus 147 : 
2 alleles
0.8% missing data
   1   (0.367) 0.403 0.365 0.538 0.188 
   4   (0.633) 0.597 0.635 0.462 0.812 

Locus 148 : 
2 alleles
0.0% missing data
   3   (0.737) 0.608 0.699 0.330 0.984 
   1   (0.263) 0.392 0.301 0.670 0.016 

Locus 149 : 
3 alleles
1.6% missing data
   2   (0.499) 0.587 0.553 0.189 0.440 
   3   (0.448) 0.410 0.412 0.804 0.536 
   0   (0.052) 0.003 0.035 0.007 0.024 

Locus 150 : 
2 alleles
0.0% missing data
   1   (0.713) 0.902 0.659 0.957 0.801 
   4   (0.287) 0.098 0.341 0.043 0.199 

Locus 151 : 
2 alleles
0.0% missing data
   3   (0.733) 0.406 0.707 0.962 0.887 
   2   (0.267) 0.594 0.293 0.038 0.113 

Locus 152 : 
2 alleles
0.0% missing data
   4   (0.925) 0.998 0.930 0.829 0.995 
   2   (0.075) 0.002 0.070 0.171 0.005 

Locus 153 : 
2 alleles
0.0% missing data
   1   (0.641) 0.681 0.682 0.652 0.498 
   4   (0.359) 0.319 0.318 0.348 0.502 

Locus 154 : 
2 alleles
0.8% missing data
   1   (0.539) 0.893 0.612 0.510 0.110 
   3   (0.461) 0.107 0.388 0.490 0.890 

Locus 155 : 
2 alleles
0.0% missing data
   3   (0.561) 0.849 0.506 0.770 0.635 
   4   (0.439) 0.151 0.494 0.230 0.365 

Locus 156 : 
2 alleles
0.8% missing data
   1   (0.804) 0.971 0.858 0.972 0.219 
   2   (0.196) 0.029 0.142 0.028 0.781 

Locus 157 : 
2 alleles
0.0% missing data
   4   (0.575) 0.751 0.568 0.664 0.558 
   2   (0.425) 0.249 0.432 0.336 0.442 

Locus 158 : 
2 alleles
0.8% missing data
   1   (0.706) 0.759 0.676 0.801 0.900 
   2   (0.294) 0.241 0.324 0.199 0.100 

Locus 159 : 
3 alleles
0.8% missing data
   2   (0.827) 0.863 0.867 0.977 0.519 
   0   (0.073) 0.134 0.062 0.010 0.004 
   3   (0.100) 0.003 0.072 0.013 0.477 

Locus 160 : 
3 alleles
0.0% missing data
   1   (0.445) 0.469 0.496 0.475 0.183 
   3   (0.519) 0.530 0.473 0.515 0.815 
   0   (0.036) 0.001 0.031 0.010 0.002 

Locus 161 : 
2 alleles
0.8% missing data
   1   (0.517) 0.511 0.551 0.182 0.535 
   4   (0.483) 0.489 0.449 0.818 0.465 

Locus 162 : 
3 alleles
3.1% missing data
   1   (0.895) 0.997 0.922 0.986 0.933 
   0   (0.075) 0.002 0.069 0.010 0.044 
   2   (0.030) 0.001 0.010 0.004 0.023 

Locus 163 : 
2 alleles
0.0% missing data
   2   (0.875) 0.855 0.925 0.982 0.658 
   3   (0.125) 0.145 0.075 0.018 0.342 

Locus 164 : 
3 alleles
0.8% missing data
   4   (0.863) 0.809 0.922 0.981 0.856 
   1   (0.106) 0.190 0.068 0.014 0.122 
   0   (0.031) 0.001 0.010 0.004 0.022 

Locus 165 : 
2 alleles
0.0% missing data
   4   (0.797) 0.830 0.853 0.858 0.681 
   1   (0.203) 0.170 0.147 0.142 0.319 

Locus 166 : 
2 alleles
0.8% missing data
   2   (0.859) 0.983 0.898 0.977 0.502 
   3   (0.141) 0.017 0.102 0.023 0.498 

Locus 167 : 
2 alleles
0.0% missing data
   2   (0.648) 0.759 0.729 0.646 0.248 
   3   (0.352) 0.241 0.271 0.354 0.752 

Locus 168 : 
2 alleles
0.0% missing data
   3   (0.732) 0.911 0.742 0.743 0.784 
   2   (0.268) 0.089 0.258 0.257 0.216 

Locus 169 : 
3 alleles
2.4% missing data
   4   (0.390) 0.558 0.456 0.167 0.153 
   3   (0.555) 0.388 0.506 0.825 0.844 
   0   (0.055) 0.054 0.038 0.007 0.003 

Locus 170 : 
2 alleles
0.0% missing data
   1   (0.748) 0.552 0.822 0.535 0.691 
   3   (0.252) 0.448 0.178 0.465 0.309 

Locus 171 : 
3 alleles
3.1% missing data
   2   (0.829) 0.956 0.883 0.975 0.653 
   3   (0.138) 0.043 0.106 0.020 0.301 
   0   (0.033) 0.001 0.011 0.004 0.045 

Locus 172 : 
2 alleles
0.0% missing data
   4   (0.721) 0.609 0.721 0.958 0.724 
   1   (0.279) 0.391 0.279 0.042 0.276 

Locus 173 : 
2 alleles
0.0% missing data
   2   (0.765) 0.534 0.832 0.544 0.778 
   3   (0.235) 0.466 0.168 0.456 0.222 

Locus 174 : 
2 alleles
0.0% missing data
   4   (0.733) 0.811 0.762 0.847 0.699 
   1   (0.267) 0.189 0.238 0.153 0.301 

Locus 175 : 
2 alleles
0.0% missing data
   2   (0.724) 0.767 0.763 0.856 0.627 
   4   (0.276) 0.233 0.237 0.144 0.373 

Locus 176 : 
2 alleles
0.8% missing data
   4   (0.952) 0.998 0.945 0.994 0.997 
   1   (0.048) 0.002 0.055 0.006 0.003 

Locus 177 : 
2 alleles
0.0% missing data
   3   (0.494) 0.537 0.437 0.657 0.689 
   2   (0.506) 0.463 0.563 0.343 0.311 

Locus 178 : 
3 alleles
2.4% missing data
   3   (0.603) 0.652 0.585 0.624 0.824 
   2   (0.368) 0.347 0.405 0.277 0.174 
   0   (0.029) 0.001 0.010 0.099 0.002 

Locus 179 : 
2 alleles
0.0% missing data
   3   (0.896) 0.967 0.932 0.986 0.841 
   2   (0.104) 0.033 0.068 0.014 0.159 

Locus 180 : 
3 alleles
1.6% missing data
   3   (0.535) 0.797 0.584 0.668 0.180 
   2   (0.417) 0.201 0.360 0.326 0.817 
   0   (0.048) 0.002 0.057 0.006 0.003 

Locus 181 : 
2 alleles
0.0% missing data
   2   (0.731) 0.745 0.747 0.961 0.559 
   1   (0.269) 0.255 0.253 0.039 0.441 

Locus 182 : 
2 alleles
1.6% missing data
   4   (0.787) 0.536 0.810 0.867 0.916 
   2   (0.213) 0.464 0.190 0.133 0.084 

Locus 183 : 
2 alleles
0.0% missing data
   4   (0.885) 0.905 0.892 0.981 0.975 
   2   (0.115) 0.095 0.108 0.019 0.025 

Locus 184 : 
2 alleles
0.0% missing data
   2   (0.886) 0.971 0.924 0.782 0.964 
   3   (0.114) 0.029 0.076 0.218 0.036 

Locus 185 : 
2 alleles
0.0% missing data
   2   (0.773) 0.809 0.836 0.541 0.729 
   3   (0.227) 0.191 0.164 0.459 0.271 

Locus 186 : 
2 alleles
0.0% missing data
   2   (0.910) 0.639 0.913 0.988 0.995 
   3   (0.090) 0.361 0.087 0.012 0.005 

Locus 187 : 
2 alleles
0.0% missing data
   3   (0.904) 0.958 0.949 0.780 0.967 
   2   (0.096) 0.042 0.051 0.220 0.033 

Locus 188 : 
2 alleles
2.4% missing data
   2   (0.748) 0.741 0.770 0.965 0.571 
   3   (0.252) 0.259 0.230 0.035 0.429 

Locus 189 : 
3 alleles
3.1% missing data
   3   (0.639) 0.496 0.699 0.747 0.591 
   1   (0.305) 0.502 0.264 0.245 0.361 
   0   (0.055) 0.002 0.037 0.008 0.048 

Locus 190 : 
2 alleles
0.0% missing data
   1   (0.882) 0.996 0.851 0.983 0.953 
   5   (0.118) 0.004 0.149 0.017 0.047 

Locus 191 : 
2 alleles
0.0% missing data
   1   (0.804) 0.680 0.763 0.829 0.989 
   5   (0.196) 0.320 0.237 0.171 0.011 

Locus 192 : 
2 alleles
0.0% missing data
   2   (0.577) 0.790 0.615 0.245 0.513 
   1   (0.423) 0.210 0.385 0.755 0.487 

Locus 193 : 
2 alleles
2.4% missing data
   1   (0.932) 0.998 0.954 0.991 0.905 
   4   (0.068) 0.002 0.046 0.009 0.095 

Locus 194 : 
2 alleles
0.0% missing data
   3   (0.788) 0.992 0.752 0.969 0.680 
   2   (0.212) 0.008 0.248 0.031 0.320 

Locus 195 : 
2 alleles
6.3% missing data
   4   (0.580) 0.986 0.521 0.673 0.471 
   1   (0.420) 0.014 0.479 0.327 0.529 

Locus 196 : 
2 alleles
0.8% missing data
   3   (0.882) 0.769 0.893 0.984 0.975 
   2   (0.118) 0.231 0.107 0.016 0.025 

Locus 197 : 
2 alleles
0.8% missing data
   3   (0.668) 0.749 0.660 0.791 0.766 
   4   (0.332) 0.251 0.340 0.209 0.234 

Locus 198 : 
2 alleles
0.0% missing data
   1   (0.963) 0.999 0.988 0.995 0.898 
   2   (0.037) 0.001 0.012 0.005 0.102 

Locus 199 : 
2 alleles
0.0% missing data
   2   (0.854) 0.995 0.866 0.980 0.560 
   3   (0.146) 0.005 0.134 0.020 0.440 

Locus 200 : 
2 alleles
0.0% missing data
   2   (0.518) 0.605 0.527 0.443 0.491 
   4   (0.482) 0.395 0.473 0.557 0.509 

Locus 201 : 
2 alleles
0.8% missing data
   2   (0.696) 0.989 0.665 0.955 0.343 
   1   (0.304) 0.011 0.335 0.045 0.657 

Locus 202 : 
2 alleles
0.0% missing data
   1   (0.907) 0.749 0.934 0.819 0.995 
   3   (0.093) 0.251 0.066 0.181 0.005 

Locus 203 : 
2 alleles
0.8% missing data
   2   (0.713) 0.991 0.677 0.585 0.764 
   1   (0.287) 0.009 0.323 0.415 0.236 

Locus 204 : 
2 alleles
0.0% missing data
   2   (0.834) 0.994 0.805 0.978 0.822 
   5   (0.166) 0.006 0.195 0.022 0.178 

Locus 205 : 
2 alleles
0.0% missing data
   3   (0.688) 0.652 0.683 0.645 0.882 
   1   (0.312) 0.348 0.317 0.355 0.118 

Locus 206 : 
2 alleles
0.0% missing data
   4   (0.587) 0.325 0.579 0.891 0.600 
   1   (0.413) 0.675 0.421 0.109 0.400 

Locus 207 : 
2 alleles
0.8% missing data
   3   (0.810) 0.994 0.806 0.663 0.882 
   2   (0.190) 0.006 0.194 0.337 0.118 

Locus 208 : 
2 alleles
1.6% missing data
   1   (0.733) 0.991 0.736 0.796 0.530 
   2   (0.267) 0.009 0.264 0.204 0.470 

Locus 209 : 
3 alleles
0.0% missing data
   3   (0.940) 0.907 0.980 0.992 0.997 
   2   (0.031) 0.066 0.010 0.004 0.002 
   0   (0.029) 0.027 0.009 0.004 0.002 

Locus 210 : 
2 alleles
0.0% missing data
   2   (0.622) 0.978 0.666 0.099 0.450 
   4   (0.378) 0.022 0.334 0.901 0.550 

Locus 211 : 
2 alleles
0.0% missing data
   2   (0.889) 0.996 0.905 0.979 0.765 
   4   (0.111) 0.004 0.095 0.021 0.235 

Locus 212 : 
2 alleles
0.0% missing data
   4   (0.746) 0.779 0.773 0.850 0.748 
   1   (0.254) 0.221 0.227 0.150 0.252 

Locus 213 : 
2 alleles
0.0% missing data
   3   (0.751) 0.221 0.843 0.606 0.623 
   2   (0.249) 0.779 0.157 0.394 0.377 

Locus 214 : 
2 alleles
0.0% missing data
   1   (0.739) 0.865 0.781 0.715 0.660 
   4   (0.261) 0.135 0.219 0.285 0.340 

Locus 215 : 
2 alleles
0.0% missing data
   4   (0.330) 0.318 0.344 0.539 0.096 
   5   (0.670) 0.682 0.656 0.461 0.904 

Locus 216 : 
2 alleles
0.0% missing data
   3   (0.893) 0.904 0.937 0.985 0.803 
   1   (0.107) 0.096 0.063 0.015 0.197 

Locus 217 : 
2 alleles
0.0% missing data
   3   (0.876) 0.996 0.902 0.822 0.864 
   2   (0.124) 0.004 0.098 0.178 0.136 

Locus 218 : 
2 alleles
0.0% missing data
   3   (0.432) 0.239 0.498 0.066 0.433 
   2   (0.568) 0.761 0.502 0.934 0.567 

Locus 219 : 
2 alleles
0.0% missing data
   4   (0.740) 0.992 0.778 0.765 0.292 
   2   (0.260) 0.008 0.222 0.235 0.708 

Locus 220 : 
2 alleles
0.0% missing data
   3   (0.753) 0.953 0.788 0.699 0.664 
   2   (0.247) 0.047 0.212 0.301 0.336 

Locus 221 : 
2 alleles
0.0% missing data
   3   (0.795) 0.768 0.826 0.694 0.917 
   2   (0.205) 0.232 0.174 0.306 0.083 

Locus 222 : 
2 alleles
0.0% missing data
   2   (0.716) 0.991 0.721 0.641 0.495 
   3   (0.284) 0.009 0.279 0.359 0.505 

Locus 223 : 
2 alleles
0.8% missing data
   1   (0.944) 0.998 0.972 0.992 0.794 
   2   (0.056) 0.002 0.028 0.008 0.206 

Locus 224 : 
2 alleles
0.0% missing data
   5   (0.758) 0.883 0.819 0.866 0.425 
   1   (0.242) 0.117 0.181 0.134 0.575 

Locus 225 : 
2 alleles
0.8% missing data
   2   (0.741) 0.640 0.783 0.759 0.785 
   3   (0.259) 0.360 0.217 0.241 0.215 

Locus 226 : 
2 alleles
0.0% missing data
   3   (0.921) 0.997 0.874 0.988 0.995 
   1   (0.079) 0.003 0.126 0.012 0.005 

Values of parameters used in structure:
DATAFILE=/Users/ddayan/FRA/small_omy_projects/sf_crooked_river_2021/structure_SFGL_Omy269/project_data,	OUTFILE=/Users/ddayan/FRA/small_omy_projects/sf_crooked_river_2021/structure_SFGL_Omy269/5k10kadmcorr/Results/5k10kadmcorr_run_35,	NUMINDS=127,	NUMLOCI=226,	MISSING=-9,	LABEL=0,	POPDATA=1,	POPFLAG=0,	PHENOTYPE=0,	EXTRACOLS=0,	MAXPOPS=4,	BURNIN=5000,	NUMREPS=10000,	USEPOPINFO=0,	INFERALPHA=1,	INFERLAMBDA=0,	POPSPECIFICLAMBDA=0,	POPALPHAS=0,	COMPUTEPROB=1,	NOADMIX=0,	ADMBURNIN=2500,	UPDATEFREQ=1,	PRINTLIKES=0,	INTERMEDSAVE=0,	PRINTKLD=0,	PRINTNET=0,	PRINTLAMBDA=0,	ANCESTDIST=0,	NUMBOXES=1000,	ANCESTPINT=0.90000,	GENSBACK=2,	MIGRPRIOR=0.05000,	PRINTQHAT=0,	PRINTQSUM=0,	ALPHA=1.0000,	FREQSCORR=1,	FPRIORMEAN=0.0100,	FPRIORSD=0.0500,	ONEFST=0,	LAMBDA=1.0000,	UNIFPRIORALPHA=1,	ALPHAMAX=10.0000,	ALPHAPRIORA=1.0000,	ALPHAPRIORB=2.0000,	ALPHAPROPSD=0.0250,	STARTATPOPINFO=0,	RANDOMIZE=1,	LINKAGE=0,	METROFREQ=10,	REPORTHITRATE=0,	MARKOVPHASE=-1,	PHASED=0,	PLOIDY=2,	PHASEINFO=0	LOCPRIOR=0, 	LOCPRIORINIT=1.000000, 	LOCDATA=0, 	LOCISPOP=0, 	LOCPRIORSTEP=0.100000, 	MAXLOCPRIOR=20.000000, 	SEED=1642736712,	
[STRAT parameters]:    NUMSIMSTATS=1000,	PHENOTYPECOL=-9,	POOLFREQ=10,	LOCUSxONLY=0,	EMERROR=0.00100,	MISSINGPHENO=-9,	