

----------------------------------------------------
STRUCTURE by Pritchard, Stephens and Donnelly (2000)
     and Falush, Stephens and Pritchard (2003)
       Code by Pritchard, Falush and Hubisz
             Version 2.3.4 (Jul 2012)
----------------------------------------------------



Command line arguments:   bin/structure -m "/Users/ddayan/FRA/small_omy_projects/sf_crooked_river_2021/structure_SFGL_Omy269/5k10kadmcorr/mainparams" -e "/Users/ddayan/FRA/small_omy_projects/sf_crooked_river_2021/structure_SFGL_Omy269/5k10kadmcorr/extraparams" 
Input File:    /Users/ddayan/FRA/small_omy_projects/sf_crooked_river_2021/structure_SFGL_Omy269/project_data

Run parameters:
   127 individuals
   226 loci
   5 populations assumed
   5000 Burn-in period
   10000 Reps


--------------------------------------------
Proportion of membership of each pre-defined
 population in each of the 5 clusters

Given    Inferred Clusters                     Number of
 Pop       1      2      3      4      5      Individuals

  1:     0.987  0.002  0.003  0.004  0.004       35
  2:     0.004  0.790  0.108  0.091  0.007       17
  3:     0.056  0.010  0.409  0.316  0.209       41
  4:     0.006  0.974  0.008  0.007  0.005       34
--------------------------------------------

Allele-freq. divergence among pops (Net nucleotide distance),
computed using point estimates of P.

      1       2       3       4       5      
 1      -    0.0783  0.0352  0.0377  0.0587  
 2   0.0783     -    0.0342  0.0390  0.0657  
 3   0.0352  0.0342     -    0.0111  0.0353  
 4   0.0377  0.0390  0.0111     -    0.0387  
 5   0.0587  0.0657  0.0353  0.0387     -    

Average distances (expected heterozygosity) between individuals in same cluster:
cluster  1  : 0.2450 
cluster  2  : 0.3344 
cluster  3  : 0.3405 
cluster  4  : 0.3289 
cluster  5  : 0.2746 

--------------------------------------------
Estimated Ln Prob of Data   = -26517.9
Mean value of ln likelihood = -26148.7
Variance of ln likelihood   = 738.4
Mean value of alpha         = 0.0321

Mean value of Fst_1         = 0.2964
Mean value of Fst_2         = 0.1542
Mean value of Fst_3         = 0.0389
Mean value of Fst_4         = 0.0834
Mean value of Fst_5         = 0.2702


Inferred ancestry of individuals:
     (%Miss) Pop:  Inferred clusters
  1    (0)    1 :  0.994 0.001 0.003 0.001 0.001 
  2    (0)    1 :  0.974 0.003 0.008 0.010 0.006 
  3    (0)    1 :  0.995 0.001 0.001 0.001 0.001 
  4    (0)    1 :  0.992 0.001 0.002 0.002 0.002 
  5    (0)    1 :  0.991 0.003 0.002 0.003 0.002 
  6    (0)    1 :  0.993 0.001 0.001 0.002 0.003 
  7    (0)    1 :  0.996 0.001 0.001 0.001 0.001 
  8    (0)    1 :  0.989 0.001 0.003 0.004 0.004 
  9    (0)    1 :  0.994 0.001 0.002 0.001 0.001 
 10    (0)    1 :  0.990 0.001 0.004 0.002 0.003 
 11    (0)    1 :  0.903 0.003 0.010 0.013 0.071 
 12    (0)    1 :  0.966 0.009 0.008 0.015 0.003 
 13    (0)    1 :  0.994 0.001 0.001 0.001 0.003 
 14    (0)    1 :  0.995 0.001 0.001 0.002 0.002 
 15    (0)    1 :  0.995 0.001 0.001 0.001 0.002 
 16    (0)    1 :  0.991 0.001 0.003 0.001 0.003 
 17    (0)    1 :  0.979 0.001 0.006 0.011 0.002 
 18    (0)    1 :  0.937 0.012 0.017 0.031 0.004 
 19    (0)    1 :  0.995 0.000 0.001 0.002 0.002 
 20    (0)    1 :  0.995 0.001 0.001 0.001 0.002 
 21    (0)    1 :  0.990 0.001 0.004 0.003 0.001 
 22    (0)    1 :  0.990 0.001 0.003 0.005 0.001 
 23    (0)    1 :  0.995 0.000 0.001 0.002 0.002 
 24    (0)    1 :  0.995 0.001 0.002 0.001 0.002 
 25    (0)    1 :  0.989 0.004 0.001 0.004 0.002 
 26    (0)    1 :  0.993 0.002 0.001 0.002 0.002 
 27    (0)    1 :  0.996 0.001 0.001 0.001 0.001 
 28    (0)    1 :  0.988 0.001 0.004 0.002 0.005 
 29    (0)    1 :  0.996 0.001 0.001 0.001 0.001 
 30    (0)    1 :  0.996 0.001 0.001 0.001 0.001 
 31    (0)    1 :  0.993 0.002 0.001 0.002 0.001 
 32    (0)    1 :  0.993 0.002 0.002 0.001 0.002 
 33    (0)    1 :  0.996 0.000 0.001 0.001 0.001 
 34    (0)    1 :  0.997 0.000 0.001 0.001 0.001 
 35    (0)    1 :  0.991 0.002 0.002 0.003 0.003 
 36    (0)    2 :  0.003 0.846 0.079 0.069 0.003 
 37    (0)    2 :  0.009 0.981 0.005 0.003 0.002 
 38    (0)    3 :  0.007 0.001 0.893 0.028 0.071 
 39    (0)    3 :  0.013 0.003 0.980 0.003 0.001 
 40    (0)    3 :  0.065 0.006 0.923 0.004 0.003 
 41    (0)    3 :  0.003 0.015 0.963 0.017 0.002 
 42    (0)    3 :  0.005 0.016 0.885 0.005 0.090 
 43    (0)    2 :  0.001 0.995 0.002 0.002 0.001 
 44    (0)    2 :  0.012 0.073 0.237 0.636 0.042 
 45    (0)    2 :  0.002 0.991 0.002 0.004 0.002 
 46    (0)    2 :  0.003 0.983 0.006 0.005 0.002 
 47    (0)    2 :  0.006 0.632 0.325 0.012 0.024 
 48    (0)    2 :  0.004 0.111 0.867 0.014 0.003 
 49    (0)    2 :  0.011 0.421 0.194 0.365 0.009 
 50    (0)    2 :  0.001 0.980 0.010 0.006 0.003 
 51    (0)    2 :  0.003 0.962 0.021 0.004 0.009 
 52    (0)    3 :  0.006 0.004 0.407 0.509 0.074 
 53    (0)    3 :  0.055 0.014 0.097 0.832 0.002 
 54    (0)    3 :  0.004 0.007 0.014 0.965 0.011 
 55    (0)    3 :  0.004 0.044 0.944 0.005 0.003 
 56    (0)    3 :  0.002 0.001 0.002 0.002 0.994 
 57    (0)    3 :  0.089 0.002 0.901 0.003 0.005 
 58    (0)    3 :  0.003 0.001 0.002 0.990 0.004 
 59    (0)    3 :  0.002 0.150 0.739 0.107 0.002 
 60    (0)    3 :  0.001 0.002 0.002 0.001 0.994 
 61    (0)    3 :  0.002 0.001 0.001 0.002 0.994 
 62    (0)    3 :  0.003 0.002 0.974 0.014 0.008 
 63    (0)    3 :  0.004 0.002 0.988 0.004 0.003 
 64    (0)    3 :  0.477 0.002 0.393 0.125 0.003 
 65    (0)    3 :  0.450 0.002 0.353 0.191 0.003 
 66    (0)    3 :  0.311 0.002 0.101 0.585 0.001 
 67    (0)    3 :  0.286 0.039 0.348 0.304 0.023 
 68    (0)    3 :  0.001 0.001 0.002 0.001 0.994 
 69    (0)    3 :  0.394 0.021 0.066 0.517 0.001 
 70    (0)    3 :  0.003 0.002 0.005 0.004 0.986 
 71    (0)    3 :  0.006 0.001 0.002 0.004 0.986 
 72    (0)    3 :  0.005 0.002 0.004 0.002 0.988 
 73    (0)    3 :  0.004 0.002 0.003 0.885 0.106 
 74    (0)    3 :  0.006 0.003 0.013 0.976 0.002 
 75    (0)    3 :  0.006 0.002 0.939 0.050 0.002 
 76    (0)    3 :  0.004 0.003 0.003 0.989 0.002 
 77    (0)    3 :  0.002 0.003 0.001 0.989 0.004 
 78    (0)    3 :  0.023 0.001 0.906 0.008 0.062 
 79    (0)    3 :  0.002 0.002 0.028 0.962 0.005 
 80    (0)    3 :  0.005 0.001 0.981 0.007 0.006 
 81    (0)    3 :  0.004 0.002 0.983 0.004 0.007 
 82    (0)    3 :  0.012 0.022 0.048 0.911 0.007 
 83    (0)    3 :  0.006 0.005 0.006 0.975 0.007 
 84    (0)    3 :  0.006 0.002 0.848 0.033 0.111 
 85    (0)    3 :  0.002 0.001 0.002 0.001 0.994 
 86    (0)    3 :  0.002 0.016 0.973 0.009 0.000 
 87    (0)    3 :  0.013 0.015 0.032 0.935 0.005 
 88    (0)    2 :  0.001 0.995 0.002 0.002 0.001 
 89    (0)    2 :  0.002 0.985 0.004 0.006 0.003 
 90    (0)    2 :  0.002 0.988 0.006 0.002 0.002 
 91    (0)    2 :  0.002 0.504 0.069 0.421 0.004 
 92    (0)    2 :  0.002 0.987 0.003 0.003 0.005 
 93    (0)    2 :  0.001 0.997 0.001 0.001 0.001 
 94    (0)    4 :  0.002 0.991 0.003 0.002 0.002 
 95    (0)    4 :  0.002 0.989 0.003 0.003 0.003 
 96    (2)    4 :  0.003 0.969 0.011 0.007 0.010 
 97    (0)    4 :  0.014 0.937 0.027 0.013 0.009 
 98    (1)    4 :  0.004 0.917 0.056 0.017 0.006 
 99    (0)    4 :  0.004 0.964 0.006 0.018 0.008 
100    (1)    4 :  0.003 0.979 0.007 0.005 0.007 
101    (0)    4 :  0.003 0.975 0.005 0.016 0.001 
102    (0)    4 :  0.001 0.992 0.002 0.003 0.002 
103    (0)    4 :  0.014 0.969 0.007 0.006 0.005 
104    (1)    4 :  0.002 0.971 0.006 0.008 0.014 
105    (1)    4 :  0.002 0.995 0.001 0.001 0.001 
106    (2)    4 :  0.004 0.971 0.007 0.007 0.011 
107    (1)    4 :  0.001 0.993 0.001 0.003 0.002 
108    (0)    4 :  0.004 0.976 0.006 0.005 0.009 
109    (1)    4 :  0.020 0.965 0.008 0.004 0.002 
110    (3)    4 :  0.002 0.991 0.002 0.002 0.003 
111    (0)    4 :  0.008 0.965 0.006 0.017 0.003 
112    (1)    4 :  0.004 0.983 0.006 0.003 0.004 
113    (1)    4 :  0.002 0.991 0.003 0.002 0.002 
114    (0)    4 :  0.001 0.997 0.001 0.001 0.001 
115    (1)    4 :  0.002 0.994 0.001 0.001 0.001 
116    (1)    4 :  0.006 0.909 0.039 0.036 0.010 
117    (0)    4 :  0.019 0.968 0.004 0.006 0.003 
118    (3)    4 :  0.003 0.990 0.002 0.003 0.002 
119    (2)    4 :  0.020 0.955 0.011 0.009 0.005 
120    (2)    4 :  0.001 0.969 0.018 0.008 0.004 
121    (0)    4 :  0.015 0.969 0.005 0.006 0.005 
122    (1)    4 :  0.004 0.987 0.002 0.002 0.005 
123    (0)    4 :  0.001 0.996 0.001 0.001 0.001 
124   (15)    4 :  0.003 0.965 0.004 0.013 0.016 
125    (1)    4 :  0.008 0.975 0.005 0.005 0.006 
126    (0)    4 :  0.004 0.964 0.011 0.005 0.015 
127    (2)    4 :  0.005 0.986 0.003 0.003 0.002 


Estimated Allele Frequencies in each cluster
First column gives estimated ancestral frequencies


Locus 1 : 
2 alleles
0.0% missing data
   3   (0.930) 0.998 0.906 0.925 0.979 0.990 
   2   (0.070) 0.002 0.094 0.075 0.021 0.010 

Locus 2 : 
2 alleles
0.0% missing data
   2   (0.357) 0.170 0.365 0.446 0.288 0.053 
   3   (0.643) 0.830 0.635 0.554 0.712 0.947 

Locus 3 : 
2 alleles
0.0% missing data
   2   (0.365) 0.254 0.338 0.446 0.220 0.230 
   4   (0.635) 0.746 0.662 0.554 0.780 0.770 

Locus 4 : 
2 alleles
0.0% missing data
   1   (0.698) 0.887 0.927 0.678 0.685 0.376 
   4   (0.302) 0.113 0.073 0.322 0.315 0.624 

Locus 5 : 
2 alleles
3.1% missing data
   2   (0.808) 0.951 0.738 0.790 0.873 0.973 
   1   (0.192) 0.049 0.262 0.210 0.127 0.027 

Locus 6 : 
2 alleles
2.4% missing data
   1   (0.207) 0.382 0.193 0.161 0.256 0.030 
   3   (0.793) 0.618 0.807 0.839 0.744 0.970 

Locus 7 : 
2 alleles
0.0% missing data
   2   (0.631) 0.459 0.415 0.673 0.579 0.946 
   3   (0.369) 0.541 0.585 0.327 0.421 0.054 

Locus 8 : 
2 alleles
2.4% missing data
   1   (0.247) 0.260 0.168 0.216 0.218 0.256 
   2   (0.753) 0.740 0.832 0.784 0.782 0.744 

Locus 9 : 
2 alleles
0.8% missing data
   4   (0.962) 0.999 0.822 0.985 0.989 0.995 
   1   (0.038) 0.001 0.178 0.015 0.011 0.005 

Locus 10 : 
2 alleles
0.0% missing data
   3   (0.728) 0.990 0.520 0.760 0.712 0.658 
   2   (0.272) 0.010 0.480 0.240 0.288 0.342 

Locus 11 : 
2 alleles
0.0% missing data
   2   (0.948) 0.998 0.773 0.967 0.985 0.993 
   1   (0.052) 0.002 0.227 0.033 0.015 0.007 

Locus 12 : 
2 alleles
0.0% missing data
   1   (0.505) 0.823 0.280 0.512 0.604 0.243 
   4   (0.495) 0.177 0.720 0.488 0.396 0.757 

Locus 13 : 
2 alleles
0.8% missing data
   2   (0.687) 0.798 0.587 0.685 0.767 0.792 
   4   (0.313) 0.202 0.413 0.315 0.233 0.208 

Locus 14 : 
2 alleles
0.0% missing data
   4   (0.695) 0.800 0.576 0.761 0.704 0.528 
   2   (0.305) 0.200 0.424 0.239 0.296 0.472 

Locus 15 : 
2 alleles
0.0% missing data
   4   (0.865) 0.995 0.882 0.845 0.879 0.982 
   2   (0.135) 0.005 0.118 0.155 0.121 0.018 

Locus 16 : 
2 alleles
0.0% missing data
   1   (0.402) 0.689 0.386 0.386 0.321 0.462 
   4   (0.598) 0.311 0.614 0.614 0.679 0.538 

Locus 17 : 
2 alleles
0.0% missing data
   4   (0.915) 0.997 0.937 0.964 0.877 0.883 
   3   (0.085) 0.003 0.063 0.036 0.123 0.117 

Locus 18 : 
2 alleles
0.0% missing data
   2   (0.778) 0.786 0.788 0.768 0.819 0.967 
   3   (0.222) 0.214 0.212 0.232 0.181 0.033 

Locus 19 : 
2 alleles
0.8% missing data
   4   (0.865) 0.984 0.817 0.885 0.885 0.981 
   2   (0.135) 0.016 0.183 0.115 0.115 0.019 

Locus 20 : 
2 alleles
0.0% missing data
   2   (0.656) 0.560 0.661 0.605 0.718 0.950 
   3   (0.344) 0.440 0.339 0.395 0.282 0.050 

Locus 21 : 
2 alleles
0.8% missing data
   2   (0.349) 0.208 0.451 0.333 0.317 0.256 
   3   (0.651) 0.792 0.549 0.667 0.683 0.744 

Locus 22 : 
2 alleles
0.0% missing data
   4   (0.811) 0.871 0.725 0.853 0.897 0.710 
   2   (0.189) 0.129 0.275 0.147 0.103 0.290 

Locus 23 : 
2 alleles
2.4% missing data
   1   (0.363) 0.565 0.403 0.366 0.217 0.479 
   4   (0.637) 0.435 0.597 0.634 0.783 0.521 

Locus 24 : 
2 alleles
0.0% missing data
   3   (0.772) 0.992 0.611 0.818 0.533 0.967 
   2   (0.228) 0.008 0.389 0.182 0.467 0.033 

Locus 25 : 
2 alleles
0.0% missing data
   3   (0.701) 0.487 0.716 0.675 0.753 0.956 
   2   (0.299) 0.513 0.284 0.325 0.247 0.044 

Locus 26 : 
2 alleles
0.8% missing data
   2   (0.577) 0.723 0.549 0.568 0.459 0.938 
   4   (0.423) 0.277 0.451 0.432 0.541 0.062 

Locus 27 : 
2 alleles
1.6% missing data
   1   (0.591) 0.751 0.629 0.643 0.579 0.190 
   4   (0.409) 0.249 0.371 0.357 0.421 0.810 

Locus 28 : 
2 alleles
3.9% missing data
   3   (0.521) 0.585 0.661 0.529 0.486 0.281 
   2   (0.479) 0.415 0.339 0.471 0.514 0.719 

Locus 29 : 
2 alleles
0.0% missing data
   4   (0.183) 0.436 0.354 0.085 0.172 0.338 
   1   (0.817) 0.564 0.646 0.915 0.828 0.662 

Locus 30 : 
2 alleles
0.0% missing data
   1   (0.421) 0.571 0.462 0.364 0.435 0.498 
   4   (0.579) 0.429 0.538 0.636 0.565 0.502 

Locus 31 : 
2 alleles
3.1% missing data
   2   (0.294) 0.502 0.301 0.282 0.292 0.044 
   4   (0.706) 0.498 0.699 0.718 0.708 0.956 

Locus 32 : 
2 alleles
0.0% missing data
   4   (0.532) 0.648 0.663 0.543 0.479 0.353 
   3   (0.468) 0.352 0.337 0.457 0.521 0.647 

Locus 33 : 
2 alleles
0.8% missing data
   2   (0.549) 0.569 0.616 0.603 0.437 0.445 
   3   (0.451) 0.431 0.384 0.397 0.563 0.555 

Locus 34 : 
2 alleles
0.0% missing data
   3   (0.502) 0.607 0.567 0.516 0.434 0.454 
   2   (0.498) 0.393 0.433 0.484 0.566 0.546 

Locus 35 : 
2 alleles
0.0% missing data
   4   (0.645) 0.988 0.794 0.543 0.626 0.685 
   1   (0.355) 0.012 0.206 0.457 0.374 0.315 

Locus 36 : 
2 alleles
0.0% missing data
   4   (0.648) 0.787 0.418 0.675 0.597 0.947 
   1   (0.352) 0.213 0.582 0.325 0.403 0.053 

Locus 37 : 
2 alleles
0.8% missing data
   2   (0.580) 0.814 0.451 0.631 0.456 0.733 
   3   (0.420) 0.186 0.549 0.369 0.544 0.267 

Locus 38 : 
2 alleles
0.8% missing data
   1   (0.915) 0.997 0.989 0.886 0.973 0.787 
   2   (0.085) 0.003 0.011 0.114 0.027 0.213 

Locus 39 : 
2 alleles
1.6% missing data
   2   (0.602) 0.963 0.341 0.621 0.611 0.513 
   4   (0.398) 0.037 0.659 0.379 0.389 0.487 

Locus 40 : 
2 alleles
0.0% missing data
   1   (0.365) 0.396 0.815 0.218 0.413 0.475 
   4   (0.635) 0.604 0.185 0.782 0.587 0.525 

Locus 41 : 
2 alleles
0.0% missing data
   2   (0.918) 0.934 0.619 0.956 0.971 0.989 
   1   (0.082) 0.066 0.381 0.044 0.029 0.011 

Locus 42 : 
2 alleles
0.0% missing data
   2   (0.550) 0.527 0.604 0.596 0.459 0.510 
   4   (0.450) 0.473 0.396 0.404 0.541 0.490 

Locus 43 : 
2 alleles
0.0% missing data
   2   (0.418) 0.371 0.682 0.425 0.253 0.443 
   4   (0.582) 0.629 0.318 0.575 0.747 0.557 

Locus 44 : 
3 alleles
1.6% missing data
   3   (0.853) 0.837 0.919 0.833 0.956 0.979 
   2   (0.114) 0.162 0.079 0.122 0.034 0.017 
   0   (0.034) 0.001 0.002 0.045 0.010 0.005 

Locus 45 : 
2 alleles
0.0% missing data
   1   (0.797) 0.985 0.790 0.757 0.815 0.969 
   2   (0.203) 0.015 0.210 0.243 0.185 0.031 

Locus 46 : 
2 alleles
0.0% missing data
   4   (0.887) 0.996 0.954 0.856 0.963 0.763 
   2   (0.113) 0.004 0.046 0.144 0.037 0.237 

Locus 47 : 
2 alleles
0.0% missing data
   2   (0.871) 0.958 0.950 0.874 0.956 0.707 
   1   (0.129) 0.042 0.050 0.126 0.044 0.293 

Locus 48 : 
2 alleles
1.6% missing data
   2   (0.570) 0.430 0.523 0.567 0.576 0.842 
   4   (0.430) 0.570 0.477 0.433 0.424 0.158 

Locus 49 : 
2 alleles
0.0% missing data
   1   (0.732) 0.914 0.651 0.750 0.770 0.798 
   2   (0.268) 0.086 0.349 0.250 0.230 0.202 

Locus 50 : 
2 alleles
0.0% missing data
   4   (0.743) 0.438 0.737 0.828 0.727 0.649 
   1   (0.257) 0.562 0.263 0.172 0.273 0.351 

Locus 51 : 
2 alleles
0.0% missing data
   3   (0.506) 0.569 0.669 0.479 0.468 0.538 
   2   (0.494) 0.431 0.331 0.521 0.532 0.462 

Locus 52 : 
2 alleles
0.8% missing data
   4   (0.911) 0.997 0.875 0.919 0.942 0.987 
   2   (0.089) 0.003 0.125 0.081 0.058 0.013 

Locus 53 : 
2 alleles
0.0% missing data
   4   (0.932) 0.998 0.626 0.971 0.980 0.740 
   2   (0.068) 0.002 0.374 0.029 0.020 0.260 

Locus 54 : 
2 alleles
3.1% missing data
   3   (0.575) 0.834 0.706 0.514 0.601 0.659 
   4   (0.425) 0.166 0.294 0.486 0.399 0.341 

Locus 55 : 
2 alleles
0.0% missing data
   2   (0.602) 0.594 0.775 0.545 0.630 0.784 
   1   (0.398) 0.406 0.225 0.455 0.370 0.216 

Locus 56 : 
3 alleles
2.4% missing data
   1   (0.802) 0.994 0.732 0.854 0.783 0.618 
   0   (0.084) 0.003 0.023 0.099 0.024 0.115 
   4   (0.114) 0.004 0.246 0.047 0.193 0.267 

Locus 57 : 
2 alleles
0.0% missing data
   4   (0.891) 0.996 0.644 0.911 0.916 0.985 
   1   (0.109) 0.004 0.356 0.089 0.084 0.015 

Locus 58 : 
2 alleles
0.0% missing data
   4   (0.870) 0.986 0.968 0.862 0.841 0.981 
   2   (0.130) 0.014 0.032 0.138 0.159 0.019 

Locus 59 : 
2 alleles
0.0% missing data
   3   (0.862) 0.891 0.953 0.849 0.913 0.980 
   2   (0.138) 0.109 0.047 0.151 0.087 0.020 

Locus 60 : 
2 alleles
0.0% missing data
   4   (0.771) 0.992 0.683 0.826 0.636 0.766 
   2   (0.229) 0.008 0.317 0.174 0.364 0.234 

Locus 61 : 
2 alleles
0.0% missing data
   4   (0.872) 0.996 0.776 0.894 0.929 0.817 
   2   (0.128) 0.004 0.224 0.106 0.071 0.183 

Locus 62 : 
2 alleles
0.0% missing data
   2   (0.738) 0.914 0.465 0.719 0.819 0.965 
   1   (0.262) 0.086 0.535 0.281 0.181 0.035 

Locus 63 : 
2 alleles
0.0% missing data
   2   (0.421) 0.639 0.217 0.391 0.442 0.712 
   1   (0.579) 0.361 0.783 0.609 0.558 0.288 

Locus 64 : 
2 alleles
0.0% missing data
   4   (0.826) 0.994 0.843 0.773 0.927 0.767 
   2   (0.174) 0.006 0.157 0.227 0.073 0.233 

Locus 65 : 
2 alleles
0.8% missing data
   1   (0.886) 0.996 0.745 0.921 0.853 0.982 
   4   (0.114) 0.004 0.255 0.079 0.147 0.018 

Locus 66 : 
3 alleles
1.6% missing data
   3   (0.595) 0.661 0.689 0.590 0.668 0.522 
   2   (0.374) 0.338 0.267 0.398 0.323 0.474 
   0   (0.030) 0.001 0.043 0.012 0.008 0.004 

Locus 67 : 
2 alleles
0.0% missing data
   1   (0.123) 0.029 0.037 0.139 0.036 0.227 
   3   (0.877) 0.971 0.963 0.861 0.964 0.773 

Locus 68 : 
2 alleles
0.0% missing data
   2   (0.542) 0.739 0.330 0.657 0.455 0.178 
   3   (0.458) 0.261 0.670 0.343 0.545 0.822 

Locus 69 : 
2 alleles
0.0% missing data
   4   (0.801) 0.994 0.507 0.853 0.788 0.700 
   2   (0.199) 0.006 0.493 0.147 0.212 0.300 

Locus 70 : 
3 alleles
0.0% missing data
   1   (0.305) 0.700 0.024 0.231 0.536 0.796 
   3   (0.657) 0.147 0.974 0.750 0.452 0.199 
   0   (0.039) 0.152 0.002 0.019 0.012 0.005 

Locus 71 : 
2 alleles
3.1% missing data
   2   (0.563) 0.214 0.745 0.576 0.558 0.515 
   4   (0.437) 0.786 0.255 0.424 0.442 0.485 

Locus 72 : 
2 alleles
1.6% missing data
   3   (0.548) 0.714 0.704 0.565 0.460 0.339 
   1   (0.452) 0.286 0.296 0.435 0.540 0.661 

Locus 73 : 
2 alleles
0.0% missing data
   1   (0.303) 0.537 0.353 0.212 0.319 0.472 
   2   (0.697) 0.463 0.647 0.788 0.681 0.528 

Locus 74 : 
2 alleles
1.6% missing data
   2   (0.830) 0.983 0.937 0.834 0.718 0.976 
   3   (0.170) 0.017 0.063 0.166 0.282 0.024 

Locus 75 : 
2 alleles
0.0% missing data
   3   (0.483) 0.790 0.664 0.478 0.411 0.166 
   1   (0.517) 0.210 0.336 0.522 0.589 0.834 

Locus 76 : 
2 alleles
0.0% missing data
   2   (0.428) 0.925 0.182 0.372 0.457 0.638 
   1   (0.572) 0.075 0.818 0.628 0.543 0.362 

Locus 77 : 
2 alleles
0.0% missing data
   4   (0.315) 0.484 0.103 0.328 0.293 0.320 
   1   (0.685) 0.516 0.897 0.672 0.707 0.680 

Locus 78 : 
2 alleles
0.0% missing data
   3   (0.710) 0.989 0.825 0.674 0.682 0.532 
   2   (0.290) 0.011 0.175 0.326 0.318 0.468 

Locus 79 : 
2 alleles
0.0% missing data
   2   (0.582) 0.718 0.523 0.617 0.471 0.838 
   3   (0.418) 0.282 0.477 0.383 0.529 0.162 

Locus 80 : 
2 alleles
0.0% missing data
   4   (0.819) 0.872 0.785 0.893 0.819 0.699 
   2   (0.181) 0.128 0.215 0.107 0.181 0.301 

Locus 81 : 
2 alleles
0.0% missing data
   3   (0.463) 0.338 0.580 0.450 0.610 0.069 
   2   (0.537) 0.662 0.420 0.550 0.390 0.931 

Locus 82 : 
2 alleles
0.0% missing data
   2   (0.751) 0.717 0.685 0.825 0.742 0.756 
   3   (0.249) 0.283 0.315 0.175 0.258 0.244 

Locus 83 : 
2 alleles
0.0% missing data
   3   (0.721) 0.880 0.469 0.704 0.794 0.959 
   2   (0.279) 0.120 0.531 0.296 0.206 0.041 

Locus 84 : 
2 alleles
0.0% missing data
   3   (0.535) 0.438 0.411 0.562 0.638 0.294 
   2   (0.465) 0.562 0.589 0.438 0.362 0.706 

Locus 85 : 
2 alleles
0.0% missing data
   3   (0.788) 0.874 0.817 0.882 0.650 0.651 
   4   (0.212) 0.126 0.183 0.118 0.350 0.349 

Locus 86 : 
2 alleles
0.0% missing data
   3   (0.541) 0.446 0.849 0.594 0.452 0.082 
   2   (0.459) 0.554 0.151 0.406 0.548 0.918 

Locus 87 : 
3 alleles
4.7% missing data
   1   (0.537) 0.715 0.429 0.523 0.637 0.505 
   4   (0.430) 0.284 0.561 0.445 0.353 0.488 
   0   (0.033) 0.001 0.010 0.032 0.010 0.007 

Locus 88 : 
2 alleles
1.6% missing data
   3   (0.806) 0.993 0.670 0.778 0.820 0.972 
   1   (0.194) 0.007 0.330 0.222 0.180 0.028 

Locus 89 : 
2 alleles
0.0% missing data
   1   (0.569) 0.895 0.424 0.602 0.511 0.508 
   4   (0.431) 0.105 0.576 0.398 0.489 0.492 

Locus 90 : 
2 alleles
0.8% missing data
   3   (0.741) 0.759 0.601 0.771 0.866 0.527 
   2   (0.259) 0.241 0.399 0.229 0.134 0.473 

Locus 91 : 
2 alleles
0.0% missing data
   2   (0.679) 0.690 0.717 0.614 0.841 0.741 
   4   (0.321) 0.310 0.283 0.386 0.159 0.259 

Locus 92 : 
2 alleles
0.0% missing data
   2   (0.769) 0.956 0.738 0.804 0.784 0.741 
   4   (0.231) 0.044 0.262 0.196 0.216 0.259 

Locus 93 : 
2 alleles
0.0% missing data
   4   (0.913) 0.997 0.874 0.893 0.969 0.987 
   1   (0.087) 0.003 0.126 0.107 0.031 0.013 

Locus 94 : 
2 alleles
0.0% missing data
   3   (0.784) 0.748 0.874 0.761 0.818 0.967 
   1   (0.216) 0.252 0.126 0.239 0.182 0.033 

Locus 95 : 
2 alleles
0.0% missing data
   1   (0.057) 0.068 0.003 0.070 0.016 0.007 
   3   (0.943) 0.932 0.997 0.930 0.984 0.993 

Locus 96 : 
2 alleles
0.0% missing data
   3   (0.545) 0.801 0.483 0.416 0.790 0.516 
   2   (0.455) 0.199 0.517 0.584 0.210 0.484 

Locus 97 : 
2 alleles
0.0% missing data
   2   (0.729) 0.991 0.637 0.715 0.725 0.757 
   1   (0.271) 0.009 0.363 0.285 0.275 0.243 

Locus 98 : 
2 alleles
0.0% missing data
   4   (0.760) 0.992 0.612 0.736 0.720 0.964 
   2   (0.240) 0.008 0.388 0.264 0.280 0.036 

Locus 99 : 
2 alleles
0.8% missing data
   4   (0.859) 0.996 0.617 0.925 0.820 0.769 
   1   (0.141) 0.004 0.383 0.075 0.180 0.231 

Locus 100 : 
2 alleles
0.8% missing data
   3   (0.432) 0.211 0.514 0.410 0.405 0.659 
   2   (0.568) 0.789 0.486 0.590 0.595 0.341 

Locus 101 : 
3 alleles
0.0% missing data
   4   (0.465) 0.431 0.087 0.463 0.719 0.508 
   2   (0.446) 0.542 0.908 0.435 0.206 0.479 
   0   (0.089) 0.027 0.005 0.101 0.075 0.013 

Locus 102 : 
2 alleles
2.4% missing data
   2   (0.776) 0.900 0.894 0.838 0.669 0.700 
   4   (0.224) 0.100 0.106 0.162 0.331 0.300 

Locus 103 : 
3 alleles
0.0% missing data
   4   (0.120) 0.523 0.026 0.120 0.056 0.017 
   2   (0.827) 0.476 0.971 0.850 0.646 0.975 
   0   (0.053) 0.002 0.003 0.030 0.298 0.008 

Locus 104 : 
2 alleles
0.0% missing data
   3   (0.310) 0.566 0.177 0.297 0.314 0.155 
   2   (0.690) 0.434 0.823 0.703 0.686 0.845 

Locus 105 : 
2 alleles
0.0% missing data
   4   (0.489) 0.414 0.416 0.496 0.519 0.500 
   1   (0.511) 0.586 0.584 0.504 0.481 0.500 

Locus 106 : 
2 alleles
0.0% missing data
   1   (0.156) 0.175 0.181 0.123 0.142 0.022 
   2   (0.844) 0.825 0.819 0.877 0.858 0.978 

Locus 107 : 
2 alleles
0.0% missing data
   1   (0.583) 0.793 0.477 0.587 0.666 0.395 
   4   (0.417) 0.207 0.523 0.413 0.334 0.605 

Locus 108 : 
2 alleles
0.0% missing data
   2   (0.754) 0.928 0.826 0.780 0.740 0.692 
   4   (0.246) 0.072 0.174 0.220 0.260 0.308 

Locus 109 : 
2 alleles
0.0% missing data
   3   (0.800) 0.966 0.792 0.848 0.783 0.817 
   2   (0.200) 0.034 0.208 0.152 0.217 0.183 

Locus 110 : 
2 alleles
0.0% missing data
   2   (0.923) 0.998 0.917 0.903 0.978 0.988 
   1   (0.077) 0.002 0.083 0.097 0.022 0.012 

Locus 111 : 
2 alleles
0.0% missing data
   1   (0.870) 0.995 0.730 0.915 0.760 0.982 
   2   (0.130) 0.005 0.270 0.085 0.240 0.018 

Locus 112 : 
2 alleles
7.1% missing data
   3   (0.833) 0.994 0.875 0.804 0.908 0.757 
   2   (0.167) 0.006 0.125 0.196 0.092 0.243 

Locus 113 : 
2 alleles
0.0% missing data
   2   (0.670) 0.744 0.867 0.659 0.485 0.952 
   3   (0.330) 0.256 0.133 0.341 0.515 0.048 

Locus 114 : 
2 alleles
0.0% missing data
   4   (0.710) 0.802 0.704 0.687 0.724 0.958 
   2   (0.290) 0.198 0.296 0.313 0.276 0.042 

Locus 115 : 
2 alleles
0.0% missing data
   3   (0.456) 0.343 0.540 0.420 0.437 0.659 
   2   (0.544) 0.657 0.460 0.580 0.563 0.341 

Locus 116 : 
2 alleles
0.0% missing data
   4   (0.430) 0.691 0.575 0.330 0.482 0.482 
   3   (0.570) 0.309 0.425 0.670 0.518 0.518 

Locus 117 : 
2 alleles
0.0% missing data
   2   (0.884) 0.994 0.897 0.844 0.939 0.984 
   3   (0.116) 0.006 0.103 0.156 0.061 0.016 

Locus 118 : 
2 alleles
0.0% missing data
   2   (0.901) 0.997 0.913 0.861 0.959 0.986 
   1   (0.099) 0.003 0.087 0.139 0.041 0.014 

Locus 119 : 
3 alleles
0.0% missing data
   2   (0.915) 0.971 0.916 0.965 0.977 0.582 
   0   (0.029) 0.027 0.002 0.012 0.008 0.004 
   3   (0.056) 0.002 0.082 0.023 0.015 0.414 

Locus 120 : 
2 alleles
0.0% missing data
   1   (0.928) 0.997 0.958 0.958 0.900 0.989 
   2   (0.072) 0.003 0.042 0.042 0.100 0.011 

Locus 121 : 
2 alleles
0.0% missing data
   3   (0.733) 0.655 0.827 0.783 0.649 0.851 
   4   (0.267) 0.345 0.173 0.217 0.351 0.149 

Locus 122 : 
2 alleles
0.0% missing data
   1   (0.966) 0.899 0.998 0.982 0.989 0.995 
   0   (0.034) 0.101 0.002 0.018 0.011 0.005 

Locus 123 : 
3 alleles
1.6% missing data
   2   (0.738) 0.918 0.340 0.850 0.654 0.849 
   3   (0.230) 0.029 0.658 0.138 0.337 0.147 
   0   (0.032) 0.054 0.002 0.013 0.008 0.004 

Locus 124 : 
2 alleles
0.8% missing data
   1   (0.821) 0.994 0.753 0.791 0.827 0.974 
   3   (0.179) 0.006 0.247 0.209 0.173 0.026 

Locus 125 : 
2 alleles
0.0% missing data
   1   (0.892) 0.997 0.986 0.852 0.957 0.548 
   2   (0.108) 0.003 0.014 0.148 0.043 0.452 

Locus 126 : 
2 alleles
0.0% missing data
   4   (0.236) 0.243 0.314 0.235 0.099 0.301 
   2   (0.764) 0.757 0.686 0.765 0.901 0.699 

Locus 127 : 
2 alleles
0.0% missing data
   3   (0.672) 0.988 0.388 0.602 0.835 0.530 
   2   (0.328) 0.012 0.612 0.398 0.165 0.470 

Locus 128 : 
2 alleles
0.8% missing data
   3   (0.778) 0.798 0.948 0.733 0.881 0.656 
   2   (0.222) 0.202 0.052 0.267 0.119 0.344 

Locus 129 : 
2 alleles
0.8% missing data
   1   (0.754) 0.979 0.926 0.702 0.759 0.758 
   3   (0.246) 0.021 0.074 0.298 0.241 0.242 

Locus 130 : 
2 alleles
0.0% missing data
   3   (0.882) 0.996 0.932 0.880 0.860 0.982 
   2   (0.118) 0.004 0.068 0.120 0.140 0.018 

Locus 131 : 
2 alleles
0.0% missing data
   4   (0.652) 0.330 0.892 0.641 0.677 0.578 
   1   (0.348) 0.670 0.108 0.359 0.323 0.422 

Locus 132 : 
2 alleles
0.0% missing data
   2   (0.801) 0.994 0.905 0.758 0.817 0.821 
   4   (0.199) 0.006 0.095 0.242 0.183 0.179 

Locus 133 : 
2 alleles
0.0% missing data
   3   (0.478) 0.843 0.520 0.484 0.506 0.073 
   2   (0.522) 0.157 0.480 0.516 0.494 0.927 

Locus 134 : 
2 alleles
0.8% missing data
   3   (0.807) 0.911 0.661 0.878 0.664 0.973 
   2   (0.193) 0.089 0.339 0.122 0.336 0.027 

Locus 135 : 
2 alleles
0.0% missing data
   3   (0.611) 0.898 0.600 0.568 0.699 0.517 
   2   (0.389) 0.102 0.400 0.432 0.301 0.483 

Locus 136 : 
2 alleles
0.0% missing data
   4   (0.889) 0.996 0.560 0.903 0.941 0.983 
   2   (0.111) 0.004 0.440 0.097 0.059 0.017 

Locus 137 : 
2 alleles
0.0% missing data
   2   (0.926) 0.997 0.990 0.912 0.942 0.989 
   3   (0.074) 0.003 0.010 0.088 0.058 0.011 

Locus 138 : 
2 alleles
0.8% missing data
   1   (0.688) 0.491 0.814 0.746 0.606 0.693 
   3   (0.312) 0.509 0.186 0.254 0.394 0.307 

Locus 139 : 
2 alleles
0.8% missing data
   2   (0.624) 0.407 0.519 0.610 0.812 0.466 
   3   (0.376) 0.593 0.481 0.390 0.188 0.534 

Locus 140 : 
2 alleles
0.0% missing data
   4   (0.723) 0.912 0.827 0.794 0.547 0.639 
   3   (0.277) 0.088 0.173 0.206 0.453 0.361 

Locus 141 : 
2 alleles
0.0% missing data
   1   (0.708) 0.770 0.619 0.737 0.781 0.689 
   4   (0.292) 0.230 0.381 0.263 0.219 0.311 

Locus 142 : 
2 alleles
0.0% missing data
   3   (0.640) 0.596 0.871 0.658 0.597 0.358 
   2   (0.360) 0.404 0.129 0.342 0.403 0.642 

Locus 143 : 
2 alleles
0.0% missing data
   2   (0.936) 0.997 0.967 0.932 0.975 0.992 
   3   (0.064) 0.003 0.033 0.068 0.025 0.008 

Locus 144 : 
3 alleles
0.8% missing data
   4   (0.604) 0.943 0.462 0.608 0.579 0.718 
   1   (0.367) 0.030 0.537 0.380 0.413 0.278 
   0   (0.029) 0.027 0.002 0.012 0.008 0.004 

Locus 145 : 
2 alleles
0.0% missing data
   1   (0.174) 0.273 0.049 0.166 0.202 0.025 
   3   (0.826) 0.727 0.951 0.834 0.798 0.975 

Locus 146 : 
2 alleles
0.0% missing data
   4   (0.923) 0.997 0.876 0.955 0.907 0.989 
   1   (0.077) 0.003 0.124 0.045 0.093 0.011 

Locus 147 : 
2 alleles
0.8% missing data
   1   (0.376) 0.403 0.185 0.425 0.289 0.538 
   4   (0.624) 0.597 0.815 0.575 0.711 0.462 

Locus 148 : 
2 alleles
0.0% missing data
   3   (0.722) 0.609 0.983 0.671 0.739 0.321 
   1   (0.278) 0.391 0.017 0.329 0.261 0.679 

Locus 149 : 
3 alleles
1.6% missing data
   2   (0.506) 0.586 0.439 0.556 0.569 0.183 
   3   (0.444) 0.411 0.537 0.421 0.379 0.811 
   0   (0.049) 0.002 0.024 0.023 0.052 0.006 

Locus 150 : 
2 alleles
0.0% missing data
   1   (0.712) 0.902 0.804 0.695 0.612 0.957 
   4   (0.288) 0.098 0.196 0.305 0.388 0.043 

Locus 151 : 
2 alleles
0.0% missing data
   3   (0.724) 0.406 0.887 0.693 0.732 0.960 
   2   (0.276) 0.594 0.113 0.307 0.268 0.040 

Locus 152 : 
2 alleles
0.0% missing data
   4   (0.925) 0.998 0.995 0.945 0.913 0.825 
   2   (0.075) 0.002 0.005 0.055 0.087 0.175 

Locus 153 : 
2 alleles
0.0% missing data
   1   (0.639) 0.682 0.497 0.675 0.677 0.661 
   4   (0.361) 0.318 0.503 0.325 0.323 0.339 

Locus 154 : 
2 alleles
0.8% missing data
   1   (0.549) 0.894 0.106 0.626 0.577 0.514 
   3   (0.451) 0.106 0.894 0.374 0.423 0.486 

Locus 155 : 
2 alleles
0.0% missing data
   3   (0.553) 0.848 0.639 0.522 0.472 0.778 
   4   (0.447) 0.152 0.361 0.478 0.528 0.222 

Locus 156 : 
2 alleles
0.8% missing data
   1   (0.811) 0.973 0.214 0.873 0.832 0.973 
   2   (0.189) 0.027 0.786 0.127 0.168 0.027 

Locus 157 : 
2 alleles
0.0% missing data
   4   (0.567) 0.752 0.560 0.549 0.587 0.665 
   2   (0.433) 0.248 0.440 0.451 0.413 0.335 

Locus 158 : 
2 alleles
0.8% missing data
   1   (0.693) 0.758 0.901 0.632 0.739 0.796 
   2   (0.307) 0.242 0.099 0.368 0.261 0.204 

Locus 159 : 
3 alleles
0.8% missing data
   2   (0.839) 0.869 0.514 0.900 0.828 0.976 
   0   (0.065) 0.128 0.004 0.039 0.093 0.011 
   3   (0.096) 0.003 0.483 0.061 0.079 0.013 

Locus 160 : 
3 alleles
0.0% missing data
   1   (0.453) 0.469 0.183 0.494 0.490 0.495 
   3   (0.512) 0.530 0.815 0.461 0.499 0.499 
   0   (0.035) 0.001 0.002 0.045 0.011 0.006 

Locus 161 : 
2 alleles
0.8% missing data
   1   (0.516) 0.513 0.536 0.542 0.545 0.180 
   4   (0.484) 0.487 0.464 0.458 0.455 0.820 

Locus 162 : 
3 alleles
3.1% missing data
   1   (0.898) 0.997 0.933 0.891 0.968 0.986 
   0   (0.072) 0.002 0.043 0.097 0.023 0.010 
   2   (0.030) 0.001 0.023 0.012 0.008 0.004 

Locus 163 : 
2 alleles
0.0% missing data
   2   (0.876) 0.856 0.655 0.924 0.923 0.982 
   3   (0.124) 0.144 0.345 0.076 0.077 0.018 

Locus 164 : 
3 alleles
0.8% missing data
   4   (0.869) 0.807 0.854 0.911 0.950 0.982 
   1   (0.102) 0.192 0.124 0.078 0.041 0.014 
   0   (0.028) 0.001 0.022 0.012 0.009 0.004 

Locus 165 : 
2 alleles
0.0% missing data
   4   (0.806) 0.830 0.681 0.880 0.802 0.869 
   1   (0.194) 0.170 0.319 0.120 0.198 0.131 

Locus 166 : 
2 alleles
0.8% missing data
   2   (0.872) 0.985 0.499 0.931 0.849 0.981 
   3   (0.128) 0.015 0.501 0.069 0.151 0.019 

Locus 167 : 
2 alleles
0.0% missing data
   2   (0.650) 0.758 0.242 0.710 0.755 0.641 
   3   (0.350) 0.242 0.758 0.290 0.245 0.359 

Locus 168 : 
2 alleles
0.0% missing data
   3   (0.732) 0.910 0.780 0.674 0.863 0.734 
   2   (0.268) 0.090 0.220 0.326 0.137 0.266 

Locus 169 : 
3 alleles
2.4% missing data
   4   (0.393) 0.560 0.147 0.422 0.508 0.162 
   3   (0.556) 0.385 0.850 0.557 0.431 0.832 
   0   (0.050) 0.054 0.003 0.021 0.060 0.007 

Locus 170 : 
2 alleles
0.0% missing data
   1   (0.749) 0.549 0.691 0.781 0.877 0.539 
   3   (0.251) 0.451 0.309 0.219 0.123 0.461 

Locus 171 : 
3 alleles
3.1% missing data
   2   (0.823) 0.957 0.651 0.860 0.907 0.974 
   3   (0.144) 0.042 0.304 0.127 0.084 0.022 
   0   (0.032) 0.001 0.045 0.013 0.009 0.004 

Locus 172 : 
2 alleles
0.0% missing data
   4   (0.737) 0.608 0.725 0.780 0.655 0.962 
   1   (0.263) 0.392 0.275 0.220 0.345 0.038 

Locus 173 : 
2 alleles
0.0% missing data
   2   (0.780) 0.534 0.778 0.874 0.771 0.553 
   3   (0.220) 0.466 0.222 0.126 0.229 0.447 

Locus 174 : 
2 alleles
0.0% missing data
   4   (0.731) 0.812 0.698 0.759 0.756 0.852 
   1   (0.269) 0.188 0.302 0.241 0.244 0.148 

Locus 175 : 
2 alleles
0.0% missing data
   2   (0.724) 0.768 0.627 0.736 0.798 0.851 
   4   (0.276) 0.232 0.373 0.264 0.202 0.149 

Locus 176 : 
2 alleles
0.8% missing data
   4   (0.957) 0.998 0.997 0.975 0.906 0.994 
   1   (0.043) 0.002 0.003 0.025 0.094 0.006 

Locus 177 : 
2 alleles
0.0% missing data
   3   (0.491) 0.536 0.690 0.467 0.395 0.658 
   2   (0.509) 0.464 0.310 0.533 0.605 0.342 

Locus 178 : 
3 alleles
2.4% missing data
   3   (0.593) 0.651 0.827 0.572 0.602 0.612 
   2   (0.377) 0.348 0.171 0.416 0.390 0.288 
   0   (0.029) 0.001 0.002 0.012 0.008 0.101 

Locus 179 : 
2 alleles
0.0% missing data
   3   (0.900) 0.967 0.840 0.918 0.958 0.986 
   2   (0.100) 0.033 0.160 0.082 0.042 0.014 

Locus 180 : 
3 alleles
1.6% missing data
   3   (0.524) 0.797 0.175 0.507 0.688 0.667 
   2   (0.420) 0.201 0.822 0.437 0.250 0.326 
   0   (0.056) 0.002 0.003 0.056 0.062 0.008 

Locus 181 : 
2 alleles
0.0% missing data
   2   (0.740) 0.745 0.558 0.794 0.684 0.963 
   1   (0.260) 0.255 0.442 0.206 0.316 0.037 

Locus 182 : 
2 alleles
1.6% missing data
   4   (0.794) 0.535 0.917 0.748 0.922 0.865 
   2   (0.206) 0.465 0.083 0.252 0.078 0.135 

Locus 183 : 
2 alleles
0.0% missing data
   4   (0.881) 0.904 0.974 0.855 0.945 0.980 
   2   (0.119) 0.096 0.026 0.145 0.055 0.020 

Locus 184 : 
2 alleles
0.0% missing data
   2   (0.888) 0.971 0.963 0.905 0.956 0.780 
   3   (0.112) 0.029 0.037 0.095 0.044 0.220 

Locus 185 : 
2 alleles
0.0% missing data
   2   (0.782) 0.810 0.728 0.784 0.920 0.534 
   3   (0.218) 0.190 0.272 0.216 0.080 0.466 

Locus 186 : 
2 alleles
0.0% missing data
   2   (0.918) 0.639 0.995 0.876 0.977 0.989 
   3   (0.082) 0.361 0.005 0.124 0.023 0.011 

Locus 187 : 
2 alleles
0.0% missing data
   3   (0.905) 0.957 0.969 0.947 0.949 0.776 
   2   (0.095) 0.043 0.031 0.053 0.051 0.224 

Locus 188 : 
2 alleles
2.4% missing data
   2   (0.748) 0.743 0.569 0.690 0.891 0.965 
   3   (0.252) 0.257 0.431 0.310 0.109 0.035 

Locus 189 : 
3 alleles
3.1% missing data
   3   (0.656) 0.496 0.592 0.722 0.675 0.742 
   1   (0.291) 0.502 0.361 0.225 0.309 0.251 
   0   (0.053) 0.002 0.047 0.053 0.015 0.007 

Locus 190 : 
2 alleles
0.0% missing data
   1   (0.875) 0.995 0.953 0.867 0.834 0.981 
   5   (0.125) 0.005 0.047 0.133 0.166 0.019 

Locus 191 : 
2 alleles
0.0% missing data
   1   (0.792) 0.681 0.988 0.736 0.802 0.822 
   5   (0.208) 0.319 0.012 0.264 0.198 0.178 

Locus 192 : 
2 alleles
0.0% missing data
   2   (0.586) 0.792 0.513 0.668 0.519 0.249 
   1   (0.414) 0.208 0.487 0.332 0.481 0.751 

Locus 193 : 
2 alleles
2.4% missing data
   1   (0.937) 0.998 0.903 0.940 0.979 0.991 
   4   (0.063) 0.002 0.097 0.060 0.021 0.009 

Locus 194 : 
2 alleles
0.0% missing data
   3   (0.777) 0.992 0.680 0.724 0.788 0.968 
   2   (0.223) 0.008 0.320 0.276 0.212 0.032 

Locus 195 : 
2 alleles
6.3% missing data
   4   (0.573) 0.986 0.474 0.548 0.458 0.682 
   1   (0.427) 0.014 0.526 0.452 0.542 0.318 

Locus 196 : 
2 alleles
0.8% missing data
   3   (0.905) 0.769 0.977 0.955 0.822 0.987 
   2   (0.095) 0.231 0.023 0.045 0.178 0.013 

Locus 197 : 
2 alleles
0.8% missing data
   3   (0.663) 0.750 0.765 0.636 0.703 0.780 
   4   (0.337) 0.250 0.235 0.364 0.297 0.220 

Locus 198 : 
2 alleles
0.0% missing data
   1   (0.966) 0.999 0.898 0.986 0.991 0.995 
   2   (0.034) 0.001 0.102 0.014 0.009 0.005 

Locus 199 : 
2 alleles
0.0% missing data
   2   (0.859) 0.995 0.557 0.892 0.836 0.980 
   3   (0.141) 0.005 0.443 0.108 0.164 0.020 

Locus 200 : 
2 alleles
0.0% missing data
   2   (0.528) 0.606 0.494 0.574 0.458 0.451 
   4   (0.472) 0.394 0.506 0.426 0.542 0.549 

Locus 201 : 
2 alleles
0.8% missing data
   2   (0.713) 0.990 0.341 0.747 0.553 0.959 
   1   (0.287) 0.010 0.659 0.253 0.447 0.041 

Locus 202 : 
2 alleles
0.0% missing data
   1   (0.901) 0.749 0.995 0.930 0.926 0.831 
   3   (0.099) 0.251 0.005 0.070 0.074 0.169 

Locus 203 : 
2 alleles
0.8% missing data
   2   (0.700) 0.990 0.763 0.662 0.697 0.579 
   1   (0.300) 0.010 0.237 0.338 0.303 0.421 

Locus 204 : 
2 alleles
0.0% missing data
   2   (0.828) 0.994 0.821 0.822 0.786 0.977 
   5   (0.172) 0.006 0.179 0.178 0.214 0.023 

Locus 205 : 
2 alleles
0.0% missing data
   3   (0.686) 0.652 0.882 0.693 0.671 0.645 
   1   (0.314) 0.348 0.118 0.307 0.329 0.355 

Locus 206 : 
2 alleles
0.0% missing data
   4   (0.578) 0.320 0.599 0.507 0.691 0.887 
   1   (0.422) 0.680 0.401 0.493 0.309 0.113 

Locus 207 : 
2 alleles
0.8% missing data
   3   (0.803) 0.994 0.879 0.789 0.834 0.657 
   2   (0.197) 0.006 0.121 0.211 0.166 0.343 

Locus 208 : 
2 alleles
1.6% missing data
   1   (0.726) 0.991 0.530 0.663 0.829 0.801 
   2   (0.274) 0.009 0.470 0.337 0.171 0.199 

Locus 209 : 
3 alleles
0.0% missing data
   3   (0.941) 0.906 0.997 0.976 0.984 0.992 
   2   (0.029) 0.067 0.002 0.012 0.008 0.004 
   0   (0.029) 0.027 0.002 0.012 0.008 0.004 

Locus 210 : 
2 alleles
0.0% missing data
   2   (0.628) 0.979 0.445 0.671 0.660 0.096 
   4   (0.372) 0.021 0.555 0.329 0.340 0.904 

Locus 211 : 
2 alleles
0.0% missing data
   2   (0.890) 0.996 0.762 0.917 0.886 0.982 
   4   (0.110) 0.004 0.238 0.083 0.114 0.018 

Locus 212 : 
2 alleles
0.0% missing data
   4   (0.749) 0.779 0.749 0.806 0.718 0.857 
   1   (0.251) 0.221 0.251 0.194 0.282 0.143 

Locus 213 : 
2 alleles
0.0% missing data
   3   (0.764) 0.217 0.621 0.845 0.861 0.600 
   2   (0.236) 0.783 0.379 0.155 0.139 0.400 

Locus 214 : 
2 alleles
0.0% missing data
   1   (0.742) 0.862 0.656 0.786 0.794 0.709 
   4   (0.258) 0.138 0.344 0.214 0.206 0.291 

Locus 215 : 
2 alleles
0.0% missing data
   4   (0.321) 0.319 0.094 0.290 0.423 0.521 
   5   (0.679) 0.681 0.906 0.710 0.577 0.479 

Locus 216 : 
2 alleles
0.0% missing data
   3   (0.897) 0.905 0.803 0.914 0.969 0.986 
   1   (0.103) 0.095 0.197 0.086 0.031 0.014 

Locus 217 : 
2 alleles
0.0% missing data
   3   (0.873) 0.996 0.863 0.883 0.929 0.812 
   2   (0.127) 0.004 0.137 0.117 0.071 0.188 

Locus 218 : 
2 alleles
0.0% missing data
   3   (0.442) 0.240 0.433 0.501 0.486 0.068 
   2   (0.558) 0.760 0.567 0.499 0.514 0.932 

Locus 219 : 
2 alleles
0.0% missing data
   4   (0.737) 0.992 0.288 0.755 0.802 0.764 
   2   (0.263) 0.008 0.712 0.245 0.198 0.236 

Locus 220 : 
2 alleles
0.0% missing data
   3   (0.749) 0.953 0.662 0.755 0.834 0.697 
   2   (0.251) 0.047 0.338 0.245 0.166 0.303 

Locus 221 : 
2 alleles
0.0% missing data
   3   (0.793) 0.771 0.918 0.807 0.842 0.691 
   2   (0.207) 0.229 0.082 0.193 0.158 0.309 

Locus 222 : 
2 alleles
0.0% missing data
   2   (0.706) 0.990 0.492 0.656 0.817 0.630 
   3   (0.294) 0.010 0.508 0.344 0.183 0.370 

Locus 223 : 
2 alleles
0.8% missing data
   1   (0.945) 0.998 0.792 0.964 0.982 0.992 
   2   (0.055) 0.002 0.208 0.036 0.018 0.008 

Locus 224 : 
2 alleles
0.0% missing data
   5   (0.768) 0.884 0.423 0.845 0.783 0.868 
   1   (0.232) 0.116 0.577 0.155 0.217 0.132 

Locus 225 : 
2 alleles
0.8% missing data
   2   (0.746) 0.640 0.786 0.767 0.820 0.747 
   3   (0.254) 0.360 0.214 0.233 0.180 0.253 

Locus 226 : 
2 alleles
0.0% missing data
   3   (0.931) 0.998 0.996 0.948 0.782 0.989 
   1   (0.069) 0.002 0.004 0.052 0.218 0.011 

Values of parameters used in structure:
DATAFILE=/Users/ddayan/FRA/small_omy_projects/sf_crooked_river_2021/structure_SFGL_Omy269/project_data,	OUTFILE=/Users/ddayan/FRA/small_omy_projects/sf_crooked_river_2021/structure_SFGL_Omy269/5k10kadmcorr/Results/5k10kadmcorr_run_41,	NUMINDS=127,	NUMLOCI=226,	MISSING=-9,	LABEL=0,	POPDATA=1,	POPFLAG=0,	PHENOTYPE=0,	EXTRACOLS=0,	MAXPOPS=5,	BURNIN=5000,	NUMREPS=10000,	USEPOPINFO=0,	INFERALPHA=1,	INFERLAMBDA=0,	POPSPECIFICLAMBDA=0,	POPALPHAS=0,	COMPUTEPROB=1,	NOADMIX=0,	ADMBURNIN=2500,	UPDATEFREQ=1,	PRINTLIKES=0,	INTERMEDSAVE=0,	PRINTKLD=0,	PRINTNET=0,	PRINTLAMBDA=0,	ANCESTDIST=0,	NUMBOXES=1000,	ANCESTPINT=0.90000,	GENSBACK=2,	MIGRPRIOR=0.05000,	PRINTQHAT=0,	PRINTQSUM=0,	ALPHA=1.0000,	FREQSCORR=1,	FPRIORMEAN=0.0100,	FPRIORSD=0.0500,	ONEFST=0,	LAMBDA=1.0000,	UNIFPRIORALPHA=1,	ALPHAMAX=10.0000,	ALPHAPRIORA=1.0000,	ALPHAPRIORB=2.0000,	ALPHAPROPSD=0.0250,	STARTATPOPINFO=0,	RANDOMIZE=1,	LINKAGE=0,	METROFREQ=10,	REPORTHITRATE=0,	MARKOVPHASE=-1,	PHASED=0,	PLOIDY=2,	PHASEINFO=0	LOCPRIOR=0, 	LOCPRIORINIT=1.000000, 	LOCDATA=0, 	LOCISPOP=0, 	LOCPRIORSTEP=0.100000, 	MAXLOCPRIOR=20.000000, 	SEED=1642737046,	
[STRAT parameters]:    NUMSIMSTATS=1000,	PHENOTYPECOL=-9,	POOLFREQ=10,	LOCUSxONLY=0,	EMERROR=0.00100,	MISSINGPHENO=-9,	