

----------------------------------------------------
STRUCTURE by Pritchard, Stephens and Donnelly (2000)
     and Falush, Stephens and Pritchard (2003)
       Code by Pritchard, Falush and Hubisz
             Version 2.3.4 (Jul 2012)
----------------------------------------------------



Command line arguments:   bin/structure -m "/Users/ddayan/FRA/small_omy_projects/sf_crooked_river_2021/structure_SFGL_Omy269/5k10kadmcorr/mainparams" -e "/Users/ddayan/FRA/small_omy_projects/sf_crooked_river_2021/structure_SFGL_Omy269/5k10kadmcorr/extraparams" 
Input File:    /Users/ddayan/FRA/small_omy_projects/sf_crooked_river_2021/structure_SFGL_Omy269/project_data

Run parameters:
   127 individuals
   226 loci
   6 populations assumed
   5000 Burn-in period
   10000 Reps


--------------------------------------------
Proportion of membership of each pre-defined
 population in each of the 6 clusters

Given    Inferred Clusters                            Number of
 Pop       1      2      3      4      5      6      Individuals

  1:     0.003  0.004  0.002  0.985  0.002  0.004       35
  2:     0.086  0.005  0.031  0.006  0.790  0.082       17
  3:     0.130  0.200  0.125  0.053  0.011  0.481       41
  4:     0.008  0.005  0.008  0.005  0.967  0.007       34
--------------------------------------------

Allele-freq. divergence among pops (Net nucleotide distance),
computed using point estimates of P.

      1       2       3       4       5       6      
 1      -    0.0449  0.0357  0.0407  0.0367  0.0145  
 2   0.0449     -    0.0487  0.0590  0.0657  0.0365  
 3   0.0357  0.0487     -    0.0542  0.0569  0.0307  
 4   0.0407  0.0590  0.0542     -    0.0789  0.0360  
 5   0.0367  0.0657  0.0569  0.0789     -    0.0379  
 6   0.0145  0.0365  0.0307  0.0360  0.0379     -    

Average distances (expected heterozygosity) between individuals in same cluster:
cluster  1  : 0.3361 
cluster  2  : 0.2748 
cluster  3  : 0.2876 
cluster  4  : 0.2447 
cluster  5  : 0.3340 
cluster  6  : 0.3348 

--------------------------------------------
Estimated Ln Prob of Data   = -26374.9
Mean value of ln likelihood = -25955.1
Variance of ln likelihood   = 839.6
Mean value of alpha         = 0.0311

Mean value of Fst_1         = 0.1058
Mean value of Fst_2         = 0.2698
Mean value of Fst_3         = 0.2357
Mean value of Fst_4         = 0.2983
Mean value of Fst_5         = 0.1542
Mean value of Fst_6         = 0.0584


Inferred ancestry of individuals:
     (%Miss) Pop:  Inferred clusters
  1    (0)    1 :  0.001 0.002 0.003 0.992 0.001 0.001 
  2    (0)    1 :  0.012 0.008 0.003 0.965 0.007 0.004 
  3    (0)    1 :  0.001 0.001 0.001 0.993 0.001 0.002 
  4    (0)    1 :  0.004 0.002 0.003 0.987 0.002 0.002 
  5    (0)    1 :  0.001 0.001 0.005 0.990 0.003 0.001 
  6    (0)    1 :  0.001 0.003 0.002 0.992 0.001 0.001 
  7    (0)    1 :  0.001 0.001 0.002 0.995 0.001 0.001 
  8    (0)    1 :  0.004 0.003 0.004 0.986 0.001 0.003 
  9    (0)    1 :  0.002 0.001 0.002 0.993 0.001 0.002 
 10    (0)    1 :  0.002 0.002 0.001 0.990 0.001 0.004 
 11    (0)    1 :  0.003 0.056 0.009 0.917 0.004 0.011 
 12    (0)    1 :  0.008 0.003 0.005 0.972 0.006 0.007 
 13    (0)    1 :  0.001 0.003 0.002 0.993 0.001 0.001 
 14    (0)    1 :  0.001 0.002 0.004 0.990 0.001 0.003 
 15    (0)    1 :  0.001 0.001 0.002 0.994 0.001 0.001 
 16    (0)    1 :  0.001 0.002 0.002 0.991 0.001 0.003 
 17    (0)    1 :  0.005 0.003 0.006 0.964 0.001 0.022 
 18    (0)    1 :  0.023 0.003 0.002 0.920 0.007 0.045 
 19    (0)    1 :  0.001 0.004 0.001 0.992 0.001 0.001 
 20    (0)    1 :  0.001 0.002 0.001 0.994 0.000 0.001 
 21    (0)    1 :  0.002 0.001 0.001 0.992 0.002 0.002 
 22    (0)    1 :  0.004 0.002 0.002 0.987 0.001 0.004 
 23    (0)    1 :  0.001 0.001 0.001 0.995 0.001 0.001 
 24    (0)    1 :  0.001 0.001 0.001 0.995 0.000 0.001 
 25    (0)    1 :  0.002 0.002 0.002 0.987 0.004 0.004 
 26    (0)    1 :  0.001 0.001 0.001 0.994 0.001 0.001 
 27    (0)    1 :  0.001 0.001 0.001 0.995 0.001 0.001 
 28    (0)    1 :  0.003 0.004 0.002 0.987 0.001 0.003 
 29    (0)    1 :  0.003 0.001 0.001 0.992 0.001 0.002 
 30    (0)    1 :  0.001 0.001 0.001 0.995 0.001 0.001 
 31    (0)    1 :  0.002 0.002 0.002 0.993 0.001 0.001 
 32    (0)    1 :  0.003 0.002 0.002 0.991 0.002 0.001 
 33    (0)    1 :  0.001 0.001 0.001 0.996 0.001 0.001 
 34    (0)    1 :  0.001 0.001 0.001 0.996 0.001 0.001 
 35    (0)    1 :  0.002 0.002 0.004 0.988 0.001 0.003 
 36    (0)    2 :  0.120 0.004 0.014 0.004 0.834 0.024 
 37    (0)    2 :  0.004 0.002 0.003 0.006 0.981 0.004 
 38    (0)    3 :  0.002 0.042 0.027 0.003 0.001 0.924 
 39    (0)    3 :  0.978 0.001 0.002 0.015 0.002 0.003 
 40    (0)    3 :  0.944 0.002 0.003 0.043 0.005 0.002 
 41    (0)    3 :  0.452 0.010 0.021 0.007 0.054 0.457 
 42    (0)    3 :  0.012 0.052 0.002 0.005 0.042 0.887 
 43    (0)    2 :  0.001 0.001 0.002 0.001 0.994 0.001 
 44    (0)    2 :  0.004 0.014 0.059 0.010 0.094 0.820 
 45    (0)    2 :  0.002 0.001 0.003 0.002 0.990 0.002 
 46    (0)    2 :  0.004 0.002 0.001 0.002 0.985 0.005 
 47    (0)    2 :  0.403 0.006 0.007 0.001 0.579 0.004 
 48    (0)    2 :  0.835 0.004 0.002 0.006 0.147 0.006 
 49    (0)    2 :  0.014 0.007 0.392 0.056 0.491 0.041 
 50    (0)    2 :  0.005 0.002 0.003 0.002 0.980 0.008 
 51    (0)    2 :  0.024 0.011 0.004 0.002 0.952 0.007 
 52    (0)    3 :  0.003 0.010 0.003 0.009 0.002 0.973 
 53    (0)    3 :  0.035 0.001 0.075 0.052 0.009 0.828 
 54    (0)    3 :  0.093 0.006 0.244 0.004 0.008 0.645 
 55    (0)    3 :  0.334 0.004 0.010 0.010 0.147 0.496 
 56    (0)    3 :  0.001 0.992 0.001 0.003 0.001 0.001 
 57    (0)    3 :  0.098 0.003 0.002 0.134 0.003 0.760 
 58    (0)    3 :  0.005 0.004 0.969 0.003 0.004 0.016 
 59    (0)    3 :  0.930 0.002 0.013 0.005 0.029 0.022 
 60    (0)    3 :  0.001 0.990 0.003 0.003 0.001 0.002 
 61    (0)    3 :  0.001 0.992 0.003 0.001 0.001 0.002 
 62    (0)    3 :  0.005 0.006 0.002 0.004 0.002 0.981 
 63    (0)    3 :  0.003 0.006 0.001 0.005 0.002 0.984 
 64    (0)    3 :  0.006 0.002 0.010 0.453 0.001 0.527 
 65    (0)    3 :  0.009 0.002 0.003 0.411 0.001 0.574 
 66    (0)    3 :  0.004 0.003 0.005 0.302 0.012 0.674 
 67    (0)    3 :  0.009 0.019 0.005 0.183 0.028 0.757 
 68    (0)    3 :  0.001 0.994 0.001 0.001 0.001 0.001 
 69    (0)    3 :  0.008 0.002 0.002 0.409 0.015 0.564 
 70    (0)    3 :  0.003 0.985 0.002 0.006 0.002 0.003 
 71    (0)    3 :  0.001 0.991 0.004 0.001 0.001 0.001 
 72    (0)    3 :  0.001 0.989 0.003 0.004 0.001 0.002 
 73    (0)    3 :  0.002 0.039 0.949 0.006 0.002 0.002 
 74    (0)    3 :  0.004 0.001 0.009 0.008 0.004 0.974 
 75    (0)    3 :  0.006 0.001 0.002 0.003 0.002 0.986 
 76    (0)    3 :  0.019 0.002 0.061 0.007 0.002 0.908 
 77    (0)    3 :  0.001 0.002 0.993 0.001 0.001 0.001 
 78    (0)    3 :  0.007 0.017 0.013 0.025 0.002 0.936 
 79    (0)    3 :  0.031 0.004 0.009 0.002 0.006 0.947 
 80    (0)    3 :  0.003 0.003 0.005 0.005 0.001 0.984 
 81    (0)    3 :  0.003 0.008 0.001 0.008 0.002 0.978 
 82    (0)    3 :  0.129 0.005 0.473 0.005 0.026 0.363 
 83    (0)    3 :  0.003 0.002 0.982 0.006 0.001 0.006 
 84    (0)    3 :  0.002 0.021 0.007 0.003 0.001 0.966 
 85    (0)    3 :  0.001 0.993 0.001 0.001 0.002 0.002 
 86    (0)    3 :  0.984 0.001 0.003 0.002 0.005 0.004 
 87    (0)    3 :  0.203 0.002 0.181 0.031 0.012 0.571 
 88    (0)    2 :  0.002 0.001 0.002 0.001 0.990 0.004 
 89    (0)    2 :  0.003 0.003 0.002 0.001 0.988 0.003 
 90    (0)    2 :  0.007 0.003 0.001 0.001 0.983 0.005 
 91    (0)    2 :  0.001 0.007 0.038 0.003 0.487 0.464 
 92    (0)    2 :  0.023 0.008 0.002 0.002 0.963 0.003 
 93    (0)    2 :  0.002 0.001 0.001 0.001 0.994 0.002 
 94    (0)    4 :  0.003 0.002 0.002 0.001 0.990 0.002 
 95    (0)    4 :  0.002 0.001 0.008 0.002 0.985 0.002 
 96    (2)    4 :  0.008 0.004 0.004 0.002 0.974 0.008 
 97    (0)    4 :  0.020 0.006 0.011 0.009 0.941 0.013 
 98    (1)    4 :  0.035 0.008 0.014 0.003 0.918 0.023 
 99    (0)    4 :  0.002 0.007 0.015 0.004 0.965 0.006 
100    (1)    4 :  0.002 0.015 0.002 0.003 0.960 0.018 
101    (0)    4 :  0.002 0.001 0.012 0.002 0.969 0.014 
102    (0)    4 :  0.001 0.003 0.002 0.001 0.990 0.002 
103    (0)    4 :  0.003 0.010 0.005 0.011 0.962 0.009 
104    (1)    4 :  0.002 0.015 0.021 0.002 0.950 0.010 
105    (1)    4 :  0.001 0.002 0.001 0.002 0.992 0.002 
106    (2)    4 :  0.004 0.007 0.011 0.006 0.968 0.005 
107    (1)    4 :  0.002 0.002 0.003 0.001 0.991 0.001 
108    (0)    4 :  0.013 0.011 0.004 0.004 0.966 0.003 
109    (1)    4 :  0.005 0.002 0.002 0.013 0.968 0.011 
110    (3)    4 :  0.006 0.004 0.002 0.001 0.985 0.003 
111    (0)    4 :  0.007 0.003 0.009 0.007 0.960 0.015 
112    (1)    4 :  0.017 0.002 0.005 0.002 0.965 0.008 
113    (1)    4 :  0.003 0.002 0.003 0.002 0.989 0.001 
114    (0)    4 :  0.002 0.002 0.001 0.001 0.993 0.001 
115    (1)    4 :  0.001 0.002 0.001 0.002 0.993 0.001 
116    (1)    4 :  0.036 0.006 0.067 0.002 0.876 0.013 
117    (0)    4 :  0.003 0.002 0.023 0.018 0.949 0.005 
118    (3)    4 :  0.005 0.003 0.002 0.002 0.985 0.003 
119    (2)    4 :  0.027 0.005 0.004 0.024 0.933 0.007 
120    (2)    4 :  0.011 0.007 0.003 0.002 0.964 0.013 
121    (0)    4 :  0.009 0.004 0.005 0.017 0.960 0.005 
122    (1)    4 :  0.005 0.008 0.002 0.003 0.980 0.002 
123    (0)    4 :  0.001 0.001 0.001 0.001 0.994 0.001 
124   (15)    4 :  0.003 0.015 0.006 0.005 0.964 0.007 
125    (1)    4 :  0.019 0.005 0.005 0.007 0.958 0.006 
126    (0)    4 :  0.004 0.007 0.002 0.005 0.977 0.005 
127    (2)    4 :  0.007 0.004 0.007 0.004 0.976 0.003 


Estimated Allele Frequencies in each cluster
First column gives estimated ancestral frequencies


Locus 1 : 
2 alleles
0.0% missing data
   3   (0.932) 0.813 0.991 0.985 0.998 0.912 0.981 
   2   (0.068) 0.187 0.009 0.015 0.002 0.088 0.019 

Locus 2 : 
2 alleles
0.0% missing data
   2   (0.343) 0.332 0.051 0.163 0.166 0.368 0.458 
   3   (0.657) 0.668 0.949 0.837 0.834 0.632 0.542 

Locus 3 : 
2 alleles
0.0% missing data
   2   (0.353) 0.323 0.215 0.151 0.250 0.339 0.427 
   4   (0.647) 0.677 0.785 0.849 0.750 0.661 0.573 

Locus 4 : 
2 alleles
0.0% missing data
   1   (0.688) 0.557 0.365 0.820 0.888 0.928 0.680 
   4   (0.312) 0.443 0.635 0.180 0.112 0.072 0.320 

Locus 5 : 
2 alleles
3.1% missing data
   2   (0.810) 0.755 0.973 0.949 0.953 0.740 0.813 
   1   (0.190) 0.245 0.027 0.051 0.047 0.260 0.187 

Locus 6 : 
2 alleles
2.4% missing data
   1   (0.205) 0.092 0.030 0.253 0.383 0.193 0.222 
   3   (0.795) 0.908 0.970 0.747 0.617 0.807 0.778 

Locus 7 : 
2 alleles
0.0% missing data
   2   (0.630) 0.664 0.946 0.571 0.457 0.413 0.656 
   3   (0.370) 0.336 0.054 0.429 0.543 0.587 0.344 

Locus 8 : 
2 alleles
2.4% missing data
   1   (0.245) 0.205 0.253 0.069 0.262 0.167 0.258 
   2   (0.755) 0.795 0.747 0.931 0.738 0.833 0.742 

Locus 9 : 
2 alleles
0.8% missing data
   4   (0.963) 0.984 0.995 0.991 0.999 0.822 0.990 
   1   (0.037) 0.016 0.005 0.009 0.001 0.178 0.010 

Locus 10 : 
2 alleles
0.0% missing data
   3   (0.723) 0.579 0.645 0.917 0.990 0.519 0.759 
   2   (0.277) 0.421 0.355 0.083 0.010 0.481 0.241 

Locus 11 : 
2 alleles
0.0% missing data
   2   (0.948) 0.951 0.993 0.988 0.998 0.772 0.985 
   1   (0.052) 0.049 0.007 0.012 0.002 0.228 0.015 

Locus 12 : 
2 alleles
0.0% missing data
   1   (0.488) 0.333 0.232 0.691 0.822 0.278 0.592 
   4   (0.512) 0.667 0.768 0.309 0.178 0.722 0.408 

Locus 13 : 
2 alleles
0.8% missing data
   2   (0.711) 0.840 0.799 0.915 0.802 0.584 0.634 
   4   (0.289) 0.160 0.201 0.085 0.198 0.416 0.366 

Locus 14 : 
2 alleles
0.0% missing data
   4   (0.691) 0.816 0.530 0.859 0.802 0.575 0.677 
   2   (0.309) 0.184 0.470 0.141 0.198 0.425 0.323 

Locus 15 : 
2 alleles
0.0% missing data
   4   (0.869) 0.687 0.982 0.969 0.995 0.885 0.893 
   2   (0.131) 0.313 0.018 0.031 0.005 0.115 0.107 

Locus 16 : 
2 alleles
0.0% missing data
   1   (0.414) 0.557 0.478 0.327 0.691 0.385 0.284 
   4   (0.586) 0.443 0.522 0.673 0.309 0.615 0.716 

Locus 17 : 
2 alleles
0.0% missing data
   4   (0.922) 0.969 0.886 0.684 0.998 0.939 0.978 
   3   (0.078) 0.031 0.114 0.316 0.002 0.061 0.022 

Locus 18 : 
2 alleles
0.0% missing data
   2   (0.803) 0.887 0.971 0.944 0.789 0.785 0.725 
   3   (0.197) 0.113 0.029 0.056 0.211 0.215 0.275 

Locus 19 : 
2 alleles
0.8% missing data
   4   (0.868) 0.744 0.981 0.961 0.985 0.820 0.921 
   2   (0.132) 0.256 0.019 0.039 0.015 0.180 0.079 

Locus 20 : 
2 alleles
0.0% missing data
   2   (0.661) 0.673 0.950 0.655 0.561 0.661 0.641 
   3   (0.339) 0.327 0.050 0.345 0.439 0.339 0.359 

Locus 21 : 
2 alleles
0.8% missing data
   2   (0.351) 0.305 0.263 0.198 0.207 0.452 0.366 
   3   (0.649) 0.695 0.737 0.802 0.793 0.548 0.634 

Locus 22 : 
2 alleles
0.0% missing data
   4   (0.800) 0.797 0.706 0.950 0.872 0.726 0.871 
   2   (0.200) 0.203 0.294 0.050 0.128 0.274 0.129 

Locus 23 : 
2 alleles
2.4% missing data
   1   (0.355) 0.307 0.483 0.100 0.566 0.402 0.357 
   4   (0.645) 0.693 0.517 0.900 0.434 0.598 0.643 

Locus 24 : 
2 alleles
0.0% missing data
   3   (0.764) 0.840 0.965 0.406 0.992 0.610 0.727 
   2   (0.236) 0.160 0.035 0.594 0.008 0.390 0.273 

Locus 25 : 
2 alleles
0.0% missing data
   3   (0.701) 0.706 0.956 0.843 0.489 0.715 0.674 
   2   (0.299) 0.294 0.044 0.157 0.511 0.285 0.326 

Locus 26 : 
2 alleles
0.8% missing data
   2   (0.573) 0.464 0.938 0.419 0.723 0.552 0.568 
   4   (0.427) 0.536 0.062 0.581 0.277 0.448 0.432 

Locus 27 : 
2 alleles
1.6% missing data
   1   (0.602) 0.775 0.191 0.504 0.753 0.627 0.599 
   4   (0.398) 0.225 0.809 0.496 0.247 0.373 0.401 

Locus 28 : 
2 alleles
3.9% missing data
   3   (0.532) 0.653 0.285 0.415 0.585 0.661 0.494 
   2   (0.468) 0.347 0.715 0.585 0.415 0.339 0.506 

Locus 29 : 
2 alleles
0.0% missing data
   4   (0.192) 0.115 0.343 0.339 0.439 0.354 0.065 
   1   (0.808) 0.885 0.657 0.661 0.561 0.646 0.935 

Locus 30 : 
2 alleles
0.0% missing data
   1   (0.426) 0.364 0.494 0.489 0.572 0.464 0.377 
   4   (0.574) 0.636 0.506 0.511 0.428 0.536 0.623 

Locus 31 : 
2 alleles
3.1% missing data
   2   (0.297) 0.332 0.043 0.339 0.504 0.298 0.257 
   4   (0.703) 0.668 0.957 0.661 0.496 0.702 0.743 

Locus 32 : 
2 alleles
0.0% missing data
   4   (0.519) 0.364 0.347 0.389 0.643 0.665 0.611 
   3   (0.481) 0.636 0.653 0.611 0.357 0.335 0.389 

Locus 33 : 
2 alleles
0.8% missing data
   2   (0.534) 0.561 0.449 0.161 0.566 0.618 0.613 
   3   (0.466) 0.439 0.551 0.839 0.434 0.382 0.387 

Locus 34 : 
2 alleles
0.0% missing data
   3   (0.497) 0.470 0.452 0.493 0.607 0.567 0.477 
   2   (0.503) 0.530 0.548 0.507 0.393 0.433 0.523 

Locus 35 : 
2 alleles
0.0% missing data
   4   (0.664) 0.686 0.686 0.677 0.989 0.793 0.518 
   1   (0.336) 0.314 0.314 0.323 0.011 0.207 0.482 

Locus 36 : 
2 alleles
0.0% missing data
   4   (0.644) 0.672 0.947 0.650 0.788 0.417 0.629 
   1   (0.356) 0.328 0.053 0.350 0.212 0.583 0.371 

Locus 37 : 
2 alleles
0.8% missing data
   2   (0.568) 0.526 0.732 0.382 0.814 0.449 0.622 
   3   (0.432) 0.474 0.268 0.618 0.186 0.551 0.378 

Locus 38 : 
2 alleles
0.8% missing data
   1   (0.919) 0.765 0.779 0.974 0.997 0.989 0.969 
   2   (0.081) 0.235 0.221 0.026 0.003 0.011 0.031 

Locus 39 : 
2 alleles
1.6% missing data
   2   (0.597) 0.658 0.516 0.666 0.963 0.338 0.593 
   4   (0.403) 0.342 0.484 0.334 0.037 0.662 0.407 

Locus 40 : 
2 alleles
0.0% missing data
   1   (0.404) 0.315 0.486 0.466 0.401 0.816 0.254 
   4   (0.596) 0.685 0.514 0.534 0.599 0.184 0.746 

Locus 41 : 
2 alleles
0.0% missing data
   2   (0.903) 0.900 0.986 0.972 0.933 0.621 0.970 
   1   (0.097) 0.100 0.014 0.028 0.067 0.379 0.030 

Locus 42 : 
2 alleles
0.0% missing data
   2   (0.535) 0.491 0.508 0.594 0.526 0.603 0.540 
   4   (0.465) 0.509 0.492 0.406 0.474 0.397 0.460 

Locus 43 : 
2 alleles
0.0% missing data
   2   (0.425) 0.443 0.439 0.159 0.366 0.684 0.382 
   4   (0.575) 0.557 0.561 0.841 0.634 0.316 0.618 

Locus 44 : 
3 alleles
1.6% missing data
   3   (0.846) 0.707 0.977 0.964 0.837 0.920 0.924 
   2   (0.122) 0.192 0.018 0.028 0.162 0.078 0.067 
   0   (0.032) 0.101 0.004 0.007 0.001 0.002 0.009 

Locus 45 : 
2 alleles
0.0% missing data
   1   (0.797) 0.643 0.970 0.689 0.985 0.793 0.848 
   2   (0.203) 0.357 0.030 0.311 0.015 0.207 0.152 

Locus 46 : 
2 alleles
0.0% missing data
   4   (0.878) 0.906 0.773 0.971 0.996 0.954 0.868 
   2   (0.122) 0.094 0.227 0.029 0.004 0.046 0.132 

Locus 47 : 
2 alleles
0.0% missing data
   2   (0.866) 0.925 0.711 0.969 0.957 0.949 0.881 
   1   (0.134) 0.075 0.289 0.031 0.043 0.051 0.119 

Locus 48 : 
2 alleles
1.6% missing data
   2   (0.566) 0.444 0.834 0.809 0.429 0.522 0.571 
   4   (0.434) 0.556 0.166 0.191 0.571 0.478 0.429 

Locus 49 : 
2 alleles
0.0% missing data
   1   (0.731) 0.801 0.800 0.632 0.914 0.649 0.775 
   2   (0.269) 0.199 0.200 0.368 0.086 0.351 0.225 

Locus 50 : 
2 alleles
0.0% missing data
   4   (0.721) 0.772 0.639 0.683 0.436 0.738 0.817 
   1   (0.279) 0.228 0.361 0.317 0.564 0.262 0.183 

Locus 51 : 
2 alleles
0.0% missing data
   3   (0.540) 0.768 0.559 0.564 0.572 0.667 0.354 
   2   (0.460) 0.232 0.441 0.436 0.428 0.333 0.646 

Locus 52 : 
2 alleles
0.8% missing data
   4   (0.921) 0.968 0.989 0.980 0.997 0.877 0.905 
   2   (0.079) 0.032 0.011 0.020 0.003 0.123 0.095 

Locus 53 : 
2 alleles
0.0% missing data
   4   (0.926) 0.970 0.729 0.981 0.998 0.624 0.979 
   2   (0.074) 0.030 0.271 0.019 0.002 0.376 0.021 

Locus 54 : 
2 alleles
3.1% missing data
   3   (0.584) 0.582 0.666 0.585 0.839 0.710 0.513 
   4   (0.416) 0.418 0.334 0.415 0.161 0.290 0.487 

Locus 55 : 
2 alleles
0.0% missing data
   2   (0.605) 0.523 0.784 0.623 0.594 0.777 0.592 
   1   (0.395) 0.477 0.216 0.377 0.406 0.223 0.408 

Locus 56 : 
3 alleles
2.4% missing data
   1   (0.780) 0.713 0.596 0.870 0.993 0.732 0.852 
   0   (0.072) 0.223 0.119 0.017 0.002 0.020 0.021 
   4   (0.148) 0.064 0.284 0.113 0.005 0.248 0.127 

Locus 57 : 
2 alleles
0.0% missing data
   4   (0.888) 0.818 0.984 0.925 0.997 0.644 0.948 
   1   (0.112) 0.182 0.016 0.075 0.003 0.356 0.052 

Locus 58 : 
2 alleles
0.0% missing data
   4   (0.881) 0.888 0.982 0.956 0.988 0.971 0.814 
   2   (0.119) 0.112 0.018 0.044 0.012 0.029 0.186 

Locus 59 : 
2 alleles
0.0% missing data
   3   (0.864) 0.784 0.980 0.959 0.890 0.954 0.891 
   2   (0.136) 0.216 0.020 0.041 0.110 0.046 0.109 

Locus 60 : 
2 alleles
0.0% missing data
   4   (0.756) 0.831 0.760 0.746 0.992 0.679 0.722 
   2   (0.244) 0.169 0.240 0.254 0.008 0.321 0.278 

Locus 61 : 
2 alleles
0.0% missing data
   4   (0.878) 0.947 0.824 0.961 0.996 0.774 0.886 
   2   (0.122) 0.053 0.176 0.039 0.004 0.226 0.114 

Locus 62 : 
2 alleles
0.0% missing data
   2   (0.738) 0.549 0.963 0.779 0.913 0.466 0.848 
   1   (0.262) 0.451 0.037 0.221 0.087 0.534 0.152 

Locus 63 : 
2 alleles
0.0% missing data
   2   (0.416) 0.286 0.707 0.529 0.641 0.218 0.423 
   1   (0.584) 0.714 0.293 0.471 0.359 0.782 0.577 

Locus 64 : 
2 alleles
0.0% missing data
   4   (0.821) 0.709 0.759 0.957 0.994 0.845 0.846 
   2   (0.179) 0.291 0.241 0.043 0.006 0.155 0.154 

Locus 65 : 
2 alleles
0.8% missing data
   1   (0.898) 0.946 0.984 0.672 0.997 0.742 0.947 
   4   (0.102) 0.054 0.016 0.328 0.003 0.258 0.053 

Locus 66 : 
3 alleles
1.6% missing data
   3   (0.598) 0.598 0.518 0.815 0.662 0.690 0.577 
   2   (0.369) 0.389 0.478 0.178 0.337 0.265 0.413 
   0   (0.033) 0.013 0.005 0.007 0.001 0.044 0.010 

Locus 67 : 
2 alleles
0.0% missing data
   1   (0.129) 0.096 0.234 0.033 0.030 0.038 0.110 
   3   (0.871) 0.904 0.766 0.967 0.970 0.962 0.890 

Locus 68 : 
2 alleles
0.0% missing data
   2   (0.526) 0.656 0.181 0.297 0.737 0.328 0.620 
   3   (0.474) 0.344 0.819 0.703 0.263 0.672 0.380 

Locus 69 : 
2 alleles
0.0% missing data
   4   (0.800) 0.912 0.703 0.668 0.994 0.507 0.834 
   2   (0.200) 0.088 0.297 0.332 0.006 0.493 0.166 

Locus 70 : 
3 alleles
0.0% missing data
   1   (0.308) 0.142 0.793 0.541 0.699 0.025 0.404 
   3   (0.654) 0.843 0.202 0.450 0.147 0.973 0.582 
   0   (0.038) 0.015 0.005 0.009 0.154 0.002 0.014 

Locus 71 : 
2 alleles
3.1% missing data
   2   (0.556) 0.448 0.514 0.442 0.212 0.746 0.639 
   4   (0.444) 0.552 0.486 0.558 0.788 0.254 0.361 

Locus 72 : 
2 alleles
1.6% missing data
   3   (0.529) 0.376 0.337 0.145 0.711 0.709 0.664 
   1   (0.471) 0.624 0.663 0.855 0.289 0.291 0.336 

Locus 73 : 
2 alleles
0.0% missing data
   1   (0.309) 0.201 0.470 0.504 0.539 0.353 0.207 
   2   (0.691) 0.799 0.530 0.496 0.461 0.647 0.793 

Locus 74 : 
2 alleles
1.6% missing data
   2   (0.820) 0.737 0.974 0.698 0.984 0.939 0.814 
   3   (0.180) 0.263 0.026 0.302 0.016 0.061 0.186 

Locus 75 : 
2 alleles
0.0% missing data
   3   (0.491) 0.573 0.173 0.217 0.792 0.667 0.462 
   1   (0.509) 0.427 0.827 0.783 0.208 0.333 0.538 

Locus 76 : 
2 alleles
0.0% missing data
   2   (0.447) 0.484 0.646 0.825 0.928 0.178 0.286 
   1   (0.553) 0.516 0.354 0.175 0.072 0.822 0.714 

Locus 77 : 
2 alleles
0.0% missing data
   4   (0.296) 0.205 0.314 0.116 0.480 0.104 0.401 
   1   (0.704) 0.795 0.686 0.884 0.520 0.896 0.599 

Locus 78 : 
2 alleles
0.0% missing data
   3   (0.717) 0.750 0.533 0.564 0.990 0.826 0.674 
   2   (0.283) 0.250 0.467 0.436 0.010 0.174 0.326 

Locus 79 : 
2 alleles
0.0% missing data
   2   (0.584) 0.642 0.835 0.788 0.722 0.520 0.469 
   3   (0.416) 0.358 0.165 0.212 0.278 0.480 0.531 

Locus 80 : 
2 alleles
0.0% missing data
   4   (0.811) 0.924 0.704 0.733 0.872 0.784 0.871 
   2   (0.189) 0.076 0.296 0.267 0.128 0.216 0.129 

Locus 81 : 
2 alleles
0.0% missing data
   3   (0.467) 0.523 0.068 0.585 0.338 0.581 0.496 
   2   (0.533) 0.477 0.932 0.415 0.662 0.419 0.504 

Locus 82 : 
2 alleles
0.0% missing data
   2   (0.733) 0.732 0.748 0.683 0.715 0.688 0.837 
   3   (0.267) 0.268 0.252 0.317 0.285 0.312 0.163 

Locus 83 : 
2 alleles
0.0% missing data
   3   (0.709) 0.600 0.958 0.786 0.883 0.471 0.768 
   2   (0.291) 0.400 0.042 0.214 0.117 0.529 0.232 

Locus 84 : 
2 alleles
0.0% missing data
   3   (0.538) 0.661 0.291 0.705 0.440 0.406 0.550 
   2   (0.462) 0.339 0.709 0.295 0.560 0.594 0.450 

Locus 85 : 
2 alleles
0.0% missing data
   3   (0.766) 0.866 0.651 0.390 0.872 0.817 0.839 
   4   (0.234) 0.134 0.349 0.610 0.128 0.183 0.161 

Locus 86 : 
2 alleles
0.0% missing data
   3   (0.529) 0.560 0.079 0.598 0.447 0.849 0.503 
   2   (0.471) 0.440 0.921 0.402 0.553 0.151 0.497 

Locus 87 : 
3 alleles
4.7% missing data
   1   (0.543) 0.527 0.504 0.480 0.713 0.432 0.614 
   4   (0.425) 0.388 0.492 0.513 0.286 0.563 0.377 
   0   (0.032) 0.085 0.005 0.008 0.001 0.005 0.009 

Locus 88 : 
2 alleles
1.6% missing data
   3   (0.817) 0.797 0.974 0.938 0.994 0.671 0.765 
   1   (0.183) 0.203 0.026 0.062 0.006 0.329 0.235 

Locus 89 : 
2 alleles
0.0% missing data
   1   (0.563) 0.544 0.509 0.237 0.894 0.424 0.672 
   4   (0.437) 0.456 0.491 0.763 0.106 0.576 0.328 

Locus 90 : 
2 alleles
0.8% missing data
   3   (0.738) 0.827 0.527 0.907 0.760 0.598 0.781 
   2   (0.262) 0.173 0.473 0.093 0.240 0.402 0.219 

Locus 91 : 
2 alleles
0.0% missing data
   2   (0.691) 0.735 0.741 0.921 0.691 0.717 0.645 
   4   (0.309) 0.265 0.259 0.079 0.309 0.283 0.355 

Locus 92 : 
2 alleles
0.0% missing data
   2   (0.769) 0.850 0.751 0.706 0.957 0.735 0.805 
   4   (0.231) 0.150 0.249 0.294 0.043 0.265 0.195 

Locus 93 : 
2 alleles
0.0% missing data
   4   (0.909) 0.779 0.986 0.978 0.997 0.878 0.956 
   1   (0.091) 0.221 0.014 0.022 0.003 0.122 0.044 

Locus 94 : 
2 alleles
0.0% missing data
   3   (0.781) 0.790 0.968 0.689 0.748 0.875 0.801 
   1   (0.219) 0.210 0.032 0.311 0.252 0.125 0.199 

Locus 95 : 
2 alleles
0.0% missing data
   1   (0.056) 0.155 0.008 0.013 0.067 0.003 0.016 
   3   (0.944) 0.845 0.992 0.987 0.933 0.997 0.984 

Locus 96 : 
2 alleles
0.0% missing data
   3   (0.559) 0.459 0.514 0.874 0.802 0.481 0.535 
   2   (0.441) 0.541 0.486 0.126 0.198 0.519 0.465 

Locus 97 : 
2 alleles
0.0% missing data
   2   (0.723) 0.670 0.751 0.726 0.991 0.635 0.744 
   1   (0.277) 0.330 0.249 0.274 0.009 0.365 0.256 

Locus 98 : 
2 alleles
0.0% missing data
   4   (0.771) 0.824 0.966 0.758 0.993 0.609 0.694 
   2   (0.229) 0.176 0.034 0.242 0.007 0.391 0.306 

Locus 99 : 
2 alleles
0.8% missing data
   4   (0.836) 0.879 0.763 0.767 0.995 0.615 0.908 
   1   (0.164) 0.121 0.237 0.233 0.005 0.385 0.092 

Locus 100 : 
2 alleles
0.8% missing data
   3   (0.429) 0.325 0.657 0.567 0.209 0.510 0.406 
   2   (0.571) 0.675 0.343 0.433 0.791 0.490 0.594 

Locus 101 : 
3 alleles
0.0% missing data
   4   (0.457) 0.383 0.493 0.800 0.434 0.084 0.578 
   2   (0.470) 0.553 0.496 0.182 0.542 0.912 0.315 
   0   (0.073) 0.065 0.010 0.017 0.024 0.004 0.107 

Locus 102 : 
2 alleles
2.4% missing data
   2   (0.761) 0.853 0.697 0.714 0.900 0.892 0.747 
   4   (0.239) 0.147 0.303 0.286 0.100 0.108 0.253 

Locus 103 : 
3 alleles
0.0% missing data
   4   (0.107) 0.074 0.016 0.043 0.526 0.027 0.091 
   2   (0.814) 0.892 0.972 0.579 0.471 0.968 0.774 
   0   (0.079) 0.034 0.011 0.377 0.002 0.004 0.136 

Locus 104 : 
2 alleles
0.0% missing data
   3   (0.297) 0.175 0.150 0.370 0.564 0.178 0.327 
   2   (0.703) 0.825 0.850 0.630 0.436 0.822 0.673 

Locus 105 : 
2 alleles
0.0% missing data
   4   (0.488) 0.506 0.499 0.535 0.413 0.418 0.490 
   1   (0.512) 0.494 0.501 0.465 0.587 0.582 0.510 

Locus 106 : 
2 alleles
0.0% missing data
   1   (0.142) 0.063 0.021 0.045 0.177 0.183 0.159 
   2   (0.858) 0.937 0.979 0.955 0.823 0.817 0.841 

Locus 107 : 
2 alleles
0.0% missing data
   1   (0.585) 0.626 0.400 0.803 0.794 0.478 0.564 
   4   (0.415) 0.374 0.600 0.197 0.206 0.522 0.436 

Locus 108 : 
2 alleles
0.0% missing data
   2   (0.761) 0.883 0.698 0.669 0.928 0.826 0.750 
   4   (0.239) 0.117 0.302 0.331 0.072 0.174 0.250 

Locus 109 : 
2 alleles
0.0% missing data
   3   (0.785) 0.767 0.813 0.765 0.966 0.793 0.852 
   2   (0.215) 0.233 0.187 0.235 0.034 0.207 0.148 

Locus 110 : 
2 alleles
0.0% missing data
   2   (0.927) 0.970 0.989 0.982 0.998 0.916 0.911 
   1   (0.073) 0.030 0.011 0.018 0.002 0.084 0.089 

Locus 111 : 
2 alleles
0.0% missing data
   1   (0.840) 0.867 0.977 0.867 0.994 0.731 0.825 
   2   (0.160) 0.133 0.023 0.133 0.006 0.269 0.175 

Locus 112 : 
2 alleles
7.1% missing data
   3   (0.840) 0.900 0.759 0.927 0.995 0.872 0.812 
   2   (0.160) 0.100 0.241 0.073 0.005 0.128 0.188 

Locus 113 : 
2 alleles
0.0% missing data
   2   (0.676) 0.666 0.952 0.420 0.743 0.870 0.600 
   3   (0.324) 0.334 0.048 0.580 0.257 0.130 0.400 

Locus 114 : 
2 alleles
0.0% missing data
   4   (0.718) 0.640 0.959 0.910 0.808 0.706 0.671 
   2   (0.282) 0.360 0.041 0.090 0.192 0.294 0.329 

Locus 115 : 
2 alleles
0.0% missing data
   3   (0.459) 0.356 0.658 0.344 0.340 0.539 0.486 
   2   (0.541) 0.644 0.342 0.656 0.660 0.461 0.514 

Locus 116 : 
2 alleles
0.0% missing data
   4   (0.456) 0.415 0.489 0.353 0.692 0.577 0.403 
   3   (0.544) 0.585 0.511 0.647 0.308 0.423 0.597 

Locus 117 : 
2 alleles
0.0% missing data
   2   (0.894) 0.914 0.985 0.974 0.995 0.895 0.859 
   3   (0.106) 0.086 0.015 0.026 0.005 0.105 0.141 

Locus 118 : 
2 alleles
0.0% missing data
   2   (0.905) 0.707 0.986 0.974 0.997 0.915 0.956 
   1   (0.095) 0.293 0.014 0.026 0.003 0.085 0.044 

Locus 119 : 
3 alleles
0.0% missing data
   2   (0.909) 0.964 0.569 0.980 0.971 0.915 0.974 
   0   (0.032) 0.012 0.005 0.007 0.027 0.002 0.009 
   3   (0.059) 0.024 0.427 0.013 0.002 0.083 0.017 

Locus 120 : 
2 alleles
0.0% missing data
   1   (0.924) 0.966 0.989 0.816 0.997 0.959 0.951 
   2   (0.076) 0.034 0.011 0.184 0.003 0.041 0.049 

Locus 121 : 
2 alleles
0.0% missing data
   3   (0.735) 0.851 0.856 0.558 0.655 0.827 0.736 
   4   (0.265) 0.149 0.144 0.442 0.345 0.173 0.264 

Locus 122 : 
2 alleles
0.0% missing data
   1   (0.966) 0.987 0.995 0.992 0.898 0.998 0.986 
   0   (0.034) 0.013 0.005 0.008 0.102 0.002 0.014 

Locus 123 : 
3 alleles
1.6% missing data
   2   (0.720) 0.856 0.848 0.504 0.915 0.337 0.807 
   3   (0.249) 0.132 0.148 0.489 0.031 0.662 0.185 
   0   (0.031) 0.011 0.004 0.008 0.054 0.002 0.008 

Locus 124 : 
2 alleles
0.8% missing data
   1   (0.810) 0.677 0.972 0.803 0.993 0.754 0.848 
   3   (0.190) 0.323 0.028 0.197 0.007 0.246 0.152 

Locus 125 : 
2 alleles
0.0% missing data
   1   (0.900) 0.959 0.555 0.973 0.997 0.988 0.842 
   2   (0.100) 0.041 0.445 0.027 0.003 0.012 0.158 

Locus 126 : 
2 alleles
0.0% missing data
   4   (0.239) 0.164 0.301 0.067 0.242 0.319 0.206 
   2   (0.761) 0.836 0.699 0.933 0.758 0.681 0.794 

Locus 127 : 
2 alleles
0.0% missing data
   3   (0.681) 0.658 0.529 0.921 0.989 0.386 0.659 
   2   (0.319) 0.342 0.471 0.079 0.011 0.614 0.341 

Locus 128 : 
2 alleles
0.8% missing data
   3   (0.774) 0.700 0.652 0.933 0.799 0.948 0.785 
   2   (0.226) 0.300 0.348 0.067 0.201 0.052 0.215 

Locus 129 : 
2 alleles
0.8% missing data
   1   (0.758) 0.746 0.758 0.874 0.979 0.927 0.676 
   3   (0.242) 0.254 0.242 0.126 0.021 0.073 0.324 

Locus 130 : 
2 alleles
0.0% missing data
   3   (0.873) 0.770 0.981 0.807 0.996 0.938 0.918 
   2   (0.127) 0.230 0.019 0.193 0.004 0.062 0.082 

Locus 131 : 
2 alleles
0.0% missing data
   4   (0.643) 0.586 0.578 0.783 0.330 0.893 0.631 
   1   (0.357) 0.414 0.422 0.217 0.670 0.107 0.369 

Locus 132 : 
2 alleles
0.0% missing data
   2   (0.800) 0.707 0.816 0.863 0.994 0.903 0.793 
   4   (0.200) 0.293 0.184 0.137 0.006 0.097 0.207 

Locus 133 : 
2 alleles
0.0% missing data
   3   (0.477) 0.540 0.069 0.463 0.844 0.522 0.473 
   2   (0.523) 0.460 0.931 0.537 0.156 0.478 0.527 

Locus 134 : 
2 alleles
0.8% missing data
   3   (0.773) 0.792 0.968 0.577 0.908 0.665 0.830 
   2   (0.227) 0.208 0.032 0.423 0.092 0.335 0.170 

Locus 135 : 
2 alleles
0.0% missing data
   3   (0.620) 0.667 0.514 0.629 0.898 0.599 0.606 
   2   (0.380) 0.333 0.486 0.371 0.102 0.401 0.394 

Locus 136 : 
2 alleles
0.0% missing data
   4   (0.892) 0.896 0.983 0.974 0.996 0.557 0.924 
   2   (0.108) 0.104 0.017 0.026 0.004 0.443 0.076 

Locus 137 : 
2 alleles
0.0% missing data
   2   (0.925) 0.898 0.989 0.974 0.996 0.989 0.925 
   3   (0.075) 0.102 0.011 0.026 0.004 0.011 0.075 

Locus 138 : 
2 alleles
0.8% missing data
   1   (0.676) 0.758 0.691 0.575 0.491 0.813 0.687 
   3   (0.324) 0.242 0.309 0.425 0.509 0.187 0.313 

Locus 139 : 
2 alleles
0.8% missing data
   2   (0.611) 0.541 0.457 0.846 0.404 0.522 0.696 
   3   (0.389) 0.459 0.543 0.154 0.596 0.478 0.304 

Locus 140 : 
2 alleles
0.0% missing data
   4   (0.706) 0.771 0.638 0.361 0.909 0.828 0.742 
   3   (0.294) 0.229 0.362 0.639 0.091 0.172 0.258 

Locus 141 : 
2 alleles
0.0% missing data
   1   (0.712) 0.789 0.691 0.922 0.773 0.617 0.701 
   4   (0.288) 0.211 0.309 0.078 0.227 0.383 0.299 

Locus 142 : 
2 alleles
0.0% missing data
   3   (0.637) 0.651 0.360 0.451 0.595 0.871 0.674 
   2   (0.363) 0.349 0.640 0.549 0.405 0.129 0.326 

Locus 143 : 
2 alleles
0.0% missing data
   2   (0.936) 0.962 0.991 0.985 0.997 0.965 0.940 
   3   (0.064) 0.038 0.009 0.015 0.003 0.035 0.060 

Locus 144 : 
3 alleles
0.8% missing data
   4   (0.611) 0.690 0.722 0.550 0.945 0.460 0.581 
   1   (0.359) 0.297 0.274 0.443 0.028 0.538 0.411 
   0   (0.030) 0.013 0.004 0.007 0.027 0.002 0.009 

Locus 145 : 
2 alleles
0.0% missing data
   1   (0.176) 0.128 0.026 0.114 0.272 0.050 0.219 
   3   (0.824) 0.872 0.974 0.886 0.728 0.950 0.781 

Locus 146 : 
2 alleles
0.0% missing data
   4   (0.920) 0.959 0.988 0.980 0.997 0.875 0.915 
   1   (0.080) 0.041 0.012 0.020 0.003 0.125 0.085 

Locus 147 : 
2 alleles
0.8% missing data
   1   (0.381) 0.504 0.539 0.450 0.406 0.182 0.306 
   4   (0.619) 0.496 0.461 0.550 0.594 0.818 0.694 

Locus 148 : 
2 alleles
0.0% missing data
   3   (0.732) 0.623 0.325 0.919 0.608 0.984 0.665 
   1   (0.268) 0.377 0.675 0.081 0.392 0.016 0.335 

Locus 149 : 
3 alleles
1.6% missing data
   2   (0.491) 0.576 0.178 0.758 0.590 0.438 0.489 
   3   (0.457) 0.404 0.814 0.230 0.407 0.538 0.466 
   0   (0.051) 0.020 0.007 0.012 0.003 0.024 0.045 

Locus 150 : 
2 alleles
0.0% missing data
   1   (0.721) 0.680 0.959 0.916 0.906 0.804 0.589 
   4   (0.279) 0.320 0.041 0.084 0.094 0.196 0.411 

Locus 151 : 
2 alleles
0.0% missing data
   3   (0.721) 0.577 0.959 0.843 0.404 0.888 0.723 
   2   (0.279) 0.423 0.041 0.157 0.596 0.112 0.277 

Locus 152 : 
2 alleles
0.0% missing data
   4   (0.931) 0.972 0.831 0.981 0.998 0.995 0.903 
   2   (0.069) 0.028 0.169 0.019 0.002 0.005 0.097 

Locus 153 : 
2 alleles
0.0% missing data
   1   (0.643) 0.744 0.678 0.501 0.680 0.496 0.697 
   4   (0.357) 0.256 0.322 0.499 0.320 0.504 0.303 

Locus 154 : 
2 alleles
0.8% missing data
   1   (0.532) 0.539 0.510 0.461 0.894 0.103 0.675 
   3   (0.468) 0.461 0.490 0.539 0.106 0.897 0.325 

Locus 155 : 
2 alleles
0.0% missing data
   3   (0.555) 0.431 0.777 0.442 0.851 0.639 0.549 
   4   (0.445) 0.569 0.223 0.558 0.149 0.361 0.451 

Locus 156 : 
2 alleles
0.8% missing data
   1   (0.805) 0.847 0.971 0.945 0.973 0.209 0.846 
   2   (0.195) 0.153 0.029 0.055 0.027 0.791 0.154 

Locus 157 : 
2 alleles
0.0% missing data
   4   (0.582) 0.680 0.668 0.604 0.754 0.557 0.520 
   2   (0.418) 0.320 0.332 0.396 0.246 0.443 0.480 

Locus 158 : 
2 alleles
0.8% missing data
   1   (0.706) 0.652 0.797 0.892 0.758 0.898 0.646 
   2   (0.294) 0.348 0.203 0.108 0.242 0.102 0.354 

Locus 159 : 
3 alleles
0.8% missing data
   2   (0.832) 0.831 0.975 0.947 0.866 0.513 0.863 
   0   (0.069) 0.027 0.011 0.016 0.130 0.004 0.089 
   3   (0.100) 0.142 0.014 0.037 0.003 0.483 0.049 

Locus 160 : 
3 alleles
0.0% missing data
   1   (0.453) 0.561 0.491 0.384 0.468 0.181 0.504 
   3   (0.513) 0.426 0.503 0.606 0.531 0.817 0.454 
   0   (0.034) 0.014 0.007 0.010 0.001 0.002 0.042 

Locus 161 : 
2 alleles
0.8% missing data
   1   (0.512) 0.535 0.181 0.504 0.512 0.537 0.560 
   4   (0.488) 0.465 0.819 0.496 0.488 0.463 0.440 

Locus 162 : 
3 alleles
3.1% missing data
   1   (0.905) 0.739 0.986 0.979 0.997 0.942 0.972 
   0   (0.062) 0.248 0.009 0.014 0.002 0.035 0.018 
   2   (0.032) 0.013 0.005 0.007 0.001 0.023 0.010 

Locus 163 : 
2 alleles
0.0% missing data
   2   (0.876) 0.928 0.981 0.954 0.853 0.654 0.927 
   3   (0.124) 0.072 0.019 0.046 0.147 0.346 0.073 

Locus 164 : 
3 alleles
0.8% missing data
   4   (0.866) 0.858 0.980 0.961 0.806 0.854 0.950 
   1   (0.104) 0.129 0.015 0.032 0.193 0.124 0.042 
   0   (0.030) 0.012 0.004 0.007 0.001 0.022 0.009 

Locus 165 : 
2 alleles
0.0% missing data
   4   (0.808) 0.844 0.869 0.614 0.828 0.679 0.924 
   1   (0.192) 0.156 0.131 0.386 0.172 0.321 0.076 

Locus 166 : 
2 alleles
0.8% missing data
   2   (0.890) 0.943 0.984 0.650 0.986 0.497 0.963 
   3   (0.110) 0.057 0.016 0.350 0.014 0.503 0.037 

Locus 167 : 
2 alleles
0.0% missing data
   2   (0.649) 0.788 0.632 0.708 0.759 0.237 0.724 
   3   (0.351) 0.212 0.368 0.292 0.241 0.763 0.276 

Locus 168 : 
2 alleles
0.0% missing data
   3   (0.743) 0.810 0.742 0.924 0.910 0.781 0.683 
   2   (0.257) 0.190 0.258 0.076 0.090 0.219 0.317 

Locus 169 : 
3 alleles
2.4% missing data
   4   (0.408) 0.592 0.164 0.339 0.560 0.145 0.449 
   3   (0.540) 0.369 0.829 0.630 0.384 0.852 0.518 
   0   (0.052) 0.039 0.008 0.031 0.056 0.003 0.033 

Locus 170 : 
2 alleles
0.0% missing data
   1   (0.740) 0.807 0.530 0.878 0.549 0.686 0.820 
   3   (0.260) 0.193 0.470 0.122 0.451 0.314 0.180 

Locus 171 : 
3 alleles
3.1% missing data
   2   (0.816) 0.814 0.972 0.949 0.956 0.652 0.888 
   3   (0.148) 0.170 0.023 0.043 0.043 0.303 0.102 
   0   (0.035) 0.015 0.005 0.008 0.001 0.046 0.010 

Locus 172 : 
2 alleles
0.0% missing data
   4   (0.723) 0.762 0.960 0.640 0.609 0.726 0.730 
   1   (0.277) 0.238 0.040 0.360 0.391 0.274 0.270 

Locus 173 : 
2 alleles
0.0% missing data
   2   (0.761) 0.810 0.544 0.728 0.530 0.779 0.871 
   3   (0.239) 0.190 0.456 0.272 0.470 0.221 0.129 

Locus 174 : 
2 alleles
0.0% missing data
   4   (0.724) 0.744 0.850 0.705 0.811 0.699 0.780 
   1   (0.276) 0.256 0.150 0.295 0.189 0.301 0.220 

Locus 175 : 
2 alleles
0.0% missing data
   2   (0.738) 0.824 0.856 0.919 0.768 0.623 0.715 
   4   (0.262) 0.176 0.144 0.081 0.232 0.377 0.285 

Locus 176 : 
2 alleles
0.8% missing data
   4   (0.948) 0.979 0.992 0.842 0.998 0.996 0.957 
   1   (0.052) 0.021 0.008 0.158 0.002 0.004 0.043 

Locus 177 : 
2 alleles
0.0% missing data
   3   (0.507) 0.587 0.664 0.206 0.535 0.692 0.450 
   2   (0.493) 0.413 0.336 0.794 0.465 0.308 0.550 

Locus 178 : 
3 alleles
2.4% missing data
   3   (0.612) 0.686 0.622 0.840 0.655 0.827 0.479 
   2   (0.357) 0.302 0.271 0.153 0.345 0.171 0.513 
   0   (0.031) 0.012 0.107 0.007 0.001 0.002 0.009 

Locus 179 : 
2 alleles
0.0% missing data
   3   (0.899) 0.926 0.986 0.966 0.966 0.836 0.943 
   2   (0.101) 0.074 0.014 0.034 0.034 0.164 0.057 

Locus 180 : 
3 alleles
1.6% missing data
   3   (0.512) 0.345 0.661 0.691 0.798 0.171 0.643 
   2   (0.443) 0.586 0.333 0.259 0.201 0.826 0.313 
   0   (0.044) 0.070 0.006 0.050 0.001 0.003 0.044 

Locus 181 : 
2 alleles
0.0% missing data
   2   (0.736) 0.816 0.961 0.607 0.746 0.556 0.766 
   1   (0.264) 0.184 0.039 0.393 0.254 0.444 0.234 

Locus 182 : 
2 alleles
1.6% missing data
   4   (0.788) 0.808 0.862 0.949 0.534 0.915 0.789 
   2   (0.212) 0.192 0.138 0.051 0.466 0.085 0.211 

Locus 183 : 
2 alleles
0.0% missing data
   4   (0.890) 0.950 0.983 0.960 0.905 0.975 0.858 
   2   (0.110) 0.050 0.017 0.040 0.095 0.025 0.142 

Locus 184 : 
2 alleles
0.0% missing data
   2   (0.884) 0.836 0.770 0.972 0.972 0.965 0.946 
   3   (0.116) 0.164 0.230 0.028 0.028 0.035 0.054 

Locus 185 : 
2 alleles
0.0% missing data
   2   (0.778) 0.874 0.538 0.939 0.809 0.724 0.799 
   3   (0.222) 0.126 0.462 0.061 0.191 0.276 0.201 

Locus 186 : 
2 alleles
0.0% missing data
   2   (0.904) 0.831 0.986 0.978 0.637 0.995 0.925 
   3   (0.096) 0.169 0.014 0.022 0.363 0.005 0.075 

Locus 187 : 
2 alleles
0.0% missing data
   3   (0.901) 0.955 0.773 0.974 0.958 0.968 0.939 
   2   (0.099) 0.045 0.227 0.026 0.042 0.032 0.061 

Locus 188 : 
2 alleles
2.4% missing data
   2   (0.748) 0.517 0.962 0.912 0.741 0.565 0.844 
   3   (0.252) 0.483 0.038 0.088 0.259 0.435 0.156 

Locus 189 : 
3 alleles
3.1% missing data
   3   (0.628) 0.581 0.733 0.722 0.494 0.590 0.740 
   1   (0.317) 0.356 0.259 0.264 0.505 0.361 0.233 
   0   (0.055) 0.063 0.008 0.014 0.002 0.048 0.027 

Locus 190 : 
2 alleles
0.0% missing data
   1   (0.872) 0.897 0.981 0.879 0.995 0.953 0.824 
   5   (0.128) 0.103 0.019 0.121 0.005 0.047 0.176 

Locus 191 : 
2 alleles
0.0% missing data
   1   (0.803) 0.720 0.821 0.952 0.680 0.989 0.733 
   5   (0.197) 0.280 0.179 0.048 0.320 0.011 0.267 

Locus 192 : 
2 alleles
0.0% missing data
   2   (0.588) 0.722 0.245 0.472 0.791 0.512 0.606 
   1   (0.412) 0.278 0.755 0.528 0.209 0.488 0.394 

Locus 193 : 
2 alleles
2.4% missing data
   1   (0.937) 0.883 0.991 0.978 0.998 0.902 0.982 
   4   (0.063) 0.117 0.009 0.022 0.002 0.098 0.018 

Locus 194 : 
2 alleles
0.0% missing data
   3   (0.767) 0.599 0.966 0.723 0.992 0.684 0.794 
   2   (0.233) 0.401 0.034 0.277 0.008 0.316 0.206 

Locus 195 : 
2 alleles
6.3% missing data
   4   (0.573) 0.473 0.676 0.435 0.986 0.473 0.550 
   1   (0.427) 0.527 0.324 0.565 0.014 0.527 0.450 

Locus 196 : 
2 alleles
0.8% missing data
   3   (0.891) 0.953 0.985 0.728 0.765 0.977 0.923 
   2   (0.109) 0.047 0.015 0.272 0.235 0.023 0.077 

Locus 197 : 
2 alleles
0.8% missing data
   3   (0.686) 0.752 0.789 0.913 0.754 0.766 0.571 
   4   (0.314) 0.248 0.211 0.087 0.246 0.234 0.429 

Locus 198 : 
2 alleles
0.0% missing data
   1   (0.963) 0.985 0.995 0.991 0.999 0.898 0.990 
   2   (0.037) 0.015 0.005 0.009 0.001 0.102 0.010 

Locus 199 : 
2 alleles
0.0% missing data
   2   (0.852) 0.819 0.979 0.964 0.995 0.557 0.857 
   3   (0.148) 0.181 0.021 0.036 0.005 0.443 0.143 

Locus 200 : 
2 alleles
0.0% missing data
   2   (0.512) 0.478 0.447 0.184 0.603 0.498 0.616 
   4   (0.488) 0.522 0.553 0.816 0.397 0.502 0.384 

Locus 201 : 
2 alleles
0.8% missing data
   2   (0.720) 0.823 0.959 0.615 0.990 0.338 0.643 
   1   (0.280) 0.177 0.041 0.385 0.010 0.662 0.357 

Locus 202 : 
2 alleles
0.0% missing data
   1   (0.900) 0.942 0.831 0.841 0.747 0.994 0.951 
   3   (0.100) 0.058 0.169 0.159 0.253 0.006 0.049 

Locus 203 : 
2 alleles
0.8% missing data
   2   (0.708) 0.756 0.582 0.646 0.991 0.765 0.648 
   1   (0.292) 0.244 0.418 0.354 0.009 0.235 0.352 

Locus 204 : 
2 alleles
0.0% missing data
   2   (0.865) 0.940 0.981 0.955 0.995 0.822 0.736 
   5   (0.135) 0.060 0.019 0.045 0.005 0.178 0.264 

Locus 205 : 
2 alleles
0.0% missing data
   3   (0.674) 0.504 0.636 0.715 0.647 0.883 0.742 
   1   (0.326) 0.496 0.364 0.285 0.353 0.117 0.258 

Locus 206 : 
2 alleles
0.0% missing data
   4   (0.587) 0.496 0.890 0.853 0.323 0.597 0.556 
   1   (0.413) 0.504 0.110 0.147 0.677 0.403 0.444 

Locus 207 : 
2 alleles
0.8% missing data
   3   (0.812) 0.834 0.653 0.889 0.994 0.878 0.790 
   2   (0.188) 0.166 0.347 0.111 0.006 0.122 0.210 

Locus 208 : 
2 alleles
1.6% missing data
   1   (0.717) 0.514 0.801 0.696 0.991 0.530 0.814 
   2   (0.283) 0.486 0.199 0.304 0.009 0.470 0.186 

Locus 209 : 
3 alleles
0.0% missing data
   3   (0.936) 0.975 0.991 0.986 0.906 0.997 0.982 
   2   (0.033) 0.013 0.005 0.008 0.067 0.002 0.009 
   0   (0.031) 0.012 0.004 0.007 0.027 0.002 0.009 

Locus 210 : 
2 alleles
0.0% missing data
   2   (0.610) 0.608 0.092 0.727 0.980 0.442 0.671 
   4   (0.390) 0.392 0.908 0.273 0.020 0.558 0.329 

Locus 211 : 
2 alleles
0.0% missing data
   2   (0.893) 0.953 0.983 0.797 0.996 0.761 0.919 
   4   (0.107) 0.047 0.017 0.203 0.004 0.239 0.081 

Locus 212 : 
2 alleles
0.0% missing data
   4   (0.735) 0.721 0.852 0.690 0.776 0.751 0.808 
   1   (0.265) 0.279 0.148 0.310 0.224 0.249 0.192 

Locus 213 : 
2 alleles
0.0% missing data
   3   (0.760) 0.892 0.601 0.943 0.219 0.618 0.806 
   2   (0.240) 0.108 0.399 0.057 0.781 0.382 0.194 

Locus 214 : 
2 alleles
0.0% missing data
   1   (0.741) 0.753 0.699 0.913 0.862 0.657 0.776 
   4   (0.259) 0.247 0.301 0.087 0.138 0.343 0.224 

Locus 215 : 
2 alleles
0.0% missing data
   4   (0.308) 0.159 0.522 0.669 0.318 0.093 0.330 
   5   (0.692) 0.841 0.478 0.331 0.682 0.907 0.670 

Locus 216 : 
2 alleles
0.0% missing data
   3   (0.893) 0.829 0.985 0.973 0.905 0.806 0.965 
   1   (0.107) 0.171 0.015 0.027 0.095 0.194 0.035 

Locus 217 : 
2 alleles
0.0% missing data
   3   (0.884) 0.953 0.823 0.972 0.996 0.864 0.867 
   2   (0.116) 0.047 0.177 0.028 0.004 0.136 0.133 

Locus 218 : 
2 alleles
0.0% missing data
   3   (0.429) 0.490 0.064 0.212 0.239 0.432 0.567 
   2   (0.571) 0.510 0.936 0.788 0.761 0.568 0.433 

Locus 219 : 
2 alleles
0.0% missing data
   4   (0.734) 0.592 0.752 0.902 0.992 0.286 0.829 
   2   (0.266) 0.408 0.248 0.098 0.008 0.714 0.171 

Locus 220 : 
2 alleles
0.0% missing data
   3   (0.747) 0.752 0.696 0.908 0.954 0.663 0.769 
   2   (0.253) 0.248 0.304 0.092 0.046 0.337 0.231 

Locus 221 : 
2 alleles
0.0% missing data
   3   (0.794) 0.857 0.699 0.651 0.767 0.917 0.857 
   2   (0.206) 0.143 0.301 0.349 0.233 0.083 0.143 

Locus 222 : 
2 alleles
0.0% missing data
   2   (0.730) 0.880 0.639 0.801 0.991 0.490 0.646 
   3   (0.270) 0.120 0.361 0.199 0.009 0.510 0.354 

Locus 223 : 
2 alleles
0.8% missing data
   1   (0.949) 0.966 0.993 0.988 0.998 0.788 0.981 
   2   (0.051) 0.034 0.007 0.012 0.002 0.212 0.019 

Locus 224 : 
2 alleles
0.0% missing data
   5   (0.765) 0.861 0.861 0.872 0.884 0.418 0.812 
   1   (0.235) 0.139 0.139 0.128 0.116 0.582 0.188 

Locus 225 : 
2 alleles
0.8% missing data
   2   (0.760) 0.871 0.752 0.918 0.642 0.783 0.736 
   3   (0.240) 0.129 0.248 0.082 0.358 0.217 0.264 

Locus 226 : 
2 alleles
0.0% missing data
   3   (0.928) 0.970 0.989 0.636 0.998 0.995 0.907 
   1   (0.072) 0.030 0.011 0.364 0.002 0.005 0.093 

Values of parameters used in structure:
DATAFILE=/Users/ddayan/FRA/small_omy_projects/sf_crooked_river_2021/structure_SFGL_Omy269/project_data,	OUTFILE=/Users/ddayan/FRA/small_omy_projects/sf_crooked_river_2021/structure_SFGL_Omy269/5k10kadmcorr/Results/5k10kadmcorr_run_54,	NUMINDS=127,	NUMLOCI=226,	MISSING=-9,	LABEL=0,	POPDATA=1,	POPFLAG=0,	PHENOTYPE=0,	EXTRACOLS=0,	MAXPOPS=6,	BURNIN=5000,	NUMREPS=10000,	USEPOPINFO=0,	INFERALPHA=1,	INFERLAMBDA=0,	POPSPECIFICLAMBDA=0,	POPALPHAS=0,	COMPUTEPROB=1,	NOADMIX=0,	ADMBURNIN=2500,	UPDATEFREQ=1,	PRINTLIKES=0,	INTERMEDSAVE=0,	PRINTKLD=0,	PRINTNET=0,	PRINTLAMBDA=0,	ANCESTDIST=0,	NUMBOXES=1000,	ANCESTPINT=0.90000,	GENSBACK=2,	MIGRPRIOR=0.05000,	PRINTQHAT=0,	PRINTQSUM=0,	ALPHA=1.0000,	FREQSCORR=1,	FPRIORMEAN=0.0100,	FPRIORSD=0.0500,	ONEFST=0,	LAMBDA=1.0000,	UNIFPRIORALPHA=1,	ALPHAMAX=10.0000,	ALPHAPRIORA=1.0000,	ALPHAPRIORB=2.0000,	ALPHAPROPSD=0.0250,	STARTATPOPINFO=0,	RANDOMIZE=1,	LINKAGE=0,	METROFREQ=10,	REPORTHITRATE=0,	MARKOVPHASE=-1,	PHASED=0,	PLOIDY=2,	PHASEINFO=0	LOCPRIOR=0, 	LOCPRIORINIT=1.000000, 	LOCDATA=0, 	LOCISPOP=0, 	LOCPRIORSTEP=0.100000, 	MAXLOCPRIOR=20.000000, 	SEED=1642737970,	
[STRAT parameters]:    NUMSIMSTATS=1000,	PHENOTYPECOL=-9,	POOLFREQ=10,	LOCUSxONLY=0,	EMERROR=0.00100,	MISSINGPHENO=-9,	