

----------------------------------------------------
STRUCTURE by Pritchard, Stephens and Donnelly (2000)
     and Falush, Stephens and Pritchard (2003)
       Code by Pritchard, Falush and Hubisz
             Version 2.3.4 (Jul 2012)
----------------------------------------------------



Command line arguments:   bin/structure -m "/Users/ddayan/FRA/small_omy_projects/sf_crooked_river_2021/structure_SFGL_Omy269/5k10kadmcorr/mainparams" -e "/Users/ddayan/FRA/small_omy_projects/sf_crooked_river_2021/structure_SFGL_Omy269/5k10kadmcorr/extraparams" 
Input File:    /Users/ddayan/FRA/small_omy_projects/sf_crooked_river_2021/structure_SFGL_Omy269/project_data

Run parameters:
   127 individuals
   226 loci
   4 populations assumed
   5000 Burn-in period
   10000 Reps


--------------------------------------------
Proportion of membership of each pre-defined
 population in each of the 4 clusters

Given    Inferred Clusters              Number of
 Pop       1      2      3      4      Individuals

  1:     0.004  0.004  0.002  0.990       35
  2:     0.191  0.009  0.796  0.004       17
  3:     0.721  0.213  0.010  0.055       41
  4:     0.008  0.005  0.981  0.006       34
--------------------------------------------

Allele-freq. divergence among pops (Net nucleotide distance),
computed using point estimates of P.

      1       2       3       4      
 1      -    0.0338  0.0329  0.0331  
 2   0.0338     -    0.0653  0.0585  
 3   0.0329  0.0653     -    0.0778  
 4   0.0331  0.0585  0.0778     -    

Average distances (expected heterozygosity) between individuals in same cluster:
cluster  1  : 0.3423 
cluster  2  : 0.2744 
cluster  3  : 0.3347 
cluster  4  : 0.2452 

--------------------------------------------
Estimated Ln Prob of Data   = -26605.4
Mean value of ln likelihood = -26333.3
Variance of ln likelihood   = 544.2
Mean value of alpha         = 0.0318

Mean value of Fst_1         = 0.0240
Mean value of Fst_2         = 0.2689
Mean value of Fst_3         = 0.1538
Mean value of Fst_4         = 0.2954


Inferred ancestry of individuals:
     (%Miss) Pop:  Inferred clusters
  1    (0)    1 :  0.003 0.001 0.001 0.995 
  2    (0)    1 :  0.008 0.004 0.009 0.979 
  3    (0)    1 :  0.001 0.001 0.001 0.997 
  4    (0)    1 :  0.003 0.002 0.001 0.994 
  5    (0)    1 :  0.002 0.001 0.003 0.993 
  6    (0)    1 :  0.001 0.003 0.001 0.995 
  7    (0)    1 :  0.001 0.001 0.001 0.997 
  8    (0)    1 :  0.003 0.004 0.001 0.993 
  9    (0)    1 :  0.001 0.001 0.001 0.997 
 10    (0)    1 :  0.005 0.003 0.001 0.991 
 11    (0)    1 :  0.011 0.068 0.006 0.915 
 12    (0)    1 :  0.007 0.005 0.008 0.979 
 13    (0)    1 :  0.001 0.004 0.001 0.995 
 14    (0)    1 :  0.002 0.002 0.001 0.995 
 15    (0)    1 :  0.001 0.001 0.001 0.996 
 16    (0)    1 :  0.002 0.005 0.001 0.993 
 17    (0)    1 :  0.010 0.002 0.001 0.988 
 18    (0)    1 :  0.036 0.006 0.018 0.940 
 19    (0)    1 :  0.002 0.002 0.001 0.995 
 20    (0)    1 :  0.002 0.002 0.001 0.996 
 21    (0)    1 :  0.002 0.002 0.002 0.993 
 22    (0)    1 :  0.003 0.002 0.001 0.993 
 23    (0)    1 :  0.001 0.001 0.001 0.997 
 24    (0)    1 :  0.001 0.002 0.001 0.996 
 25    (0)    1 :  0.002 0.002 0.005 0.991 
 26    (0)    1 :  0.001 0.001 0.002 0.995 
 27    (0)    1 :  0.001 0.002 0.001 0.996 
 28    (0)    1 :  0.002 0.003 0.001 0.995 
 29    (0)    1 :  0.002 0.001 0.001 0.997 
 30    (0)    1 :  0.001 0.001 0.001 0.997 
 31    (0)    1 :  0.001 0.002 0.002 0.995 
 32    (0)    1 :  0.003 0.005 0.002 0.990 
 33    (0)    1 :  0.001 0.001 0.000 0.998 
 34    (0)    1 :  0.001 0.001 0.000 0.998 
 35    (0)    1 :  0.002 0.002 0.001 0.994 
 36    (0)    2 :  0.152 0.004 0.841 0.003 
 37    (0)    2 :  0.008 0.002 0.979 0.010 
 38    (0)    3 :  0.941 0.053 0.001 0.005 
 39    (0)    3 :  0.972 0.002 0.008 0.018 
 40    (0)    3 :  0.889 0.003 0.007 0.101 
 41    (0)    3 :  0.957 0.003 0.036 0.003 
 42    (0)    3 :  0.832 0.133 0.033 0.002 
 43    (0)    2 :  0.002 0.001 0.996 0.001 
 44    (0)    2 :  0.960 0.011 0.023 0.006 
 45    (0)    2 :  0.003 0.002 0.994 0.001 
 46    (0)    2 :  0.005 0.003 0.990 0.003 
 47    (0)    2 :  0.195 0.092 0.700 0.014 
 48    (0)    2 :  0.773 0.005 0.210 0.012 
 49    (0)    2 :  0.593 0.007 0.392 0.008 
 50    (0)    2 :  0.006 0.001 0.992 0.001 
 51    (0)    2 :  0.008 0.012 0.978 0.002 
 52    (0)    3 :  0.958 0.019 0.001 0.022 
 53    (0)    3 :  0.969 0.002 0.005 0.025 
 54    (0)    3 :  0.986 0.007 0.003 0.003 
 55    (0)    3 :  0.931 0.006 0.056 0.007 
 56    (0)    3 :  0.001 0.994 0.001 0.004 
 57    (0)    3 :  0.863 0.004 0.004 0.129 
 58    (0)    3 :  0.980 0.011 0.003 0.006 
 59    (0)    3 :  0.911 0.005 0.083 0.001 
 60    (0)    3 :  0.001 0.996 0.001 0.001 
 61    (0)    3 :  0.001 0.995 0.001 0.003 
 62    (0)    3 :  0.966 0.025 0.005 0.003 
 63    (0)    3 :  0.986 0.005 0.002 0.007 
 64    (0)    3 :  0.546 0.004 0.002 0.448 
 65    (0)    3 :  0.565 0.001 0.003 0.431 
 66    (0)    3 :  0.663 0.002 0.003 0.332 
 67    (0)    3 :  0.812 0.012 0.010 0.166 
 68    (0)    3 :  0.001 0.997 0.001 0.001 
 69    (0)    3 :  0.472 0.001 0.083 0.444 
 70    (0)    3 :  0.005 0.991 0.002 0.002 
 71    (0)    3 :  0.003 0.991 0.001 0.005 
 72    (0)    3 :  0.002 0.992 0.002 0.004 
 73    (0)    3 :  0.694 0.295 0.004 0.007 
 74    (0)    3 :  0.988 0.001 0.002 0.009 
 75    (0)    3 :  0.992 0.001 0.003 0.003 
 76    (0)    3 :  0.992 0.003 0.003 0.003 
 77    (0)    3 :  0.969 0.021 0.005 0.005 
 78    (0)    3 :  0.945 0.044 0.001 0.010 
 79    (0)    3 :  0.988 0.005 0.003 0.004 
 80    (0)    3 :  0.986 0.007 0.001 0.005 
 81    (0)    3 :  0.982 0.011 0.003 0.004 
 82    (0)    3 :  0.970 0.004 0.021 0.005 
 83    (0)    3 :  0.963 0.023 0.003 0.011 
 84    (0)    3 :  0.932 0.063 0.001 0.003 
 85    (0)    3 :  0.001 0.997 0.001 0.001 
 86    (0)    3 :  0.979 0.002 0.016 0.002 
 87    (0)    3 :  0.982 0.002 0.005 0.011 
 88    (0)    2 :  0.003 0.001 0.996 0.001 
 89    (0)    2 :  0.005 0.002 0.991 0.002 
 90    (0)    2 :  0.002 0.002 0.995 0.001 
 91    (0)    2 :  0.521 0.008 0.468 0.003 
 92    (0)    2 :  0.006 0.006 0.986 0.001 
 93    (0)    2 :  0.002 0.001 0.997 0.001 
 94    (0)    4 :  0.002 0.002 0.994 0.002 
 95    (0)    4 :  0.002 0.003 0.993 0.002 
 96    (2)    4 :  0.005 0.005 0.985 0.005 
 97    (0)    4 :  0.032 0.007 0.953 0.009 
 98    (1)    4 :  0.021 0.007 0.969 0.004 
 99    (0)    4 :  0.007 0.005 0.984 0.004 
100    (1)    4 :  0.008 0.007 0.983 0.003 
101    (0)    4 :  0.008 0.001 0.988 0.002 
102    (0)    4 :  0.003 0.002 0.994 0.001 
103    (0)    4 :  0.012 0.014 0.966 0.009 
104    (1)    4 :  0.007 0.013 0.979 0.002 
105    (1)    4 :  0.002 0.001 0.995 0.002 
106    (2)    4 :  0.006 0.003 0.985 0.006 
107    (1)    4 :  0.001 0.001 0.997 0.001 
108    (0)    4 :  0.005 0.010 0.983 0.003 
109    (1)    4 :  0.003 0.003 0.968 0.027 
110    (3)    4 :  0.003 0.002 0.994 0.001 
111    (0)    4 :  0.011 0.005 0.973 0.011 
112    (1)    4 :  0.010 0.003 0.985 0.002 
113    (1)    4 :  0.002 0.001 0.995 0.002 
114    (0)    4 :  0.001 0.001 0.997 0.001 
115    (1)    4 :  0.001 0.001 0.995 0.003 
116    (1)    4 :  0.058 0.011 0.927 0.004 
117    (0)    4 :  0.007 0.001 0.978 0.014 
118    (3)    4 :  0.003 0.003 0.991 0.003 
119    (2)    4 :  0.006 0.004 0.969 0.021 
120    (2)    4 :  0.006 0.004 0.987 0.003 
121    (0)    4 :  0.009 0.002 0.969 0.020 
122    (1)    4 :  0.002 0.007 0.987 0.003 
123    (0)    4 :  0.001 0.001 0.997 0.001 
124   (15)    4 :  0.010 0.010 0.974 0.006 
125    (1)    4 :  0.017 0.005 0.968 0.009 
126    (0)    4 :  0.010 0.015 0.969 0.005 
127    (2)    4 :  0.004 0.004 0.988 0.003 


Estimated Allele Frequencies in each cluster
First column gives estimated ancestral frequencies


Locus 1 : 
2 alleles
0.0% missing data
   3   (0.933) 0.949 0.991 0.904 0.998 
   2   (0.067) 0.051 0.009 0.096 0.002 

Locus 2 : 
2 alleles
0.0% missing data
   2   (0.350) 0.382 0.052 0.366 0.170 
   3   (0.650) 0.618 0.948 0.634 0.830 

Locus 3 : 
2 alleles
0.0% missing data
   2   (0.356) 0.356 0.222 0.339 0.253 
   4   (0.644) 0.644 0.778 0.661 0.747 

Locus 4 : 
2 alleles
0.0% missing data
   1   (0.697) 0.679 0.374 0.926 0.887 
   4   (0.303) 0.321 0.626 0.074 0.113 

Locus 5 : 
2 alleles
3.1% missing data
   2   (0.813) 0.820 0.975 0.741 0.951 
   1   (0.187) 0.180 0.025 0.259 0.049 

Locus 6 : 
2 alleles
2.4% missing data
   1   (0.213) 0.202 0.033 0.194 0.382 
   3   (0.787) 0.798 0.967 0.806 0.618 

Locus 7 : 
2 alleles
0.0% missing data
   2   (0.625) 0.633 0.946 0.418 0.457 
   3   (0.375) 0.367 0.054 0.582 0.543 

Locus 8 : 
2 alleles
2.4% missing data
   1   (0.241) 0.219 0.248 0.167 0.261 
   2   (0.759) 0.781 0.752 0.833 0.739 

Locus 9 : 
2 alleles
0.8% missing data
   4   (0.963) 0.985 0.995 0.825 0.999 
   1   (0.037) 0.015 0.005 0.175 0.001 

Locus 10 : 
2 alleles
0.0% missing data
   3   (0.732) 0.745 0.658 0.518 0.990 
   2   (0.268) 0.255 0.342 0.482 0.010 

Locus 11 : 
2 alleles
0.0% missing data
   2   (0.955) 0.978 0.994 0.773 0.999 
   1   (0.045) 0.022 0.006 0.227 0.001 

Locus 12 : 
2 alleles
0.0% missing data
   1   (0.519) 0.554 0.241 0.280 0.823 
   4   (0.481) 0.446 0.759 0.720 0.177 

Locus 13 : 
2 alleles
0.8% missing data
   2   (0.690) 0.713 0.799 0.587 0.800 
   4   (0.310) 0.287 0.201 0.413 0.200 

Locus 14 : 
2 alleles
0.0% missing data
   4   (0.692) 0.730 0.549 0.579 0.800 
   2   (0.308) 0.270 0.451 0.421 0.200 

Locus 15 : 
2 alleles
0.0% missing data
   4   (0.873) 0.860 0.983 0.882 0.996 
   2   (0.127) 0.140 0.017 0.118 0.004 

Locus 16 : 
2 alleles
0.0% missing data
   1   (0.390) 0.358 0.452 0.384 0.688 
   4   (0.610) 0.642 0.548 0.616 0.312 

Locus 17 : 
2 alleles
0.0% missing data
   4   (0.908) 0.931 0.866 0.937 0.997 
   3   (0.092) 0.069 0.134 0.063 0.003 

Locus 18 : 
2 alleles
0.0% missing data
   2   (0.783) 0.789 0.968 0.787 0.786 
   3   (0.217) 0.211 0.032 0.213 0.214 

Locus 19 : 
2 alleles
0.8% missing data
   4   (0.872) 0.886 0.982 0.819 0.983 
   2   (0.128) 0.114 0.018 0.181 0.017 

Locus 20 : 
2 alleles
0.0% missing data
   2   (0.665) 0.652 0.947 0.661 0.563 
   3   (0.335) 0.348 0.053 0.339 0.437 

Locus 21 : 
2 alleles
0.8% missing data
   2   (0.349) 0.330 0.262 0.448 0.208 
   3   (0.651) 0.670 0.738 0.552 0.792 

Locus 22 : 
2 alleles
0.0% missing data
   4   (0.820) 0.870 0.708 0.727 0.873 
   2   (0.180) 0.130 0.292 0.273 0.127 

Locus 23 : 
2 alleles
2.4% missing data
   1   (0.352) 0.311 0.471 0.398 0.566 
   4   (0.648) 0.689 0.529 0.602 0.434 

Locus 24 : 
2 alleles
0.0% missing data
   3   (0.733) 0.692 0.960 0.610 0.991 
   2   (0.267) 0.308 0.040 0.390 0.009 

Locus 25 : 
2 alleles
0.0% missing data
   3   (0.708) 0.707 0.958 0.716 0.489 
   2   (0.292) 0.293 0.042 0.284 0.511 

Locus 26 : 
2 alleles
0.8% missing data
   2   (0.569) 0.523 0.935 0.550 0.722 
   4   (0.431) 0.477 0.065 0.450 0.278 

Locus 27 : 
2 alleles
1.6% missing data
   1   (0.590) 0.617 0.190 0.629 0.753 
   4   (0.410) 0.383 0.810 0.371 0.247 

Locus 28 : 
2 alleles
3.9% missing data
   3   (0.518) 0.516 0.284 0.659 0.584 
   2   (0.482) 0.484 0.716 0.341 0.416 

Locus 29 : 
2 alleles
0.0% missing data
   4   (0.188) 0.121 0.349 0.351 0.437 
   1   (0.812) 0.879 0.651 0.649 0.563 

Locus 30 : 
2 alleles
0.0% missing data
   1   (0.421) 0.394 0.492 0.461 0.571 
   4   (0.579) 0.606 0.508 0.539 0.429 

Locus 31 : 
2 alleles
3.1% missing data
   2   (0.288) 0.285 0.046 0.301 0.501 
   4   (0.712) 0.715 0.954 0.699 0.499 

Locus 32 : 
2 alleles
0.0% missing data
   4   (0.531) 0.524 0.351 0.659 0.645 
   3   (0.469) 0.476 0.649 0.341 0.355 

Locus 33 : 
2 alleles
0.8% missing data
   2   (0.533) 0.530 0.439 0.617 0.568 
   3   (0.467) 0.470 0.561 0.383 0.432 

Locus 34 : 
2 alleles
0.0% missing data
   3   (0.496) 0.484 0.454 0.564 0.605 
   2   (0.504) 0.516 0.546 0.436 0.395 

Locus 35 : 
2 alleles
0.0% missing data
   4   (0.647) 0.582 0.687 0.793 0.987 
   1   (0.353) 0.418 0.313 0.207 0.013 

Locus 36 : 
2 alleles
0.0% missing data
   4   (0.651) 0.646 0.948 0.416 0.787 
   1   (0.349) 0.354 0.052 0.584 0.213 

Locus 37 : 
2 alleles
0.8% missing data
   2   (0.563) 0.557 0.732 0.450 0.813 
   3   (0.437) 0.443 0.268 0.550 0.187 

Locus 38 : 
2 alleles
0.8% missing data
   1   (0.914) 0.920 0.790 0.988 0.997 
   2   (0.086) 0.080 0.210 0.012 0.003 

Locus 39 : 
2 alleles
1.6% missing data
   2   (0.606) 0.615 0.524 0.345 0.962 
   4   (0.394) 0.385 0.476 0.655 0.038 

Locus 40 : 
2 alleles
0.0% missing data
   1   (0.382) 0.301 0.487 0.814 0.399 
   4   (0.618) 0.699 0.513 0.186 0.601 

Locus 41 : 
2 alleles
0.0% missing data
   2   (0.916) 0.957 0.988 0.622 0.934 
   1   (0.084) 0.043 0.012 0.378 0.066 

Locus 42 : 
2 alleles
0.0% missing data
   2   (0.536) 0.535 0.527 0.604 0.528 
   4   (0.464) 0.465 0.473 0.396 0.472 

Locus 43 : 
2 alleles
0.0% missing data
   2   (0.405) 0.357 0.440 0.679 0.366 
   4   (0.595) 0.643 0.560 0.321 0.634 

Locus 44 : 
3 alleles
1.6% missing data
   3   (0.854) 0.882 0.978 0.918 0.836 
   2   (0.112) 0.087 0.017 0.080 0.163 
   0   (0.034) 0.031 0.005 0.003 0.001 

Locus 45 : 
2 alleles
0.0% missing data
   1   (0.802) 0.784 0.968 0.789 0.983 
   2   (0.198) 0.216 0.032 0.211 0.017 

Locus 46 : 
2 alleles
0.0% missing data
   4   (0.882) 0.894 0.772 0.954 0.996 
   2   (0.118) 0.106 0.228 0.046 0.004 

Locus 47 : 
2 alleles
0.0% missing data
   2   (0.873) 0.906 0.708 0.950 0.957 
   1   (0.127) 0.094 0.292 0.050 0.043 

Locus 48 : 
2 alleles
1.6% missing data
   2   (0.569) 0.568 0.846 0.524 0.429 
   4   (0.431) 0.432 0.154 0.476 0.571 

Locus 49 : 
2 alleles
0.0% missing data
   1   (0.740) 0.763 0.790 0.650 0.914 
   2   (0.260) 0.237 0.210 0.350 0.086 

Locus 50 : 
2 alleles
0.0% missing data
   4   (0.737) 0.786 0.639 0.738 0.439 
   1   (0.263) 0.214 0.361 0.262 0.561 

Locus 51 : 
2 alleles
0.0% missing data
   3   (0.498) 0.469 0.547 0.667 0.568 
   2   (0.502) 0.531 0.453 0.333 0.432 

Locus 52 : 
2 alleles
0.8% missing data
   4   (0.916) 0.927 0.989 0.877 0.997 
   2   (0.084) 0.073 0.011 0.123 0.003 

Locus 53 : 
2 alleles
0.0% missing data
   4   (0.932) 0.972 0.745 0.628 0.998 
   2   (0.068) 0.028 0.255 0.372 0.002 

Locus 54 : 
2 alleles
3.1% missing data
   3   (0.578) 0.547 0.658 0.706 0.834 
   4   (0.422) 0.453 0.342 0.294 0.166 

Locus 55 : 
2 alleles
0.0% missing data
   2   (0.610) 0.586 0.780 0.773 0.595 
   1   (0.390) 0.414 0.220 0.227 0.405 

Locus 56 : 
3 alleles
2.4% missing data
   1   (0.775) 0.816 0.616 0.729 0.993 
   0   (0.086) 0.071 0.117 0.024 0.003 
   4   (0.139) 0.113 0.267 0.247 0.004 

Locus 57 : 
2 alleles
0.0% missing data
   4   (0.898) 0.915 0.986 0.646 0.997 
   1   (0.102) 0.085 0.014 0.354 0.003 

Locus 58 : 
2 alleles
0.0% missing data
   4   (0.872) 0.852 0.981 0.969 0.986 
   2   (0.128) 0.148 0.019 0.031 0.014 

Locus 59 : 
2 alleles
0.0% missing data
   3   (0.871) 0.877 0.982 0.953 0.891 
   2   (0.129) 0.123 0.018 0.047 0.109 

Locus 60 : 
2 alleles
0.0% missing data
   4   (0.756) 0.749 0.765 0.680 0.991 
   2   (0.244) 0.251 0.235 0.320 0.009 

Locus 61 : 
2 alleles
0.0% missing data
   4   (0.877) 0.904 0.829 0.779 0.996 
   2   (0.123) 0.096 0.171 0.221 0.004 

Locus 62 : 
2 alleles
0.0% missing data
   2   (0.753) 0.767 0.966 0.466 0.914 
   1   (0.247) 0.233 0.034 0.534 0.086 

Locus 63 : 
2 alleles
0.0% missing data
   2   (0.418) 0.403 0.712 0.219 0.643 
   1   (0.582) 0.597 0.288 0.781 0.357 

Locus 64 : 
2 alleles
0.0% missing data
   4   (0.829) 0.837 0.762 0.841 0.994 
   2   (0.171) 0.163 0.238 0.159 0.006 

Locus 65 : 
2 alleles
0.8% missing data
   1   (0.889) 0.897 0.980 0.746 0.997 
   4   (0.111) 0.103 0.020 0.254 0.003 

Locus 66 : 
3 alleles
1.6% missing data
   3   (0.599) 0.615 0.536 0.691 0.663 
   2   (0.371) 0.373 0.460 0.266 0.336 
   0   (0.030) 0.012 0.004 0.043 0.001 

Locus 67 : 
2 alleles
0.0% missing data
   1   (0.123) 0.095 0.231 0.041 0.030 
   3   (0.877) 0.905 0.769 0.959 0.970 

Locus 68 : 
2 alleles
0.0% missing data
   2   (0.526) 0.569 0.181 0.334 0.738 
   3   (0.474) 0.431 0.819 0.666 0.262 

Locus 69 : 
2 alleles
0.0% missing data
   4   (0.798) 0.827 0.691 0.510 0.994 
   2   (0.202) 0.173 0.309 0.490 0.006 

Locus 70 : 
3 alleles
0.0% missing data
   1   (0.341) 0.362 0.806 0.028 0.701 
   3   (0.622) 0.621 0.189 0.970 0.147 
   0   (0.037) 0.018 0.005 0.002 0.152 

Locus 71 : 
2 alleles
3.1% missing data
   2   (0.565) 0.571 0.509 0.743 0.214 
   4   (0.435) 0.429 0.491 0.257 0.786 

Locus 72 : 
2 alleles
1.6% missing data
   3   (0.542) 0.531 0.322 0.703 0.712 
   1   (0.458) 0.469 0.678 0.297 0.288 

Locus 73 : 
2 alleles
0.0% missing data
   1   (0.303) 0.251 0.487 0.350 0.537 
   2   (0.697) 0.749 0.513 0.650 0.463 

Locus 74 : 
2 alleles
1.6% missing data
   2   (0.821) 0.786 0.974 0.937 0.980 
   3   (0.179) 0.214 0.026 0.063 0.020 

Locus 75 : 
2 alleles
0.0% missing data
   3   (0.478) 0.460 0.160 0.661 0.788 
   1   (0.522) 0.540 0.840 0.339 0.212 

Locus 76 : 
2 alleles
0.0% missing data
   2   (0.429) 0.405 0.651 0.182 0.923 
   1   (0.571) 0.595 0.349 0.818 0.077 

Locus 77 : 
2 alleles
0.0% missing data
   4   (0.314) 0.322 0.310 0.103 0.480 
   1   (0.686) 0.678 0.690 0.897 0.520 

Locus 78 : 
2 alleles
0.0% missing data
   3   (0.714) 0.685 0.524 0.823 0.990 
   2   (0.286) 0.315 0.476 0.177 0.010 

Locus 79 : 
2 alleles
0.0% missing data
   2   (0.571) 0.555 0.842 0.521 0.717 
   3   (0.429) 0.445 0.158 0.479 0.283 

Locus 80 : 
2 alleles
0.0% missing data
   4   (0.813) 0.856 0.710 0.787 0.872 
   2   (0.187) 0.144 0.290 0.213 0.128 

Locus 81 : 
2 alleles
0.0% missing data
   3   (0.479) 0.517 0.070 0.582 0.343 
   2   (0.521) 0.483 0.930 0.418 0.657 

Locus 82 : 
2 alleles
0.0% missing data
   2   (0.748) 0.788 0.750 0.688 0.719 
   3   (0.252) 0.212 0.250 0.312 0.281 

Locus 83 : 
2 alleles
0.0% missing data
   3   (0.732) 0.743 0.961 0.469 0.883 
   2   (0.268) 0.257 0.039 0.531 0.117 

Locus 84 : 
2 alleles
0.0% missing data
   3   (0.542) 0.584 0.304 0.415 0.442 
   2   (0.458) 0.416 0.696 0.585 0.558 

Locus 85 : 
2 alleles
0.0% missing data
   3   (0.755) 0.777 0.631 0.818 0.875 
   4   (0.245) 0.223 0.369 0.182 0.125 

Locus 86 : 
2 alleles
0.0% missing data
   3   (0.532) 0.535 0.082 0.847 0.446 
   2   (0.468) 0.465 0.918 0.153 0.554 

Locus 87 : 
3 alleles
4.7% missing data
   1   (0.553) 0.580 0.498 0.431 0.713 
   4   (0.415) 0.401 0.484 0.556 0.286 
   0   (0.032) 0.019 0.018 0.013 0.001 

Locus 88 : 
2 alleles
1.6% missing data
   3   (0.811) 0.794 0.974 0.671 0.994 
   1   (0.189) 0.206 0.026 0.329 0.006 

Locus 89 : 
2 alleles
0.0% missing data
   1   (0.562) 0.568 0.493 0.425 0.894 
   4   (0.438) 0.432 0.507 0.575 0.106 

Locus 90 : 
2 alleles
0.8% missing data
   3   (0.747) 0.802 0.543 0.603 0.762 
   2   (0.253) 0.198 0.457 0.397 0.238 

Locus 91 : 
2 alleles
0.0% missing data
   2   (0.685) 0.701 0.745 0.719 0.692 
   4   (0.315) 0.299 0.255 0.281 0.308 

Locus 92 : 
2 alleles
0.0% missing data
   2   (0.777) 0.801 0.742 0.737 0.956 
   4   (0.223) 0.199 0.258 0.263 0.044 

Locus 93 : 
2 alleles
0.0% missing data
   4   (0.909) 0.917 0.986 0.877 0.997 
   1   (0.091) 0.083 0.014 0.123 0.003 

Locus 94 : 
2 alleles
0.0% missing data
   3   (0.788) 0.784 0.965 0.874 0.748 
   1   (0.212) 0.216 0.035 0.126 0.252 

Locus 95 : 
2 alleles
0.0% missing data
   1   (0.060) 0.049 0.008 0.004 0.070 
   3   (0.940) 0.951 0.992 0.996 0.930 

Locus 96 : 
2 alleles
0.0% missing data
   3   (0.561) 0.563 0.532 0.486 0.802 
   2   (0.439) 0.437 0.468 0.514 0.198 

Locus 97 : 
2 alleles
0.0% missing data
   2   (0.733) 0.722 0.754 0.638 0.992 
   1   (0.267) 0.278 0.246 0.362 0.008 

Locus 98 : 
2 alleles
0.0% missing data
   4   (0.764) 0.732 0.962 0.611 0.992 
   2   (0.236) 0.268 0.038 0.389 0.008 

Locus 99 : 
2 alleles
0.8% missing data
   4   (0.844) 0.875 0.760 0.621 0.995 
   1   (0.156) 0.125 0.240 0.379 0.005 

Locus 100 : 
2 alleles
0.8% missing data
   3   (0.432) 0.412 0.662 0.508 0.210 
   2   (0.568) 0.588 0.338 0.492 0.790 

Locus 101 : 
3 alleles
0.0% missing data
   4   (0.489) 0.568 0.509 0.091 0.435 
   2   (0.430) 0.346 0.480 0.905 0.537 
   0   (0.080) 0.086 0.011 0.005 0.028 

Locus 102 : 
2 alleles
2.4% missing data
   2   (0.764) 0.768 0.697 0.892 0.899 
   4   (0.236) 0.232 0.303 0.108 0.101 

Locus 103 : 
3 alleles
0.0% missing data
   4   (0.111) 0.093 0.015 0.024 0.524 
   2   (0.793) 0.758 0.966 0.971 0.473 
   0   (0.096) 0.148 0.019 0.005 0.003 

Locus 104 : 
2 alleles
0.0% missing data
   3   (0.310) 0.307 0.151 0.178 0.563 
   2   (0.690) 0.693 0.849 0.822 0.437 

Locus 105 : 
2 alleles
0.0% missing data
   4   (0.492) 0.506 0.505 0.416 0.411 
   1   (0.508) 0.494 0.495 0.584 0.589 

Locus 106 : 
2 alleles
0.0% missing data
   1   (0.153) 0.130 0.021 0.180 0.176 
   2   (0.847) 0.870 0.979 0.820 0.824 

Locus 107 : 
2 alleles
0.0% missing data
   1   (0.592) 0.617 0.398 0.481 0.793 
   4   (0.408) 0.383 0.602 0.519 0.207 

Locus 108 : 
2 alleles
0.0% missing data
   2   (0.753) 0.765 0.693 0.826 0.928 
   4   (0.247) 0.235 0.307 0.174 0.072 

Locus 109 : 
2 alleles
0.0% missing data
   3   (0.801) 0.822 0.808 0.794 0.967 
   2   (0.199) 0.178 0.192 0.206 0.033 

Locus 110 : 
2 alleles
0.0% missing data
   2   (0.921) 0.931 0.988 0.917 0.997 
   1   (0.079) 0.069 0.012 0.083 0.003 

Locus 111 : 
2 alleles
0.0% missing data
   1   (0.848) 0.841 0.980 0.733 0.994 
   2   (0.152) 0.159 0.020 0.267 0.006 

Locus 112 : 
2 alleles
7.1% missing data
   3   (0.838) 0.845 0.759 0.877 0.994 
   2   (0.162) 0.155 0.241 0.123 0.006 

Locus 113 : 
2 alleles
0.0% missing data
   2   (0.656) 0.590 0.948 0.866 0.740 
   3   (0.344) 0.410 0.052 0.134 0.260 

Locus 114 : 
2 alleles
0.0% missing data
   4   (0.719) 0.705 0.959 0.702 0.805 
   2   (0.281) 0.295 0.041 0.298 0.195 

Locus 115 : 
2 alleles
0.0% missing data
   3   (0.459) 0.437 0.653 0.536 0.341 
   2   (0.541) 0.563 0.347 0.464 0.659 

Locus 116 : 
2 alleles
0.0% missing data
   4   (0.442) 0.401 0.482 0.573 0.688 
   3   (0.558) 0.599 0.518 0.427 0.312 

Locus 117 : 
2 alleles
0.0% missing data
   2   (0.887) 0.886 0.984 0.894 0.995 
   3   (0.113) 0.114 0.016 0.106 0.005 

Locus 118 : 
2 alleles
0.0% missing data
   2   (0.900) 0.899 0.987 0.913 0.997 
   1   (0.100) 0.101 0.013 0.087 0.003 

Locus 119 : 
3 alleles
0.0% missing data
   2   (0.918) 0.968 0.588 0.917 0.972 
   0   (0.028) 0.011 0.004 0.002 0.027 
   3   (0.054) 0.021 0.408 0.081 0.002 

Locus 120 : 
2 alleles
0.0% missing data
   1   (0.926) 0.935 0.986 0.957 0.997 
   2   (0.074) 0.065 0.014 0.043 0.003 

Locus 121 : 
2 alleles
0.0% missing data
   3   (0.718) 0.725 0.848 0.825 0.656 
   4   (0.282) 0.275 0.152 0.175 0.344 

Locus 122 : 
2 alleles
0.0% missing data
   1   (0.966) 0.984 0.996 0.998 0.900 
   0   (0.034) 0.016 0.004 0.002 0.100 

Locus 123 : 
3 alleles
1.6% missing data
   2   (0.720) 0.770 0.845 0.340 0.914 
   3   (0.251) 0.219 0.151 0.659 0.031 
   0   (0.029) 0.011 0.004 0.002 0.054 

Locus 124 : 
2 alleles
0.8% missing data
   1   (0.827) 0.810 0.976 0.751 0.994 
   3   (0.173) 0.190 0.024 0.249 0.006 

Locus 125 : 
2 alleles
0.0% missing data
   1   (0.889) 0.892 0.552 0.986 0.997 
   2   (0.111) 0.108 0.448 0.014 0.003 

Locus 126 : 
2 alleles
0.0% missing data
   4   (0.229) 0.183 0.286 0.313 0.241 
   2   (0.771) 0.817 0.714 0.687 0.759 

Locus 127 : 
2 alleles
0.0% missing data
   3   (0.684) 0.699 0.532 0.390 0.989 
   2   (0.316) 0.301 0.468 0.610 0.011 

Locus 128 : 
2 alleles
0.8% missing data
   3   (0.782) 0.789 0.662 0.948 0.799 
   2   (0.218) 0.211 0.338 0.052 0.201 

Locus 129 : 
2 alleles
0.8% missing data
   1   (0.758) 0.727 0.766 0.924 0.977 
   3   (0.242) 0.273 0.234 0.076 0.023 

Locus 130 : 
2 alleles
0.0% missing data
   3   (0.889) 0.879 0.983 0.929 0.996 
   2   (0.111) 0.121 0.017 0.071 0.004 

Locus 131 : 
2 alleles
0.0% missing data
   4   (0.653) 0.651 0.588 0.892 0.330 
   1   (0.347) 0.349 0.412 0.108 0.670 

Locus 132 : 
2 alleles
0.0% missing data
   2   (0.802) 0.780 0.827 0.905 0.994 
   4   (0.198) 0.220 0.173 0.095 0.006 

Locus 133 : 
2 alleles
0.0% missing data
   3   (0.476) 0.490 0.069 0.521 0.843 
   2   (0.524) 0.510 0.931 0.479 0.157 

Locus 134 : 
2 alleles
0.8% missing data
   3   (0.777) 0.782 0.967 0.662 0.907 
   2   (0.223) 0.218 0.033 0.338 0.093 

Locus 135 : 
2 alleles
0.0% missing data
   3   (0.622) 0.626 0.521 0.599 0.897 
   2   (0.378) 0.374 0.479 0.401 0.103 

Locus 136 : 
2 alleles
0.0% missing data
   4   (0.904) 0.927 0.985 0.557 0.997 
   2   (0.096) 0.073 0.015 0.443 0.003 

Locus 137 : 
2 alleles
0.0% missing data
   2   (0.930) 0.926 0.990 0.987 0.997 
   3   (0.070) 0.074 0.010 0.013 0.003 

Locus 138 : 
2 alleles
0.8% missing data
   1   (0.678) 0.688 0.688 0.813 0.491 
   3   (0.322) 0.312 0.312 0.187 0.509 

Locus 139 : 
2 alleles
0.8% missing data
   2   (0.647) 0.704 0.454 0.519 0.405 
   3   (0.353) 0.296 0.546 0.481 0.595 

Locus 140 : 
2 alleles
0.0% missing data
   4   (0.695) 0.689 0.634 0.824 0.908 
   3   (0.305) 0.311 0.366 0.176 0.092 

Locus 141 : 
2 alleles
0.0% missing data
   1   (0.716) 0.753 0.695 0.620 0.771 
   4   (0.284) 0.247 0.305 0.380 0.229 

Locus 142 : 
2 alleles
0.0% missing data
   3   (0.636) 0.636 0.356 0.871 0.594 
   2   (0.364) 0.364 0.644 0.129 0.406 

Locus 143 : 
2 alleles
0.0% missing data
   2   (0.938) 0.949 0.992 0.966 0.998 
   3   (0.062) 0.051 0.008 0.034 0.002 

Locus 144 : 
3 alleles
0.8% missing data
   4   (0.600) 0.596 0.721 0.462 0.941 
   1   (0.372) 0.392 0.275 0.536 0.032 
   0   (0.028) 0.011 0.004 0.002 0.027 

Locus 145 : 
2 alleles
0.0% missing data
   1   (0.174) 0.180 0.024 0.049 0.275 
   3   (0.826) 0.820 0.976 0.951 0.725 

Locus 146 : 
2 alleles
0.0% missing data
   4   (0.918) 0.931 0.988 0.877 0.997 
   1   (0.082) 0.069 0.012 0.123 0.003 

Locus 147 : 
2 alleles
0.8% missing data
   1   (0.367) 0.365 0.535 0.187 0.403 
   4   (0.633) 0.635 0.465 0.813 0.597 

Locus 148 : 
2 alleles
0.0% missing data
   3   (0.730) 0.699 0.332 0.984 0.608 
   1   (0.270) 0.301 0.668 0.016 0.392 

Locus 149 : 
3 alleles
1.6% missing data
   2   (0.507) 0.552 0.193 0.441 0.589 
   3   (0.442) 0.411 0.800 0.536 0.408 
   0   (0.051) 0.037 0.007 0.023 0.003 

Locus 150 : 
2 alleles
0.0% missing data
   1   (0.702) 0.657 0.957 0.802 0.900 
   4   (0.298) 0.343 0.043 0.198 0.100 

Locus 151 : 
2 alleles
0.0% missing data
   3   (0.727) 0.708 0.962 0.886 0.406 
   2   (0.273) 0.292 0.038 0.114 0.594 

Locus 152 : 
2 alleles
0.0% missing data
   4   (0.927) 0.929 0.832 0.995 0.998 
   2   (0.073) 0.071 0.168 0.005 0.002 

Locus 153 : 
2 alleles
0.0% missing data
   1   (0.645) 0.680 0.650 0.499 0.682 
   4   (0.355) 0.320 0.350 0.501 0.318 

Locus 154 : 
2 alleles
0.8% missing data
   1   (0.555) 0.610 0.514 0.109 0.893 
   3   (0.445) 0.390 0.486 0.891 0.107 

Locus 155 : 
2 alleles
0.0% missing data
   3   (0.551) 0.508 0.771 0.634 0.848 
   4   (0.449) 0.492 0.229 0.366 0.152 

Locus 156 : 
2 alleles
0.8% missing data
   1   (0.816) 0.857 0.974 0.217 0.973 
   2   (0.184) 0.143 0.026 0.783 0.027 

Locus 157 : 
2 alleles
0.0% missing data
   4   (0.572) 0.566 0.662 0.560 0.752 
   2   (0.428) 0.434 0.338 0.440 0.248 

Locus 158 : 
2 alleles
0.8% missing data
   1   (0.701) 0.677 0.801 0.900 0.756 
   2   (0.299) 0.323 0.199 0.100 0.244 

Locus 159 : 
3 alleles
0.8% missing data
   2   (0.837) 0.869 0.977 0.518 0.860 
   0   (0.069) 0.058 0.010 0.004 0.138 
   3   (0.094) 0.072 0.012 0.478 0.003 

Locus 160 : 
3 alleles
0.0% missing data
   1   (0.453) 0.494 0.476 0.183 0.469 
   3   (0.512) 0.475 0.516 0.815 0.529 
   0   (0.035) 0.031 0.008 0.002 0.001 

Locus 161 : 
2 alleles
0.8% missing data
   1   (0.522) 0.549 0.183 0.536 0.511 
   4   (0.478) 0.451 0.817 0.464 0.489 

Locus 162 : 
3 alleles
3.1% missing data
   1   (0.897) 0.918 0.986 0.934 0.997 
   0   (0.075) 0.071 0.010 0.043 0.002 
   2   (0.029) 0.011 0.004 0.023 0.001 

Locus 163 : 
2 alleles
0.0% missing data
   2   (0.881) 0.921 0.983 0.659 0.856 
   3   (0.119) 0.079 0.017 0.341 0.144 

Locus 164 : 
3 alleles
0.8% missing data
   4   (0.872) 0.921 0.983 0.855 0.810 
   1   (0.098) 0.067 0.013 0.123 0.190 
   0   (0.030) 0.012 0.004 0.022 0.001 

Locus 165 : 
2 alleles
0.0% missing data
   4   (0.804) 0.850 0.860 0.682 0.831 
   1   (0.196) 0.150 0.140 0.318 0.169 

Locus 166 : 
2 alleles
0.8% missing data
   2   (0.866) 0.897 0.977 0.501 0.984 
   3   (0.134) 0.103 0.023 0.499 0.016 

Locus 167 : 
2 alleles
0.0% missing data
   2   (0.664) 0.729 0.652 0.246 0.760 
   3   (0.336) 0.271 0.348 0.754 0.240 

Locus 168 : 
2 alleles
0.0% missing data
   3   (0.731) 0.739 0.742 0.785 0.910 
   2   (0.269) 0.261 0.258 0.215 0.090 

Locus 169 : 
3 alleles
2.4% missing data
   4   (0.403) 0.455 0.166 0.152 0.560 
   3   (0.546) 0.507 0.828 0.845 0.385 
   0   (0.051) 0.038 0.007 0.003 0.054 

Locus 170 : 
2 alleles
0.0% missing data
   1   (0.762) 0.822 0.537 0.693 0.553 
   3   (0.238) 0.178 0.463 0.307 0.447 

Locus 171 : 
3 alleles
3.1% missing data
   2   (0.836) 0.881 0.975 0.654 0.957 
   3   (0.134) 0.107 0.021 0.301 0.042 
   0   (0.030) 0.012 0.004 0.045 0.001 

Locus 172 : 
2 alleles
0.0% missing data
   4   (0.725) 0.724 0.958 0.725 0.609 
   1   (0.275) 0.276 0.042 0.275 0.391 

Locus 173 : 
2 alleles
0.0% missing data
   2   (0.775) 0.830 0.545 0.780 0.535 
   3   (0.225) 0.170 0.455 0.220 0.465 

Locus 174 : 
2 alleles
0.0% missing data
   4   (0.741) 0.763 0.847 0.700 0.812 
   1   (0.259) 0.237 0.153 0.300 0.188 

Locus 175 : 
2 alleles
0.0% missing data
   2   (0.733) 0.762 0.860 0.627 0.768 
   4   (0.267) 0.238 0.140 0.373 0.232 

Locus 176 : 
2 alleles
0.8% missing data
   4   (0.951) 0.945 0.993 0.997 0.998 
   1   (0.049) 0.055 0.007 0.003 0.002 

Locus 177 : 
2 alleles
0.0% missing data
   3   (0.481) 0.437 0.655 0.689 0.536 
   2   (0.519) 0.563 0.345 0.311 0.464 

Locus 178 : 
3 alleles
2.4% missing data
   3   (0.602) 0.589 0.624 0.825 0.649 
   2   (0.371) 0.400 0.277 0.174 0.350 
   0   (0.027) 0.011 0.099 0.002 0.001 

Locus 179 : 
2 alleles
0.0% missing data
   3   (0.902) 0.930 0.986 0.843 0.968 
   2   (0.098) 0.070 0.014 0.157 0.032 

Locus 180 : 
3 alleles
1.6% missing data
   3   (0.544) 0.582 0.674 0.180 0.798 
   2   (0.409) 0.363 0.320 0.818 0.200 
   0   (0.047) 0.055 0.006 0.003 0.001 

Locus 181 : 
2 alleles
0.0% missing data
   2   (0.733) 0.747 0.960 0.558 0.744 
   1   (0.267) 0.253 0.040 0.442 0.256 

Locus 182 : 
2 alleles
1.6% missing data
   4   (0.791) 0.810 0.869 0.916 0.537 
   2   (0.209) 0.190 0.131 0.084 0.463 

Locus 183 : 
2 alleles
0.0% missing data
   4   (0.884) 0.891 0.980 0.974 0.905 
   2   (0.116) 0.109 0.020 0.026 0.095 

Locus 184 : 
2 alleles
0.0% missing data
   2   (0.889) 0.920 0.785 0.965 0.972 
   3   (0.111) 0.080 0.215 0.035 0.028 

Locus 185 : 
2 alleles
0.0% missing data
   2   (0.781) 0.832 0.547 0.729 0.810 
   3   (0.219) 0.168 0.453 0.271 0.190 

Locus 186 : 
2 alleles
0.0% missing data
   2   (0.911) 0.913 0.988 0.995 0.638 
   3   (0.089) 0.087 0.012 0.005 0.362 

Locus 187 : 
2 alleles
0.0% missing data
   3   (0.908) 0.946 0.782 0.969 0.958 
   2   (0.092) 0.054 0.218 0.031 0.042 

Locus 188 : 
2 alleles
2.4% missing data
   2   (0.752) 0.770 0.965 0.570 0.742 
   3   (0.248) 0.230 0.035 0.430 0.258 

Locus 189 : 
3 alleles
3.1% missing data
   3   (0.651) 0.699 0.749 0.590 0.496 
   1   (0.295) 0.262 0.244 0.362 0.502 
   0   (0.054) 0.038 0.007 0.048 0.002 

Locus 190 : 
2 alleles
0.0% missing data
   1   (0.876) 0.851 0.982 0.953 0.996 
   5   (0.124) 0.149 0.018 0.047 0.004 

Locus 191 : 
2 alleles
0.0% missing data
   1   (0.796) 0.766 0.827 0.988 0.678 
   5   (0.204) 0.234 0.173 0.012 0.322 

Locus 192 : 
2 alleles
0.0% missing data
   2   (0.585) 0.614 0.246 0.512 0.791 
   1   (0.415) 0.386 0.754 0.488 0.209 

Locus 193 : 
2 alleles
2.4% missing data
   1   (0.936) 0.953 0.991 0.905 0.998 
   4   (0.064) 0.047 0.009 0.095 0.002 

Locus 194 : 
2 alleles
0.0% missing data
   3   (0.779) 0.749 0.968 0.680 0.992 
   2   (0.221) 0.251 0.032 0.320 0.008 

Locus 195 : 
2 alleles
6.3% missing data
   4   (0.566) 0.519 0.671 0.472 0.985 
   1   (0.434) 0.481 0.329 0.528 0.015 

Locus 196 : 
2 alleles
0.8% missing data
   3   (0.884) 0.894 0.984 0.974 0.769 
   2   (0.116) 0.106 0.016 0.026 0.231 

Locus 197 : 
2 alleles
0.8% missing data
   3   (0.666) 0.661 0.790 0.765 0.749 
   4   (0.334) 0.339 0.210 0.235 0.251 

Locus 198 : 
2 alleles
0.0% missing data
   1   (0.966) 0.987 0.995 0.899 0.999 
   2   (0.034) 0.013 0.005 0.101 0.001 

Locus 199 : 
2 alleles
0.0% missing data
   2   (0.860) 0.869 0.981 0.557 0.995 
   3   (0.140) 0.131 0.019 0.443 0.005 

Locus 200 : 
2 alleles
0.0% missing data
   2   (0.521) 0.527 0.441 0.494 0.606 
   4   (0.479) 0.473 0.559 0.506 0.394 

Locus 201 : 
2 alleles
0.8% missing data
   2   (0.694) 0.664 0.955 0.343 0.989 
   1   (0.306) 0.336 0.045 0.657 0.011 

Locus 202 : 
2 alleles
0.0% missing data
   1   (0.909) 0.933 0.820 0.995 0.750 
   3   (0.091) 0.067 0.180 0.005 0.250 

Locus 203 : 
2 alleles
0.8% missing data
   2   (0.704) 0.674 0.584 0.764 0.991 
   1   (0.296) 0.326 0.416 0.236 0.009 

Locus 204 : 
2 alleles
0.0% missing data
   2   (0.832) 0.809 0.977 0.820 0.994 
   5   (0.168) 0.191 0.023 0.180 0.006 

Locus 205 : 
2 alleles
0.0% missing data
   3   (0.689) 0.685 0.644 0.882 0.650 
   1   (0.311) 0.315 0.356 0.118 0.350 

Locus 206 : 
2 alleles
0.0% missing data
   4   (0.581) 0.576 0.890 0.602 0.325 
   1   (0.419) 0.424 0.110 0.398 0.675 

Locus 207 : 
2 alleles
0.8% missing data
   3   (0.811) 0.806 0.667 0.882 0.994 
   2   (0.189) 0.194 0.333 0.118 0.006 

Locus 208 : 
2 alleles
1.6% missing data
   1   (0.737) 0.737 0.797 0.529 0.991 
   2   (0.263) 0.263 0.203 0.471 0.009 

Locus 209 : 
3 alleles
0.0% missing data
   3   (0.943) 0.977 0.993 0.997 0.907 
   2   (0.029) 0.012 0.004 0.002 0.066 
   0   (0.028) 0.011 0.003 0.002 0.027 

Locus 210 : 
2 alleles
0.0% missing data
   2   (0.632) 0.667 0.101 0.450 0.979 
   4   (0.368) 0.333 0.899 0.550 0.021 

Locus 211 : 
2 alleles
0.0% missing data
   2   (0.894) 0.906 0.980 0.764 0.997 
   4   (0.106) 0.094 0.020 0.236 0.003 

Locus 212 : 
2 alleles
0.0% missing data
   4   (0.752) 0.772 0.854 0.749 0.778 
   1   (0.248) 0.228 0.146 0.251 0.222 

Locus 213 : 
2 alleles
0.0% missing data
   3   (0.763) 0.838 0.610 0.624 0.221 
   2   (0.237) 0.162 0.390 0.376 0.779 

Locus 214 : 
2 alleles
0.0% missing data
   1   (0.744) 0.780 0.715 0.658 0.864 
   4   (0.256) 0.220 0.285 0.342 0.136 

Locus 215 : 
2 alleles
0.0% missing data
   4   (0.329) 0.342 0.538 0.095 0.319 
   5   (0.671) 0.658 0.462 0.905 0.681 

Locus 216 : 
2 alleles
0.0% missing data
   3   (0.900) 0.936 0.987 0.803 0.905 
   1   (0.100) 0.064 0.013 0.197 0.095 

Locus 217 : 
2 alleles
0.0% missing data
   3   (0.879) 0.901 0.822 0.864 0.996 
   2   (0.121) 0.099 0.178 0.136 0.004 

Locus 218 : 
2 alleles
0.0% missing data
   3   (0.444) 0.497 0.067 0.433 0.240 
   2   (0.556) 0.503 0.933 0.567 0.760 

Locus 219 : 
2 alleles
0.0% missing data
   4   (0.748) 0.778 0.769 0.291 0.992 
   2   (0.252) 0.222 0.231 0.709 0.008 

Locus 220 : 
2 alleles
0.0% missing data
   3   (0.760) 0.789 0.700 0.663 0.952 
   2   (0.240) 0.211 0.300 0.337 0.048 

Locus 221 : 
2 alleles
0.0% missing data
   3   (0.798) 0.824 0.690 0.917 0.770 
   2   (0.202) 0.176 0.310 0.083 0.230 

Locus 222 : 
2 alleles
0.0% missing data
   2   (0.715) 0.719 0.641 0.496 0.991 
   3   (0.285) 0.281 0.359 0.504 0.009 

Locus 223 : 
2 alleles
0.8% missing data
   1   (0.946) 0.970 0.993 0.794 0.998 
   2   (0.054) 0.030 0.007 0.206 0.002 

Locus 224 : 
2 alleles
0.0% missing data
   5   (0.770) 0.817 0.868 0.426 0.884 
   1   (0.230) 0.183 0.132 0.574 0.116 

Locus 225 : 
2 alleles
0.8% missing data
   2   (0.750) 0.782 0.761 0.786 0.642 
   3   (0.250) 0.218 0.239 0.214 0.358 

Locus 226 : 
2 alleles
0.0% missing data
   3   (0.917) 0.878 0.986 0.995 0.997 
   1   (0.083) 0.122 0.014 0.005 0.003 

Values of parameters used in structure:
DATAFILE=/Users/ddayan/FRA/small_omy_projects/sf_crooked_river_2021/structure_SFGL_Omy269/project_data,	OUTFILE=/Users/ddayan/FRA/small_omy_projects/sf_crooked_river_2021/structure_SFGL_Omy269/5k10kadmcorr/Results/5k10kadmcorr_run_36,	NUMINDS=127,	NUMLOCI=226,	MISSING=-9,	LABEL=0,	POPDATA=1,	POPFLAG=0,	PHENOTYPE=0,	EXTRACOLS=0,	MAXPOPS=4,	BURNIN=5000,	NUMREPS=10000,	USEPOPINFO=0,	INFERALPHA=1,	INFERLAMBDA=0,	POPSPECIFICLAMBDA=0,	POPALPHAS=0,	COMPUTEPROB=1,	NOADMIX=0,	ADMBURNIN=2500,	UPDATEFREQ=1,	PRINTLIKES=0,	INTERMEDSAVE=0,	PRINTKLD=0,	PRINTNET=0,	PRINTLAMBDA=0,	ANCESTDIST=0,	NUMBOXES=1000,	ANCESTPINT=0.90000,	GENSBACK=2,	MIGRPRIOR=0.05000,	PRINTQHAT=0,	PRINTQSUM=0,	ALPHA=1.0000,	FREQSCORR=1,	FPRIORMEAN=0.0100,	FPRIORSD=0.0500,	ONEFST=0,	LAMBDA=1.0000,	UNIFPRIORALPHA=1,	ALPHAMAX=10.0000,	ALPHAPRIORA=1.0000,	ALPHAPRIORB=2.0000,	ALPHAPROPSD=0.0250,	STARTATPOPINFO=0,	RANDOMIZE=1,	LINKAGE=0,	METROFREQ=10,	REPORTHITRATE=0,	MARKOVPHASE=-1,	PHASED=0,	PLOIDY=2,	PHASEINFO=0	LOCPRIOR=0, 	LOCPRIORINIT=1.000000, 	LOCDATA=0, 	LOCISPOP=0, 	LOCPRIORSTEP=0.100000, 	MAXLOCPRIOR=20.000000, 	SEED=1642736755,	
[STRAT parameters]:    NUMSIMSTATS=1000,	PHENOTYPECOL=-9,	POOLFREQ=10,	LOCUSxONLY=0,	EMERROR=0.00100,	MISSINGPHENO=-9,	