

----------------------------------------------------
STRUCTURE by Pritchard, Stephens and Donnelly (2000)
     and Falush, Stephens and Pritchard (2003)
       Code by Pritchard, Falush and Hubisz
             Version 2.3.4 (Jul 2012)
----------------------------------------------------



Command line arguments:   bin/structure -m "/Users/ddayan/FRA/small_omy_projects/sf_crooked_river_2021/structure_SFGL_Omy269/5k10kadmcorr/mainparams" -e "/Users/ddayan/FRA/small_omy_projects/sf_crooked_river_2021/structure_SFGL_Omy269/5k10kadmcorr/extraparams" 
Input File:    /Users/ddayan/FRA/small_omy_projects/sf_crooked_river_2021/structure_SFGL_Omy269/project_data

Run parameters:
   127 individuals
   226 loci
   5 populations assumed
   5000 Burn-in period
   10000 Reps


--------------------------------------------
Proportion of membership of each pre-defined
 population in each of the 5 clusters

Given    Inferred Clusters                     Number of
 Pop       1      2      3      4      5      Individuals

  1:     0.003  0.988  0.003  0.003  0.002       35
  2:     0.019  0.004  0.175  0.010  0.792       17
  3:     0.323  0.060  0.399  0.208  0.010       41
  4:     0.007  0.005  0.008  0.005  0.975       34
--------------------------------------------

Allele-freq. divergence among pops (Net nucleotide distance),
computed using point estimates of P.

      1       2       3       4       5      
 1      -    0.0383  0.0087  0.0372  0.0404  
 2   0.0383     -    0.0338  0.0585  0.0781  
 3   0.0087  0.0338     -    0.0346  0.0317  
 4   0.0372  0.0585  0.0346     -    0.0654  
 5   0.0404  0.0781  0.0317  0.0654     -    

Average distances (expected heterozygosity) between individuals in same cluster:
cluster  1  : 0.3284 
cluster  2  : 0.2451 
cluster  3  : 0.3443 
cluster  4  : 0.2744 
cluster  5  : 0.3343 

--------------------------------------------
Estimated Ln Prob of Data   = -26804.0
Mean value of ln likelihood = -26163.1
Variance of ln likelihood   = 1281.7
Mean value of alpha         = 0.0315

Mean value of Fst_1         = 0.0850
Mean value of Fst_2         = 0.2962
Mean value of Fst_3         = 0.0294
Mean value of Fst_4         = 0.2681
Mean value of Fst_5         = 0.1542


Inferred ancestry of individuals:
     (%Miss) Pop:  Inferred clusters
  1    (0)    1 :  0.002 0.994 0.002 0.001 0.001 
  2    (0)    1 :  0.008 0.973 0.006 0.004 0.009 
  3    (0)    1 :  0.002 0.995 0.001 0.001 0.001 
  4    (0)    1 :  0.002 0.993 0.002 0.002 0.001 
  5    (0)    1 :  0.001 0.992 0.003 0.001 0.003 
  6    (0)    1 :  0.002 0.992 0.003 0.002 0.001 
  7    (0)    1 :  0.001 0.996 0.001 0.001 0.001 
  8    (0)    1 :  0.005 0.989 0.002 0.003 0.001 
  9    (0)    1 :  0.001 0.995 0.001 0.002 0.001 
 10    (0)    1 :  0.004 0.989 0.002 0.004 0.002 
 11    (0)    1 :  0.010 0.932 0.008 0.047 0.004 
 12    (0)    1 :  0.007 0.974 0.006 0.004 0.009 
 13    (0)    1 :  0.001 0.994 0.001 0.003 0.001 
 14    (0)    1 :  0.003 0.993 0.002 0.001 0.001 
 15    (0)    1 :  0.002 0.994 0.002 0.002 0.001 
 16    (0)    1 :  0.004 0.991 0.002 0.003 0.000 
 17    (0)    1 :  0.011 0.977 0.010 0.001 0.001 
 18    (0)    1 :  0.018 0.929 0.037 0.005 0.011 
 19    (0)    1 :  0.002 0.993 0.001 0.003 0.001 
 20    (0)    1 :  0.003 0.992 0.002 0.002 0.001 
 21    (0)    1 :  0.004 0.990 0.003 0.002 0.001 
 22    (0)    1 :  0.003 0.991 0.002 0.002 0.002 
 23    (0)    1 :  0.001 0.996 0.001 0.001 0.001 
 24    (0)    1 :  0.001 0.995 0.002 0.001 0.001 
 25    (0)    1 :  0.003 0.988 0.002 0.001 0.005 
 26    (0)    1 :  0.001 0.995 0.001 0.001 0.001 
 27    (0)    1 :  0.001 0.997 0.001 0.001 0.001 
 28    (0)    1 :  0.006 0.987 0.002 0.004 0.002 
 29    (0)    1 :  0.002 0.994 0.002 0.001 0.001 
 30    (0)    1 :  0.001 0.996 0.001 0.001 0.001 
 31    (0)    1 :  0.002 0.994 0.002 0.001 0.002 
 32    (0)    1 :  0.002 0.991 0.002 0.004 0.001 
 33    (0)    1 :  0.001 0.997 0.001 0.001 0.000 
 34    (0)    1 :  0.001 0.997 0.001 0.001 0.001 
 35    (0)    1 :  0.002 0.989 0.006 0.002 0.001 
 36    (0)    2 :  0.011 0.005 0.161 0.003 0.820 
 37    (0)    2 :  0.003 0.010 0.006 0.003 0.977 
 38    (0)    3 :  0.838 0.004 0.144 0.012 0.002 
 39    (0)    3 :  0.149 0.013 0.830 0.002 0.005 
 40    (0)    3 :  0.003 0.084 0.905 0.004 0.004 
 41    (0)    3 :  0.131 0.010 0.802 0.012 0.045 
 42    (0)    3 :  0.803 0.007 0.012 0.122 0.055 
 43    (0)    2 :  0.002 0.001 0.002 0.001 0.994 
 44    (0)    2 :  0.101 0.006 0.844 0.035 0.014 
 45    (0)    2 :  0.003 0.002 0.004 0.002 0.990 
 46    (0)    2 :  0.002 0.003 0.006 0.003 0.986 
 47    (0)    2 :  0.052 0.002 0.179 0.079 0.687 
 48    (0)    2 :  0.019 0.008 0.733 0.004 0.235 
 49    (0)    2 :  0.079 0.020 0.498 0.012 0.391 
 50    (0)    2 :  0.015 0.001 0.003 0.001 0.980 
 51    (0)    2 :  0.006 0.002 0.010 0.005 0.976 
 52    (0)    3 :  0.932 0.021 0.033 0.010 0.004 
 53    (0)    3 :  0.152 0.034 0.807 0.003 0.004 
 54    (0)    3 :  0.021 0.004 0.952 0.022 0.002 
 55    (0)    3 :  0.572 0.022 0.286 0.003 0.116 
 56    (0)    3 :  0.002 0.003 0.001 0.992 0.001 
 57    (0)    3 :  0.754 0.216 0.018 0.007 0.005 
 58    (0)    3 :  0.003 0.002 0.987 0.005 0.003 
 59    (0)    3 :  0.002 0.002 0.984 0.001 0.011 
 60    (0)    3 :  0.001 0.001 0.002 0.994 0.001 
 61    (0)    3 :  0.002 0.002 0.002 0.993 0.002 
 62    (0)    3 :  0.966 0.005 0.007 0.015 0.007 
 63    (0)    3 :  0.989 0.003 0.001 0.004 0.002 
 64    (0)    3 :  0.387 0.475 0.133 0.003 0.002 
 65    (0)    3 :  0.324 0.446 0.222 0.002 0.006 
 66    (0)    3 :  0.147 0.359 0.487 0.002 0.005 
 67    (0)    3 :  0.126 0.215 0.607 0.019 0.033 
 68    (0)    3 :  0.001 0.001 0.001 0.996 0.001 
 69    (0)    3 :  0.169 0.441 0.332 0.001 0.057 
 70    (0)    3 :  0.005 0.003 0.005 0.986 0.001 
 71    (0)    3 :  0.003 0.006 0.001 0.989 0.001 
 72    (0)    3 :  0.002 0.004 0.001 0.992 0.001 
 73    (0)    3 :  0.002 0.003 0.793 0.200 0.002 
 74    (0)    3 :  0.505 0.005 0.487 0.001 0.002 
 75    (0)    3 :  0.980 0.005 0.011 0.001 0.003 
 76    (0)    3 :  0.302 0.005 0.685 0.003 0.005 
 77    (0)    3 :  0.002 0.002 0.976 0.018 0.003 
 78    (0)    3 :  0.818 0.020 0.127 0.032 0.002 
 79    (0)    3 :  0.421 0.003 0.568 0.006 0.002 
 80    (0)    3 :  0.859 0.003 0.131 0.002 0.004 
 81    (0)    3 :  0.983 0.002 0.003 0.010 0.002 
 82    (0)    3 :  0.015 0.009 0.962 0.002 0.012 
 83    (0)    3 :  0.003 0.008 0.968 0.017 0.004 
 84    (0)    3 :  0.858 0.003 0.111 0.027 0.001 
 85    (0)    3 :  0.002 0.001 0.001 0.995 0.001 
 86    (0)    3 :  0.008 0.003 0.985 0.001 0.003 
 87    (0)    3 :  0.010 0.013 0.970 0.004 0.004 
 88    (0)    2 :  0.003 0.001 0.003 0.001 0.992 
 89    (0)    2 :  0.005 0.002 0.001 0.001 0.991 
 90    (0)    2 :  0.002 0.001 0.003 0.002 0.992 
 91    (0)    2 :  0.017 0.002 0.513 0.007 0.461 
 92    (0)    2 :  0.004 0.002 0.005 0.006 0.983 
 93    (0)    2 :  0.003 0.001 0.003 0.001 0.993 
 94    (0)    4 :  0.001 0.002 0.004 0.001 0.992 
 95    (0)    4 :  0.002 0.003 0.002 0.003 0.990 
 96    (2)    4 :  0.012 0.003 0.008 0.007 0.971 
 97    (0)    4 :  0.020 0.007 0.021 0.011 0.941 
 98    (1)    4 :  0.028 0.004 0.026 0.004 0.937 
 99    (0)    4 :  0.005 0.004 0.008 0.006 0.978 
100    (1)    4 :  0.016 0.003 0.004 0.003 0.974 
101    (0)    4 :  0.013 0.002 0.008 0.002 0.975 
102    (0)    4 :  0.002 0.002 0.001 0.003 0.992 
103    (0)    4 :  0.016 0.008 0.005 0.011 0.960 
104    (1)    4 :  0.007 0.001 0.005 0.013 0.973 
105    (1)    4 :  0.001 0.002 0.002 0.001 0.993 
106    (2)    4 :  0.005 0.005 0.009 0.008 0.972 
107    (1)    4 :  0.002 0.001 0.002 0.002 0.992 
108    (0)    4 :  0.003 0.005 0.005 0.005 0.982 
109    (1)    4 :  0.005 0.020 0.007 0.003 0.965 
110    (3)    4 :  0.002 0.001 0.003 0.003 0.991 
111    (0)    4 :  0.017 0.007 0.009 0.005 0.963 
112    (1)    4 :  0.004 0.003 0.009 0.003 0.982 
113    (1)    4 :  0.001 0.001 0.002 0.001 0.995 
114    (0)    4 :  0.001 0.001 0.001 0.002 0.996 
115    (1)    4 :  0.001 0.002 0.002 0.001 0.994 
116    (1)    4 :  0.026 0.005 0.033 0.009 0.927 
117    (0)    4 :  0.003 0.015 0.007 0.003 0.973 
118    (3)    4 :  0.002 0.003 0.003 0.002 0.990 
119    (2)    4 :  0.004 0.027 0.013 0.007 0.948 
120    (2)    4 :  0.007 0.002 0.009 0.006 0.976 
121    (0)    4 :  0.011 0.014 0.006 0.004 0.965 
122    (1)    4 :  0.002 0.004 0.002 0.009 0.983 
123    (0)    4 :  0.001 0.001 0.001 0.001 0.996 
124   (15)    4 :  0.009 0.004 0.021 0.012 0.955 
125    (1)    4 :  0.006 0.009 0.012 0.008 0.965 
126    (0)    4 :  0.006 0.003 0.009 0.020 0.963 
127    (2)    4 :  0.003 0.003 0.003 0.002 0.989 


Estimated Allele Frequencies in each cluster
First column gives estimated ancestral frequencies


Locus 1 : 
2 alleles
0.0% missing data
   3   (0.932) 0.979 0.998 0.929 0.990 0.906 
   2   (0.068) 0.021 0.002 0.071 0.010 0.094 

Locus 2 : 
2 alleles
0.0% missing data
   2   (0.328) 0.497 0.168 0.305 0.048 0.366 
   3   (0.672) 0.503 0.832 0.695 0.952 0.634 

Locus 3 : 
2 alleles
0.0% missing data
   2   (0.332) 0.503 0.251 0.266 0.216 0.338 
   4   (0.668) 0.497 0.749 0.734 0.784 0.662 

Locus 4 : 
2 alleles
0.0% missing data
   1   (0.685) 0.740 0.887 0.642 0.368 0.926 
   4   (0.315) 0.260 0.113 0.358 0.632 0.074 

Locus 5 : 
2 alleles
3.1% missing data
   2   (0.809) 0.822 0.952 0.815 0.972 0.741 
   1   (0.191) 0.178 0.048 0.185 0.028 0.259 

Locus 6 : 
2 alleles
2.4% missing data
   1   (0.209) 0.194 0.383 0.202 0.031 0.193 
   3   (0.791) 0.806 0.617 0.798 0.969 0.807 

Locus 7 : 
2 alleles
0.0% missing data
   2   (0.615) 0.682 0.458 0.602 0.944 0.417 
   3   (0.385) 0.318 0.542 0.398 0.056 0.583 

Locus 8 : 
2 alleles
2.4% missing data
   1   (0.238) 0.258 0.260 0.202 0.246 0.166 
   2   (0.762) 0.742 0.740 0.798 0.754 0.834 

Locus 9 : 
2 alleles
0.8% missing data
   4   (0.964) 0.989 0.999 0.982 0.995 0.823 
   1   (0.036) 0.011 0.001 0.018 0.005 0.177 

Locus 10 : 
2 alleles
0.0% missing data
   3   (0.739) 0.869 0.991 0.684 0.652 0.517 
   2   (0.261) 0.131 0.009 0.316 0.348 0.483 

Locus 11 : 
2 alleles
0.0% missing data
   2   (0.957) 0.987 0.999 0.974 0.994 0.771 
   1   (0.043) 0.013 0.001 0.026 0.006 0.229 

Locus 12 : 
2 alleles
0.0% missing data
   1   (0.513) 0.626 0.822 0.510 0.236 0.279 
   4   (0.487) 0.374 0.178 0.490 0.764 0.721 

Locus 13 : 
2 alleles
0.8% missing data
   2   (0.713) 0.624 0.799 0.775 0.806 0.588 
   4   (0.287) 0.376 0.201 0.225 0.194 0.412 

Locus 14 : 
2 alleles
0.0% missing data
   4   (0.700) 0.683 0.802 0.755 0.544 0.580 
   2   (0.300) 0.317 0.198 0.245 0.456 0.420 

Locus 15 : 
2 alleles
0.0% missing data
   4   (0.873) 0.933 0.996 0.821 0.983 0.882 
   2   (0.127) 0.067 0.004 0.179 0.017 0.118 

Locus 16 : 
2 alleles
0.0% missing data
   1   (0.404) 0.251 0.690 0.415 0.468 0.385 
   4   (0.596) 0.749 0.310 0.585 0.532 0.615 

Locus 17 : 
2 alleles
0.0% missing data
   4   (0.908) 0.973 0.997 0.907 0.875 0.936 
   3   (0.092) 0.027 0.003 0.093 0.125 0.064 

Locus 18 : 
2 alleles
0.0% missing data
   2   (0.801) 0.711 0.788 0.842 0.972 0.787 
   3   (0.199) 0.289 0.212 0.158 0.028 0.213 

Locus 19 : 
2 alleles
0.8% missing data
   4   (0.873) 0.941 0.984 0.854 0.983 0.820 
   2   (0.127) 0.059 0.016 0.146 0.017 0.180 

Locus 20 : 
2 alleles
0.0% missing data
   2   (0.670) 0.612 0.561 0.678 0.948 0.660 
   3   (0.330) 0.388 0.439 0.322 0.052 0.340 

Locus 21 : 
2 alleles
0.8% missing data
   2   (0.340) 0.348 0.208 0.319 0.260 0.447 
   3   (0.660) 0.652 0.792 0.681 0.740 0.553 

Locus 22 : 
2 alleles
0.0% missing data
   4   (0.811) 0.891 0.873 0.846 0.702 0.728 
   2   (0.189) 0.109 0.127 0.154 0.298 0.272 

Locus 23 : 
2 alleles
2.4% missing data
   1   (0.333) 0.383 0.565 0.261 0.471 0.398 
   4   (0.667) 0.617 0.435 0.739 0.529 0.602 

Locus 24 : 
2 alleles
0.0% missing data
   3   (0.719) 0.773 0.991 0.644 0.959 0.610 
   2   (0.281) 0.227 0.009 0.356 0.041 0.390 

Locus 25 : 
2 alleles
0.0% missing data
   3   (0.718) 0.681 0.490 0.735 0.959 0.714 
   2   (0.282) 0.319 0.510 0.265 0.041 0.286 

Locus 26 : 
2 alleles
0.8% missing data
   2   (0.550) 0.616 0.722 0.467 0.933 0.551 
   4   (0.450) 0.384 0.278 0.533 0.067 0.449 

Locus 27 : 
2 alleles
1.6% missing data
   1   (0.595) 0.614 0.748 0.623 0.193 0.628 
   4   (0.405) 0.386 0.252 0.377 0.807 0.372 

Locus 28 : 
2 alleles
3.9% missing data
   3   (0.524) 0.482 0.582 0.541 0.286 0.660 
   2   (0.476) 0.518 0.418 0.459 0.714 0.340 

Locus 29 : 
2 alleles
0.0% missing data
   4   (0.193) 0.058 0.436 0.167 0.346 0.352 
   1   (0.807) 0.942 0.564 0.833 0.654 0.648 

Locus 30 : 
2 alleles
0.0% missing data
   1   (0.431) 0.348 0.571 0.424 0.494 0.463 
   4   (0.569) 0.652 0.429 0.576 0.506 0.537 

Locus 31 : 
2 alleles
3.1% missing data
   2   (0.301) 0.241 0.501 0.315 0.045 0.299 
   4   (0.699) 0.759 0.499 0.685 0.955 0.701 

Locus 32 : 
2 alleles
0.0% missing data
   4   (0.511) 0.650 0.643 0.450 0.350 0.660 
   3   (0.489) 0.350 0.357 0.550 0.650 0.340 

Locus 33 : 
2 alleles
0.8% missing data
   2   (0.512) 0.630 0.566 0.467 0.440 0.616 
   3   (0.488) 0.370 0.434 0.533 0.560 0.384 

Locus 34 : 
2 alleles
0.0% missing data
   3   (0.494) 0.503 0.608 0.467 0.449 0.566 
   2   (0.506) 0.497 0.392 0.533 0.551 0.434 

Locus 35 : 
2 alleles
0.0% missing data
   4   (0.669) 0.458 0.989 0.667 0.695 0.794 
   1   (0.331) 0.542 0.011 0.333 0.305 0.206 

Locus 36 : 
2 alleles
0.0% missing data
   4   (0.638) 0.667 0.787 0.627 0.945 0.416 
   1   (0.362) 0.333 0.213 0.373 0.055 0.584 

Locus 37 : 
2 alleles
0.8% missing data
   2   (0.549) 0.637 0.814 0.505 0.727 0.450 
   3   (0.451) 0.363 0.186 0.495 0.273 0.550 

Locus 38 : 
2 alleles
0.8% missing data
   1   (0.909) 0.955 0.997 0.900 0.787 0.987 
   2   (0.091) 0.045 0.003 0.100 0.213 0.013 

Locus 39 : 
2 alleles
1.6% missing data
   2   (0.596) 0.612 0.963 0.608 0.521 0.344 
   4   (0.404) 0.388 0.037 0.392 0.479 0.656 

Locus 40 : 
2 alleles
0.0% missing data
   1   (0.389) 0.197 0.399 0.370 0.489 0.816 
   4   (0.611) 0.803 0.601 0.630 0.511 0.184 

Locus 41 : 
2 alleles
0.0% missing data
   2   (0.910) 0.973 0.934 0.936 0.987 0.623 
   1   (0.090) 0.027 0.066 0.064 0.013 0.377 

Locus 42 : 
2 alleles
0.0% missing data
   2   (0.531) 0.581 0.528 0.506 0.520 0.606 
   4   (0.469) 0.419 0.472 0.494 0.480 0.394 

Locus 43 : 
2 alleles
0.0% missing data
   2   (0.395) 0.382 0.368 0.342 0.439 0.682 
   4   (0.605) 0.618 0.632 0.658 0.561 0.318 

Locus 44 : 
3 alleles
1.6% missing data
   3   (0.848) 0.906 0.836 0.863 0.977 0.919 
   2   (0.118) 0.083 0.163 0.096 0.018 0.078 
   0   (0.034) 0.011 0.001 0.041 0.005 0.003 

Locus 45 : 
2 alleles
0.0% missing data
   1   (0.789) 0.808 0.984 0.762 0.968 0.790 
   2   (0.211) 0.192 0.016 0.238 0.032 0.210 

Locus 46 : 
2 alleles
0.0% missing data
   4   (0.890) 0.833 0.996 0.926 0.779 0.955 
   2   (0.110) 0.167 0.004 0.074 0.221 0.045 

Locus 47 : 
2 alleles
0.0% missing data
   2   (0.889) 0.844 0.958 0.942 0.715 0.950 
   1   (0.111) 0.156 0.042 0.058 0.285 0.050 

Locus 48 : 
2 alleles
1.6% missing data
   2   (0.571) 0.617 0.430 0.548 0.842 0.525 
   4   (0.429) 0.383 0.570 0.452 0.158 0.475 

Locus 49 : 
2 alleles
0.0% missing data
   1   (0.743) 0.736 0.915 0.775 0.793 0.649 
   2   (0.257) 0.264 0.085 0.225 0.207 0.351 

Locus 50 : 
2 alleles
0.0% missing data
   4   (0.733) 0.833 0.439 0.750 0.643 0.738 
   1   (0.267) 0.167 0.561 0.250 0.357 0.262 

Locus 51 : 
2 alleles
0.0% missing data
   3   (0.524) 0.299 0.570 0.576 0.556 0.670 
   2   (0.476) 0.701 0.430 0.424 0.444 0.330 

Locus 52 : 
2 alleles
0.8% missing data
   4   (0.919) 0.902 0.997 0.942 0.989 0.877 
   2   (0.081) 0.098 0.003 0.058 0.011 0.123 

Locus 53 : 
2 alleles
0.0% missing data
   4   (0.931) 0.980 0.998 0.964 0.739 0.628 
   2   (0.069) 0.020 0.002 0.036 0.261 0.372 

Locus 54 : 
2 alleles
3.1% missing data
   3   (0.578) 0.501 0.837 0.569 0.661 0.707 
   4   (0.422) 0.499 0.163 0.431 0.339 0.293 

Locus 55 : 
2 alleles
0.0% missing data
   2   (0.612) 0.571 0.595 0.597 0.781 0.775 
   1   (0.388) 0.429 0.405 0.403 0.219 0.225 

Locus 56 : 
3 alleles
2.4% missing data
   1   (0.784) 0.888 0.993 0.779 0.614 0.729 
   0   (0.083) 0.031 0.003 0.092 0.114 0.024 
   4   (0.133) 0.081 0.004 0.129 0.272 0.247 

Locus 57 : 
2 alleles
0.0% missing data
   4   (0.894) 0.966 0.997 0.880 0.985 0.648 
   1   (0.106) 0.034 0.003 0.120 0.015 0.352 

Locus 58 : 
2 alleles
0.0% missing data
   4   (0.865) 0.855 0.986 0.848 0.978 0.970 
   2   (0.135) 0.145 0.014 0.152 0.022 0.030 

Locus 59 : 
2 alleles
0.0% missing data
   3   (0.863) 0.878 0.891 0.870 0.981 0.953 
   2   (0.137) 0.122 0.109 0.130 0.019 0.047 

Locus 60 : 
2 alleles
0.0% missing data
   4   (0.757) 0.765 0.992 0.742 0.763 0.680 
   2   (0.243) 0.235 0.008 0.258 0.237 0.320 

Locus 61 : 
2 alleles
0.0% missing data
   4   (0.882) 0.865 0.996 0.925 0.832 0.777 
   2   (0.118) 0.135 0.004 0.075 0.168 0.223 

Locus 62 : 
2 alleles
0.0% missing data
   2   (0.746) 0.839 0.913 0.726 0.964 0.465 
   1   (0.254) 0.161 0.087 0.274 0.036 0.535 

Locus 63 : 
2 alleles
0.0% missing data
   2   (0.406) 0.471 0.641 0.365 0.708 0.218 
   1   (0.594) 0.529 0.359 0.635 0.292 0.782 

Locus 64 : 
2 alleles
0.0% missing data
   4   (0.827) 0.816 0.994 0.846 0.764 0.841 
   2   (0.173) 0.184 0.006 0.154 0.236 0.159 

Locus 65 : 
2 alleles
0.8% missing data
   1   (0.881) 0.933 0.996 0.877 0.979 0.743 
   4   (0.119) 0.067 0.004 0.123 0.021 0.257 

Locus 66 : 
3 alleles
1.6% missing data
   3   (0.612) 0.555 0.663 0.651 0.537 0.693 
   2   (0.358) 0.436 0.336 0.334 0.459 0.263 
   0   (0.031) 0.009 0.001 0.015 0.004 0.043 

Locus 67 : 
2 alleles
0.0% missing data
   1   (0.112) 0.151 0.030 0.065 0.229 0.037 
   3   (0.888) 0.849 0.970 0.935 0.771 0.963 

Locus 68 : 
2 alleles
0.0% missing data
   2   (0.507) 0.634 0.738 0.519 0.178 0.333 
   3   (0.493) 0.366 0.262 0.481 0.822 0.667 

Locus 69 : 
2 alleles
0.0% missing data
   4   (0.794) 0.822 0.993 0.822 0.692 0.508 
   2   (0.206) 0.178 0.007 0.178 0.308 0.492 

Locus 70 : 
3 alleles
0.0% missing data
   1   (0.347) 0.335 0.702 0.379 0.803 0.028 
   3   (0.619) 0.652 0.146 0.603 0.193 0.970 
   0   (0.034) 0.013 0.152 0.018 0.004 0.002 

Locus 71 : 
2 alleles
3.1% missing data
   2   (0.552) 0.639 0.215 0.524 0.507 0.743 
   4   (0.448) 0.361 0.785 0.476 0.493 0.257 

Locus 72 : 
2 alleles
1.6% missing data
   3   (0.509) 0.657 0.713 0.441 0.321 0.703 
   1   (0.491) 0.343 0.287 0.559 0.679 0.297 

Locus 73 : 
2 alleles
0.0% missing data
   1   (0.308) 0.199 0.540 0.283 0.491 0.352 
   2   (0.692) 0.801 0.460 0.717 0.509 0.648 

Locus 74 : 
2 alleles
1.6% missing data
   2   (0.814) 0.830 0.982 0.756 0.973 0.938 
   3   (0.186) 0.170 0.018 0.244 0.027 0.062 

Locus 75 : 
2 alleles
0.0% missing data
   3   (0.476) 0.414 0.792 0.477 0.165 0.661 
   1   (0.524) 0.586 0.208 0.523 0.835 0.339 

Locus 76 : 
2 alleles
0.0% missing data
   2   (0.450) 0.284 0.925 0.478 0.652 0.183 
   1   (0.550) 0.716 0.075 0.522 0.348 0.817 

Locus 77 : 
2 alleles
0.0% missing data
   4   (0.302) 0.387 0.480 0.275 0.313 0.101 
   1   (0.698) 0.613 0.520 0.725 0.687 0.899 

Locus 78 : 
2 alleles
0.0% missing data
   3   (0.717) 0.632 0.989 0.709 0.531 0.825 
   2   (0.283) 0.368 0.011 0.291 0.469 0.175 

Locus 79 : 
2 alleles
0.0% missing data
   2   (0.582) 0.538 0.719 0.568 0.842 0.523 
   3   (0.418) 0.462 0.281 0.432 0.158 0.477 

Locus 80 : 
2 alleles
0.0% missing data
   4   (0.807) 0.876 0.872 0.841 0.707 0.786 
   2   (0.193) 0.124 0.128 0.159 0.293 0.214 

Locus 81 : 
2 alleles
0.0% missing data
   3   (0.489) 0.454 0.342 0.553 0.071 0.581 
   2   (0.511) 0.546 0.658 0.447 0.929 0.419 

Locus 82 : 
2 alleles
0.0% missing data
   2   (0.748) 0.893 0.719 0.729 0.748 0.690 
   3   (0.252) 0.107 0.281 0.271 0.252 0.310 

Locus 83 : 
2 alleles
0.0% missing data
   3   (0.718) 0.765 0.883 0.717 0.958 0.469 
   2   (0.282) 0.235 0.117 0.283 0.042 0.531 

Locus 84 : 
2 alleles
0.0% missing data
   3   (0.553) 0.569 0.439 0.606 0.303 0.414 
   2   (0.447) 0.431 0.561 0.394 0.697 0.586 

Locus 85 : 
2 alleles
0.0% missing data
   3   (0.752) 0.905 0.873 0.706 0.635 0.818 
   4   (0.248) 0.095 0.127 0.294 0.365 0.182 

Locus 86 : 
2 alleles
0.0% missing data
   3   (0.529) 0.557 0.447 0.518 0.079 0.847 
   2   (0.471) 0.443 0.553 0.482 0.921 0.153 

Locus 87 : 
3 alleles
4.7% missing data
   1   (0.562) 0.535 0.713 0.607 0.502 0.429 
   4   (0.407) 0.452 0.286 0.370 0.484 0.559 
   0   (0.031) 0.014 0.001 0.023 0.014 0.012 

Locus 88 : 
2 alleles
1.6% missing data
   3   (0.808) 0.773 0.993 0.803 0.974 0.673 
   1   (0.192) 0.227 0.007 0.197 0.026 0.327 

Locus 89 : 
2 alleles
0.0% missing data
   1   (0.545) 0.677 0.892 0.506 0.490 0.426 
   4   (0.455) 0.323 0.108 0.494 0.510 0.574 

Locus 90 : 
2 alleles
0.8% missing data
   3   (0.752) 0.770 0.763 0.820 0.541 0.602 
   2   (0.248) 0.230 0.237 0.180 0.459 0.398 

Locus 91 : 
2 alleles
0.0% missing data
   2   (0.712) 0.576 0.693 0.782 0.748 0.720 
   4   (0.288) 0.424 0.307 0.218 0.252 0.280 

Locus 92 : 
2 alleles
0.0% missing data
   2   (0.773) 0.786 0.956 0.804 0.751 0.736 
   4   (0.227) 0.214 0.044 0.196 0.249 0.264 

Locus 93 : 
2 alleles
0.0% missing data
   4   (0.900) 0.951 0.997 0.893 0.984 0.878 
   1   (0.100) 0.049 0.003 0.107 0.016 0.122 

Locus 94 : 
2 alleles
0.0% missing data
   3   (0.781) 0.770 0.748 0.788 0.966 0.873 
   1   (0.219) 0.230 0.252 0.212 0.034 0.127 

Locus 95 : 
2 alleles
0.0% missing data
   1   (0.059) 0.018 0.069 0.066 0.009 0.003 
   3   (0.941) 0.982 0.931 0.934 0.991 0.997 

Locus 96 : 
2 alleles
0.0% missing data
   3   (0.586) 0.425 0.802 0.652 0.531 0.485 
   2   (0.414) 0.575 0.198 0.348 0.469 0.515 

Locus 97 : 
2 alleles
0.0% missing data
   2   (0.735) 0.726 0.992 0.725 0.753 0.637 
   1   (0.265) 0.274 0.008 0.275 0.247 0.363 

Locus 98 : 
2 alleles
0.0% missing data
   4   (0.771) 0.671 0.993 0.768 0.964 0.612 
   2   (0.229) 0.329 0.007 0.232 0.036 0.388 

Locus 99 : 
2 alleles
0.8% missing data
   4   (0.837) 0.939 0.995 0.831 0.756 0.623 
   1   (0.163) 0.061 0.005 0.169 0.244 0.377 

Locus 100 : 
2 alleles
0.8% missing data
   3   (0.439) 0.437 0.209 0.412 0.660 0.507 
   2   (0.561) 0.563 0.791 0.588 0.340 0.493 

Locus 101 : 
3 alleles
0.0% missing data
   4   (0.501) 0.550 0.434 0.581 0.506 0.089 
   2   (0.430) 0.326 0.539 0.361 0.484 0.907 
   0   (0.069) 0.125 0.027 0.058 0.010 0.004 

Locus 102 : 
2 alleles
2.4% missing data
   2   (0.760) 0.795 0.900 0.750 0.698 0.893 
   4   (0.240) 0.205 0.100 0.250 0.302 0.107 

Locus 103 : 
3 alleles
0.0% missing data
   4   (0.099) 0.098 0.527 0.071 0.014 0.025 
   2   (0.793) 0.802 0.469 0.752 0.967 0.969 
   0   (0.108) 0.100 0.003 0.177 0.019 0.006 

Locus 104 : 
2 alleles
0.0% missing data
   3   (0.303) 0.358 0.562 0.274 0.149 0.178 
   2   (0.697) 0.642 0.438 0.726 0.851 0.822 

Locus 105 : 
2 alleles
0.0% missing data
   4   (0.499) 0.462 0.413 0.526 0.506 0.418 
   1   (0.501) 0.538 0.587 0.474 0.494 0.582 

Locus 106 : 
2 alleles
0.0% missing data
   1   (0.143) 0.179 0.175 0.102 0.020 0.179 
   2   (0.857) 0.821 0.825 0.898 0.980 0.821 

Locus 107 : 
2 alleles
0.0% missing data
   1   (0.590) 0.578 0.792 0.629 0.392 0.481 
   4   (0.410) 0.422 0.208 0.371 0.608 0.519 

Locus 108 : 
2 alleles
0.0% missing data
   2   (0.755) 0.714 0.928 0.789 0.696 0.826 
   4   (0.245) 0.286 0.072 0.211 0.304 0.174 

Locus 109 : 
2 alleles
0.0% missing data
   3   (0.795) 0.878 0.966 0.784 0.810 0.795 
   2   (0.205) 0.122 0.034 0.216 0.190 0.205 

Locus 110 : 
2 alleles
0.0% missing data
   2   (0.935) 0.879 0.998 0.965 0.990 0.918 
   1   (0.065) 0.121 0.002 0.035 0.010 0.082 

Locus 111 : 
2 alleles
0.0% missing data
   1   (0.847) 0.914 0.994 0.802 0.978 0.733 
   2   (0.153) 0.086 0.006 0.198 0.022 0.267 

Locus 112 : 
2 alleles
7.1% missing data
   3   (0.843) 0.786 0.995 0.879 0.762 0.875 
   2   (0.157) 0.214 0.005 0.121 0.238 0.125 

Locus 113 : 
2 alleles
0.0% missing data
   2   (0.643) 0.607 0.742 0.574 0.947 0.866 
   3   (0.357) 0.393 0.258 0.426 0.053 0.134 

Locus 114 : 
2 alleles
0.0% missing data
   4   (0.715) 0.700 0.805 0.704 0.958 0.703 
   2   (0.285) 0.300 0.195 0.296 0.042 0.297 

Locus 115 : 
2 alleles
0.0% missing data
   3   (0.463) 0.447 0.342 0.441 0.654 0.534 
   2   (0.537) 0.553 0.658 0.559 0.346 0.466 

Locus 116 : 
2 alleles
0.0% missing data
   4   (0.447) 0.308 0.689 0.455 0.487 0.575 
   3   (0.553) 0.692 0.311 0.545 0.513 0.425 

Locus 117 : 
2 alleles
0.0% missing data
   2   (0.905) 0.828 0.995 0.930 0.986 0.895 
   3   (0.095) 0.172 0.005 0.070 0.014 0.105 

Locus 118 : 
2 alleles
0.0% missing data
   2   (0.898) 0.966 0.997 0.864 0.986 0.913 
   1   (0.102) 0.034 0.003 0.136 0.014 0.087 

Locus 119 : 
3 alleles
0.0% missing data
   2   (0.920) 0.976 0.972 0.961 0.585 0.918 
   0   (0.027) 0.008 0.026 0.013 0.004 0.001 
   3   (0.053) 0.016 0.002 0.026 0.412 0.081 

Locus 120 : 
2 alleles
0.0% missing data
   1   (0.923) 0.957 0.997 0.921 0.987 0.957 
   2   (0.077) 0.043 0.003 0.079 0.013 0.043 

Locus 121 : 
2 alleles
0.0% missing data
   3   (0.712) 0.746 0.657 0.711 0.848 0.825 
   4   (0.288) 0.254 0.343 0.289 0.152 0.175 

Locus 122 : 
2 alleles
0.0% missing data
   1   (0.967) 0.986 0.899 0.982 0.995 0.998 
   0   (0.033) 0.014 0.101 0.018 0.005 0.002 

Locus 123 : 
3 alleles
1.6% missing data
   2   (0.711) 0.828 0.913 0.727 0.849 0.338 
   3   (0.259) 0.164 0.033 0.258 0.147 0.660 
   0   (0.029) 0.008 0.054 0.014 0.004 0.002 

Locus 124 : 
2 alleles
0.8% missing data
   1   (0.821) 0.858 0.993 0.785 0.974 0.751 
   3   (0.179) 0.142 0.007 0.215 0.026 0.249 

Locus 125 : 
2 alleles
0.0% missing data
   1   (0.909) 0.801 0.997 0.945 0.554 0.988 
   2   (0.091) 0.199 0.003 0.055 0.446 0.012 

Locus 126 : 
2 alleles
0.0% missing data
   4   (0.217) 0.230 0.242 0.152 0.295 0.316 
   2   (0.783) 0.770 0.758 0.848 0.705 0.684 

Locus 127 : 
2 alleles
0.0% missing data
   3   (0.705) 0.612 0.990 0.759 0.535 0.387 
   2   (0.295) 0.388 0.010 0.241 0.465 0.613 

Locus 128 : 
2 alleles
0.8% missing data
   3   (0.787) 0.743 0.800 0.813 0.661 0.949 
   2   (0.213) 0.257 0.200 0.187 0.339 0.051 

Locus 129 : 
2 alleles
0.8% missing data
   1   (0.773) 0.640 0.978 0.781 0.768 0.927 
   3   (0.227) 0.360 0.022 0.219 0.232 0.073 

Locus 130 : 
2 alleles
0.0% missing data
   3   (0.882) 0.921 0.996 0.852 0.981 0.930 
   2   (0.118) 0.079 0.004 0.148 0.019 0.070 

Locus 131 : 
2 alleles
0.0% missing data
   4   (0.654) 0.641 0.330 0.654 0.583 0.893 
   1   (0.346) 0.359 0.670 0.346 0.417 0.107 

Locus 132 : 
2 alleles
0.0% missing data
   2   (0.795) 0.769 0.993 0.780 0.822 0.907 
   4   (0.205) 0.231 0.007 0.220 0.178 0.093 

Locus 133 : 
2 alleles
0.0% missing data
   3   (0.484) 0.478 0.841 0.499 0.070 0.522 
   2   (0.516) 0.522 0.159 0.501 0.930 0.478 

Locus 134 : 
2 alleles
0.8% missing data
   3   (0.771) 0.894 0.908 0.716 0.967 0.663 
   2   (0.229) 0.106 0.092 0.284 0.033 0.337 

Locus 135 : 
2 alleles
0.0% missing data
   3   (0.630) 0.557 0.899 0.663 0.517 0.600 
   2   (0.370) 0.443 0.101 0.337 0.483 0.400 

Locus 136 : 
2 alleles
0.0% missing data
   4   (0.899) 0.941 0.996 0.916 0.983 0.556 
   2   (0.101) 0.059 0.004 0.084 0.017 0.444 

Locus 137 : 
2 alleles
0.0% missing data
   2   (0.932) 0.927 0.997 0.928 0.990 0.989 
   3   (0.068) 0.073 0.003 0.072 0.010 0.011 

Locus 138 : 
2 alleles
0.8% missing data
   1   (0.669) 0.721 0.490 0.664 0.691 0.812 
   3   (0.331) 0.279 0.510 0.336 0.309 0.188 

Locus 139 : 
2 alleles
0.8% missing data
   2   (0.652) 0.655 0.408 0.719 0.457 0.517 
   3   (0.348) 0.345 0.592 0.281 0.543 0.483 

Locus 140 : 
2 alleles
0.0% missing data
   4   (0.679) 0.788 0.908 0.624 0.636 0.826 
   3   (0.321) 0.212 0.092 0.376 0.364 0.174 

Locus 141 : 
2 alleles
0.0% missing data
   1   (0.726) 0.729 0.770 0.771 0.689 0.620 
   4   (0.274) 0.271 0.230 0.229 0.311 0.380 

Locus 142 : 
2 alleles
0.0% missing data
   3   (0.630) 0.654 0.596 0.622 0.355 0.872 
   2   (0.370) 0.346 0.404 0.378 0.645 0.128 

Locus 143 : 
2 alleles
0.0% missing data
   2   (0.942) 0.928 0.998 0.962 0.992 0.966 
   3   (0.058) 0.072 0.002 0.038 0.008 0.034 

Locus 144 : 
3 alleles
0.8% missing data
   4   (0.600) 0.579 0.943 0.605 0.724 0.462 
   1   (0.372) 0.412 0.031 0.381 0.272 0.537 
   0   (0.028) 0.009 0.026 0.014 0.004 0.002 

Locus 145 : 
2 alleles
0.0% missing data
   1   (0.167) 0.210 0.275 0.161 0.024 0.048 
   3   (0.833) 0.790 0.725 0.839 0.976 0.952 

Locus 146 : 
2 alleles
0.0% missing data
   4   (0.919) 0.957 0.997 0.918 0.987 0.877 
   1   (0.081) 0.043 0.003 0.082 0.013 0.123 

Locus 147 : 
2 alleles
0.8% missing data
   1   (0.377) 0.361 0.404 0.377 0.534 0.186 
   4   (0.623) 0.639 0.596 0.623 0.466 0.814 

Locus 148 : 
2 alleles
0.0% missing data
   3   (0.731) 0.666 0.606 0.723 0.325 0.984 
   1   (0.269) 0.334 0.394 0.277 0.675 0.016 

Locus 149 : 
3 alleles
1.6% missing data
   2   (0.505) 0.560 0.589 0.544 0.190 0.441 
   3   (0.446) 0.417 0.408 0.411 0.803 0.536 
   0   (0.049) 0.024 0.003 0.046 0.007 0.024 

Locus 150 : 
2 alleles
0.0% missing data
   1   (0.713) 0.645 0.902 0.676 0.957 0.804 
   4   (0.287) 0.355 0.098 0.324 0.043 0.196 

Locus 151 : 
2 alleles
0.0% missing data
   3   (0.723) 0.734 0.406 0.696 0.961 0.887 
   2   (0.277) 0.266 0.594 0.304 0.039 0.113 

Locus 152 : 
2 alleles
0.0% missing data
   4   (0.923) 0.951 0.997 0.919 0.823 0.995 
   2   (0.077) 0.049 0.003 0.081 0.177 0.005 

Locus 153 : 
2 alleles
0.0% missing data
   1   (0.639) 0.660 0.682 0.679 0.659 0.498 
   4   (0.361) 0.340 0.318 0.321 0.341 0.502 

Locus 154 : 
2 alleles
0.8% missing data
   1   (0.540) 0.673 0.894 0.560 0.511 0.106 
   3   (0.460) 0.327 0.106 0.440 0.489 0.894 

Locus 155 : 
2 alleles
0.0% missing data
   3   (0.538) 0.580 0.848 0.469 0.771 0.633 
   4   (0.462) 0.420 0.152 0.531 0.229 0.367 

Locus 156 : 
2 alleles
0.8% missing data
   1   (0.816) 0.893 0.973 0.836 0.973 0.214 
   2   (0.184) 0.107 0.027 0.164 0.027 0.786 

Locus 157 : 
2 alleles
0.0% missing data
   4   (0.580) 0.521 0.750 0.597 0.668 0.558 
   2   (0.420) 0.479 0.250 0.403 0.332 0.442 

Locus 158 : 
2 alleles
0.8% missing data
   1   (0.705) 0.659 0.756 0.697 0.799 0.901 
   2   (0.295) 0.341 0.244 0.303 0.201 0.099 

Locus 159 : 
3 alleles
0.8% missing data
   2   (0.840) 0.893 0.858 0.853 0.978 0.517 
   0   (0.064) 0.078 0.139 0.045 0.009 0.004 
   3   (0.096) 0.029 0.003 0.102 0.013 0.479 

Locus 160 : 
3 alleles
0.0% missing data
   1   (0.445) 0.505 0.469 0.475 0.479 0.182 
   3   (0.525) 0.441 0.530 0.509 0.517 0.816 
   0   (0.030) 0.054 0.001 0.016 0.004 0.002 

Locus 161 : 
2 alleles
0.8% missing data
   1   (0.515) 0.549 0.514 0.540 0.180 0.536 
   4   (0.485) 0.451 0.486 0.460 0.820 0.464 

Locus 162 : 
3 alleles
3.1% missing data
   1   (0.901) 0.963 0.997 0.892 0.986 0.936 
   0   (0.071) 0.029 0.002 0.094 0.011 0.041 
   2   (0.028) 0.009 0.001 0.014 0.004 0.023 

Locus 163 : 
2 alleles
0.0% missing data
   2   (0.883) 0.945 0.852 0.911 0.983 0.657 
   3   (0.117) 0.055 0.148 0.089 0.017 0.343 

Locus 164 : 
3 alleles
0.8% missing data
   4   (0.874) 0.955 0.810 0.899 0.983 0.856 
   1   (0.099) 0.037 0.189 0.088 0.014 0.122 
   0   (0.027) 0.008 0.001 0.014 0.003 0.022 

Locus 165 : 
2 alleles
0.0% missing data
   4   (0.803) 0.926 0.830 0.807 0.863 0.679 
   1   (0.197) 0.074 0.170 0.193 0.137 0.321 

Locus 166 : 
2 alleles
0.8% missing data
   2   (0.864) 0.952 0.984 0.865 0.978 0.500 
   3   (0.136) 0.048 0.016 0.135 0.022 0.500 

Locus 167 : 
2 alleles
0.0% missing data
   2   (0.670) 0.726 0.758 0.735 0.646 0.242 
   3   (0.330) 0.274 0.242 0.265 0.354 0.758 

Locus 168 : 
2 alleles
0.0% missing data
   3   (0.745) 0.655 0.910 0.796 0.743 0.784 
   2   (0.255) 0.345 0.090 0.204 0.257 0.216 

Locus 169 : 
3 alleles
2.4% missing data
   4   (0.414) 0.370 0.559 0.503 0.169 0.149 
   3   (0.534) 0.614 0.387 0.447 0.824 0.848 
   0   (0.052) 0.015 0.054 0.050 0.007 0.003 

Locus 170 : 
2 alleles
0.0% missing data
   1   (0.765) 0.845 0.548 0.815 0.533 0.690 
   3   (0.235) 0.155 0.452 0.185 0.467 0.310 

Locus 171 : 
3 alleles
3.1% missing data
   2   (0.829) 0.888 0.957 0.866 0.975 0.652 
   3   (0.138) 0.102 0.042 0.117 0.021 0.303 
   0   (0.033) 0.010 0.001 0.016 0.004 0.046 

Locus 172 : 
2 alleles
0.0% missing data
   4   (0.727) 0.756 0.610 0.711 0.958 0.724 
   1   (0.273) 0.244 0.390 0.289 0.042 0.276 

Locus 173 : 
2 alleles
0.0% missing data
   2   (0.772) 0.920 0.536 0.775 0.545 0.782 
   3   (0.228) 0.080 0.464 0.225 0.455 0.218 

Locus 174 : 
2 alleles
0.0% missing data
   4   (0.731) 0.796 0.810 0.739 0.848 0.700 
   1   (0.269) 0.204 0.190 0.261 0.152 0.300 

Locus 175 : 
2 alleles
0.0% missing data
   2   (0.751) 0.686 0.768 0.812 0.864 0.626 
   4   (0.249) 0.314 0.232 0.188 0.136 0.374 

Locus 176 : 
2 alleles
0.8% missing data
   4   (0.953) 0.983 0.998 0.928 0.993 0.997 
   1   (0.047) 0.017 0.002 0.072 0.007 0.003 

Locus 177 : 
2 alleles
0.0% missing data
   3   (0.478) 0.424 0.535 0.447 0.661 0.690 
   2   (0.522) 0.576 0.465 0.553 0.339 0.310 

Locus 178 : 
3 alleles
2.4% missing data
   3   (0.621) 0.472 0.651 0.660 0.630 0.826 
   2   (0.351) 0.520 0.348 0.326 0.269 0.172 
   0   (0.028) 0.008 0.001 0.014 0.101 0.002 

Locus 179 : 
2 alleles
0.0% missing data
   3   (0.904) 0.949 0.967 0.924 0.986 0.841 
   2   (0.096) 0.051 0.033 0.076 0.014 0.159 

Locus 180 : 
3 alleles
1.6% missing data
   3   (0.541) 0.634 0.798 0.553 0.662 0.177 
   2   (0.410) 0.344 0.201 0.376 0.331 0.820 
   0   (0.049) 0.021 0.001 0.071 0.007 0.003 

Locus 181 : 
2 alleles
0.0% missing data
   2   (0.733) 0.782 0.745 0.731 0.960 0.556 
   1   (0.267) 0.218 0.255 0.269 0.040 0.444 

Locus 182 : 
2 alleles
1.6% missing data
   4   (0.797) 0.778 0.534 0.839 0.868 0.916 
   2   (0.203) 0.222 0.466 0.161 0.132 0.084 

Locus 183 : 
2 alleles
0.0% missing data
   4   (0.897) 0.823 0.905 0.933 0.984 0.975 
   2   (0.103) 0.177 0.095 0.067 0.016 0.025 

Locus 184 : 
2 alleles
0.0% missing data
   2   (0.889) 0.961 0.973 0.898 0.777 0.965 
   3   (0.111) 0.039 0.027 0.102 0.223 0.035 

Locus 185 : 
2 alleles
0.0% missing data
   2   (0.806) 0.746 0.812 0.885 0.553 0.727 
   3   (0.194) 0.254 0.188 0.115 0.447 0.273 

Locus 186 : 
2 alleles
0.0% missing data
   2   (0.907) 0.896 0.639 0.919 0.987 0.995 
   3   (0.093) 0.104 0.361 0.081 0.013 0.005 

Locus 187 : 
2 alleles
0.0% missing data
   3   (0.910) 0.942 0.959 0.945 0.776 0.970 
   2   (0.090) 0.058 0.041 0.055 0.224 0.030 

Locus 188 : 
2 alleles
2.4% missing data
   2   (0.745) 0.816 0.744 0.742 0.963 0.568 
   3   (0.255) 0.184 0.256 0.258 0.037 0.432 

Locus 189 : 
3 alleles
3.1% missing data
   3   (0.647) 0.794 0.497 0.644 0.748 0.590 
   1   (0.301) 0.187 0.501 0.311 0.245 0.362 
   0   (0.051) 0.019 0.002 0.046 0.007 0.048 

Locus 190 : 
2 alleles
0.0% missing data
   1   (0.869) 0.856 0.995 0.849 0.981 0.953 
   5   (0.131) 0.144 0.005 0.151 0.019 0.047 

Locus 191 : 
2 alleles
0.0% missing data
   1   (0.808) 0.706 0.679 0.806 0.828 0.989 
   5   (0.192) 0.294 0.321 0.194 0.172 0.011 

Locus 192 : 
2 alleles
0.0% missing data
   2   (0.585) 0.614 0.791 0.610 0.243 0.511 
   1   (0.415) 0.386 0.209 0.390 0.757 0.489 

Locus 193 : 
2 alleles
2.4% missing data
   1   (0.938) 0.981 0.998 0.939 0.991 0.905 
   4   (0.062) 0.019 0.002 0.061 0.009 0.095 

Locus 194 : 
2 alleles
0.0% missing data
   3   (0.767) 0.780 0.991 0.727 0.966 0.680 
   2   (0.233) 0.220 0.009 0.273 0.034 0.320 

Locus 195 : 
2 alleles
6.3% missing data
   4   (0.561) 0.557 0.985 0.498 0.672 0.471 
   1   (0.439) 0.443 0.015 0.502 0.328 0.529 

Locus 196 : 
2 alleles
0.8% missing data
   3   (0.886) 0.955 0.767 0.863 0.984 0.975 
   2   (0.114) 0.045 0.233 0.137 0.016 0.025 

Locus 197 : 
2 alleles
0.8% missing data
   3   (0.691) 0.554 0.750 0.732 0.795 0.767 
   4   (0.309) 0.446 0.250 0.268 0.205 0.233 

Locus 198 : 
2 alleles
0.0% missing data
   1   (0.966) 0.990 0.999 0.983 0.995 0.898 
   2   (0.034) 0.010 0.001 0.017 0.005 0.102 

Locus 199 : 
2 alleles
0.0% missing data
   2   (0.855) 0.897 0.995 0.846 0.980 0.557 
   3   (0.145) 0.103 0.005 0.154 0.020 0.443 

Locus 200 : 
2 alleles
0.0% missing data
   2   (0.503) 0.615 0.605 0.467 0.439 0.495 
   4   (0.497) 0.385 0.395 0.533 0.561 0.505 

Locus 201 : 
2 alleles
0.8% missing data
   2   (0.684) 0.685 0.989 0.652 0.952 0.342 
   1   (0.316) 0.315 0.011 0.348 0.048 0.658 

Locus 202 : 
2 alleles
0.0% missing data
   1   (0.911) 0.960 0.746 0.924 0.821 0.995 
   3   (0.089) 0.040 0.254 0.076 0.179 0.005 

Locus 203 : 
2 alleles
0.8% missing data
   2   (0.697) 0.629 0.991 0.693 0.585 0.766 
   1   (0.303) 0.371 0.009 0.307 0.415 0.234 

Locus 204 : 
2 alleles
0.0% missing data
   2   (0.843) 0.750 0.994 0.845 0.978 0.821 
   5   (0.157) 0.250 0.006 0.155 0.022 0.179 

Locus 205 : 
2 alleles
0.0% missing data
   3   (0.681) 0.780 0.648 0.635 0.641 0.882 
   1   (0.319) 0.220 0.352 0.365 0.359 0.118 

Locus 206 : 
2 alleles
0.0% missing data
   4   (0.602) 0.512 0.325 0.629 0.892 0.599 
   1   (0.398) 0.488 0.675 0.371 0.108 0.401 

Locus 207 : 
2 alleles
0.8% missing data
   3   (0.805) 0.796 0.994 0.812 0.663 0.881 
   2   (0.195) 0.204 0.006 0.188 0.337 0.119 

Locus 208 : 
2 alleles
1.6% missing data
   1   (0.735) 0.748 0.991 0.730 0.798 0.527 
   2   (0.265) 0.252 0.009 0.270 0.202 0.473 

Locus 209 : 
3 alleles
0.0% missing data
   3   (0.943) 0.984 0.907 0.971 0.993 0.997 
   2   (0.029) 0.008 0.066 0.015 0.004 0.002 
   0   (0.027) 0.008 0.027 0.014 0.004 0.002 

Locus 210 : 
2 alleles
0.0% missing data
   2   (0.628) 0.671 0.979 0.654 0.100 0.448 
   4   (0.372) 0.329 0.021 0.346 0.900 0.552 

Locus 211 : 
2 alleles
0.0% missing data
   2   (0.887) 0.916 0.996 0.897 0.979 0.761 
   4   (0.113) 0.084 0.004 0.103 0.021 0.239 

Locus 212 : 
2 alleles
0.0% missing data
   4   (0.735) 0.858 0.778 0.713 0.851 0.751 
   1   (0.265) 0.142 0.222 0.287 0.149 0.249 

Locus 213 : 
2 alleles
0.0% missing data
   3   (0.772) 0.836 0.220 0.844 0.607 0.623 
   2   (0.228) 0.164 0.780 0.156 0.393 0.377 

Locus 214 : 
2 alleles
0.0% missing data
   1   (0.741) 0.838 0.863 0.746 0.706 0.660 
   4   (0.259) 0.162 0.137 0.254 0.294 0.340 

Locus 215 : 
2 alleles
0.0% missing data
   4   (0.340) 0.329 0.318 0.355 0.537 0.096 
   5   (0.660) 0.671 0.682 0.645 0.463 0.904 

Locus 216 : 
2 alleles
0.0% missing data
   3   (0.899) 0.969 0.905 0.913 0.986 0.806 
   1   (0.101) 0.031 0.095 0.087 0.014 0.194 

Locus 217 : 
2 alleles
0.0% missing data
   3   (0.890) 0.838 0.997 0.935 0.826 0.864 
   2   (0.110) 0.162 0.003 0.065 0.174 0.136 

Locus 218 : 
2 alleles
0.0% missing data
   3   (0.441) 0.537 0.240 0.470 0.066 0.431 
   2   (0.559) 0.463 0.760 0.530 0.934 0.569 

Locus 219 : 
2 alleles
0.0% missing data
   4   (0.743) 0.859 0.992 0.733 0.763 0.288 
   2   (0.257) 0.141 0.008 0.267 0.237 0.712 

Locus 220 : 
2 alleles
0.0% missing data
   3   (0.759) 0.760 0.954 0.797 0.700 0.663 
   2   (0.241) 0.240 0.046 0.203 0.300 0.337 

Locus 221 : 
2 alleles
0.0% missing data
   3   (0.792) 0.822 0.769 0.820 0.698 0.917 
   2   (0.208) 0.178 0.231 0.180 0.302 0.083 

Locus 222 : 
2 alleles
0.0% missing data
   2   (0.753) 0.542 0.992 0.826 0.649 0.496 
   3   (0.247) 0.458 0.008 0.174 0.351 0.504 

Locus 223 : 
2 alleles
0.8% missing data
   1   (0.950) 0.978 0.998 0.969 0.993 0.792 
   2   (0.050) 0.022 0.002 0.031 0.007 0.208 

Locus 224 : 
2 alleles
0.0% missing data
   5   (0.768) 0.846 0.883 0.802 0.864 0.424 
   1   (0.232) 0.154 0.117 0.198 0.136 0.576 

Locus 225 : 
2 alleles
0.8% missing data
   2   (0.767) 0.722 0.640 0.826 0.761 0.787 
   3   (0.233) 0.278 0.360 0.174 0.239 0.213 

Locus 226 : 
2 alleles
0.0% missing data
   3   (0.902) 0.914 0.997 0.854 0.985 0.994 
   1   (0.098) 0.086 0.003 0.146 0.015 0.006 

Values of parameters used in structure:
DATAFILE=/Users/ddayan/FRA/small_omy_projects/sf_crooked_river_2021/structure_SFGL_Omy269/project_data,	OUTFILE=/Users/ddayan/FRA/small_omy_projects/sf_crooked_river_2021/structure_SFGL_Omy269/5k10kadmcorr/Results/5k10kadmcorr_run_42,	NUMINDS=127,	NUMLOCI=226,	MISSING=-9,	LABEL=0,	POPDATA=1,	POPFLAG=0,	PHENOTYPE=0,	EXTRACOLS=0,	MAXPOPS=5,	BURNIN=5000,	NUMREPS=10000,	USEPOPINFO=0,	INFERALPHA=1,	INFERLAMBDA=0,	POPSPECIFICLAMBDA=0,	POPALPHAS=0,	COMPUTEPROB=1,	NOADMIX=0,	ADMBURNIN=2500,	UPDATEFREQ=1,	PRINTLIKES=0,	INTERMEDSAVE=0,	PRINTKLD=0,	PRINTNET=0,	PRINTLAMBDA=0,	ANCESTDIST=0,	NUMBOXES=1000,	ANCESTPINT=0.90000,	GENSBACK=2,	MIGRPRIOR=0.05000,	PRINTQHAT=0,	PRINTQSUM=0,	ALPHA=1.0000,	FREQSCORR=1,	FPRIORMEAN=0.0100,	FPRIORSD=0.0500,	ONEFST=0,	LAMBDA=1.0000,	UNIFPRIORALPHA=1,	ALPHAMAX=10.0000,	ALPHAPRIORA=1.0000,	ALPHAPRIORB=2.0000,	ALPHAPROPSD=0.0250,	STARTATPOPINFO=0,	RANDOMIZE=1,	LINKAGE=0,	METROFREQ=10,	REPORTHITRATE=0,	MARKOVPHASE=-1,	PHASED=0,	PLOIDY=2,	PHASEINFO=0	LOCPRIOR=0, 	LOCPRIORINIT=1.000000, 	LOCDATA=0, 	LOCISPOP=0, 	LOCPRIORSTEP=0.100000, 	MAXLOCPRIOR=20.000000, 	SEED=1642737101,	
[STRAT parameters]:    NUMSIMSTATS=1000,	PHENOTYPECOL=-9,	POOLFREQ=10,	LOCUSxONLY=0,	EMERROR=0.00100,	MISSINGPHENO=-9,	