

----------------------------------------------------
STRUCTURE by Pritchard, Stephens and Donnelly (2000)
     and Falush, Stephens and Pritchard (2003)
       Code by Pritchard, Falush and Hubisz
             Version 2.3.4 (Jul 2012)
----------------------------------------------------



Command line arguments:   bin/structure -m "/Users/ddayan/FRA/small_omy_projects/sf_crooked_river_2021/structure_SFGL_Omy269/5k10kadmcorr/mainparams" -e "/Users/ddayan/FRA/small_omy_projects/sf_crooked_river_2021/structure_SFGL_Omy269/5k10kadmcorr/extraparams" 
Input File:    /Users/ddayan/FRA/small_omy_projects/sf_crooked_river_2021/structure_SFGL_Omy269/project_data

Run parameters:
   127 individuals
   226 loci
   4 populations assumed
   5000 Burn-in period
   10000 Reps


--------------------------------------------
Proportion of membership of each pre-defined
 population in each of the 4 clusters

Given    Inferred Clusters              Number of
 Pop       1      2      3      4      Individuals

  1:     0.004  0.002  0.004  0.990       35
  2:     0.185  0.802  0.007  0.005       17
  3:     0.720  0.010  0.216  0.054       41
  4:     0.008  0.982  0.005  0.005       34
--------------------------------------------

Allele-freq. divergence among pops (Net nucleotide distance),
computed using point estimates of P.

      1       2       3       4      
 1      -    0.0330  0.0342  0.0332  
 2   0.0330     -    0.0651  0.0776  
 3   0.0342  0.0651     -    0.0585  
 4   0.0332  0.0776  0.0585     -    

Average distances (expected heterozygosity) between individuals in same cluster:
cluster  1  : 0.3419 
cluster  2  : 0.3349 
cluster  3  : 0.2745 
cluster  4  : 0.2454 

--------------------------------------------
Estimated Ln Prob of Data   = -26598.9
Mean value of ln likelihood = -26332.2
Variance of ln likelihood   = 533.5
Mean value of alpha         = 0.0318

Mean value of Fst_1         = 0.0278
Mean value of Fst_2         = 0.1524
Mean value of Fst_3         = 0.2693
Mean value of Fst_4         = 0.2949


Inferred ancestry of individuals:
     (%Miss) Pop:  Inferred clusters
  1    (0)    1 :  0.002 0.001 0.001 0.996 
  2    (0)    1 :  0.010 0.007 0.004 0.979 
  3    (0)    1 :  0.002 0.001 0.001 0.997 
  4    (0)    1 :  0.003 0.001 0.002 0.994 
  5    (0)    1 :  0.001 0.003 0.001 0.995 
  6    (0)    1 :  0.002 0.001 0.002 0.995 
  7    (0)    1 :  0.001 0.001 0.001 0.997 
  8    (0)    1 :  0.003 0.001 0.004 0.992 
  9    (0)    1 :  0.002 0.001 0.001 0.996 
 10    (0)    1 :  0.002 0.002 0.002 0.994 
 11    (0)    1 :  0.008 0.003 0.080 0.909 
 12    (0)    1 :  0.009 0.006 0.006 0.979 
 13    (0)    1 :  0.001 0.001 0.001 0.996 
 14    (0)    1 :  0.001 0.001 0.002 0.996 
 15    (0)    1 :  0.002 0.001 0.001 0.996 
 16    (0)    1 :  0.002 0.001 0.003 0.994 
 17    (0)    1 :  0.009 0.001 0.002 0.989 
 18    (0)    1 :  0.034 0.016 0.006 0.944 
 19    (0)    1 :  0.002 0.001 0.002 0.995 
 20    (0)    1 :  0.001 0.001 0.002 0.996 
 21    (0)    1 :  0.003 0.001 0.001 0.995 
 22    (0)    1 :  0.003 0.002 0.001 0.993 
 23    (0)    1 :  0.001 0.001 0.002 0.997 
 24    (0)    1 :  0.001 0.001 0.002 0.996 
 25    (0)    1 :  0.003 0.004 0.002 0.991 
 26    (0)    1 :  0.001 0.001 0.002 0.996 
 27    (0)    1 :  0.001 0.001 0.001 0.998 
 28    (0)    1 :  0.002 0.001 0.004 0.993 
 29    (0)    1 :  0.001 0.001 0.001 0.997 
 30    (0)    1 :  0.001 0.001 0.001 0.997 
 31    (0)    1 :  0.002 0.001 0.002 0.994 
 32    (0)    1 :  0.003 0.001 0.003 0.993 
 33    (0)    1 :  0.001 0.000 0.001 0.997 
 34    (0)    1 :  0.001 0.001 0.001 0.997 
 35    (0)    1 :  0.002 0.001 0.002 0.995 
 36    (0)    2 :  0.139 0.852 0.003 0.006 
 37    (0)    2 :  0.007 0.986 0.002 0.005 
 38    (0)    3 :  0.940 0.001 0.057 0.001 
 39    (0)    3 :  0.977 0.005 0.001 0.017 
 40    (0)    3 :  0.892 0.007 0.004 0.097 
 41    (0)    3 :  0.947 0.038 0.008 0.006 
 42    (0)    3 :  0.760 0.057 0.177 0.006 
 43    (0)    2 :  0.002 0.996 0.001 0.001 
 44    (0)    2 :  0.949 0.037 0.009 0.005 
 45    (0)    2 :  0.005 0.992 0.002 0.002 
 46    (0)    2 :  0.006 0.990 0.002 0.003 
 47    (0)    2 :  0.260 0.683 0.054 0.003 
 48    (0)    2 :  0.759 0.232 0.002 0.007 
 49    (0)    2 :  0.486 0.445 0.020 0.049 
 50    (0)    2 :  0.005 0.992 0.002 0.001 
 51    (0)    2 :  0.011 0.978 0.008 0.002 
 52    (0)    3 :  0.960 0.002 0.031 0.007 
 53    (0)    3 :  0.969 0.004 0.002 0.025 
 54    (0)    3 :  0.982 0.006 0.008 0.004 
 55    (0)    3 :  0.951 0.042 0.003 0.004 
 56    (0)    3 :  0.001 0.001 0.993 0.005 
 57    (0)    3 :  0.884 0.003 0.003 0.110 
 58    (0)    3 :  0.982 0.003 0.011 0.003 
 59    (0)    3 :  0.914 0.079 0.004 0.003 
 60    (0)    3 :  0.001 0.001 0.996 0.001 
 61    (0)    3 :  0.001 0.001 0.996 0.002 
 62    (0)    3 :  0.977 0.004 0.017 0.003 
 63    (0)    3 :  0.986 0.004 0.005 0.005 
 64    (0)    3 :  0.528 0.003 0.002 0.467 
 65    (0)    3 :  0.580 0.003 0.002 0.414 
 66    (0)    3 :  0.673 0.007 0.002 0.318 
 67    (0)    3 :  0.791 0.018 0.026 0.165 
 68    (0)    3 :  0.001 0.001 0.997 0.001 
 69    (0)    3 :  0.503 0.060 0.001 0.435 
 70    (0)    3 :  0.005 0.001 0.991 0.003 
 71    (0)    3 :  0.003 0.001 0.992 0.004 
 72    (0)    3 :  0.003 0.002 0.994 0.002 
 73    (0)    3 :  0.696 0.006 0.296 0.002 
 74    (0)    3 :  0.991 0.002 0.002 0.005 
 75    (0)    3 :  0.992 0.002 0.003 0.003 
 76    (0)    3 :  0.991 0.004 0.002 0.002 
 77    (0)    3 :  0.957 0.006 0.031 0.005 
 78    (0)    3 :  0.931 0.002 0.051 0.016 
 79    (0)    3 :  0.990 0.003 0.004 0.002 
 80    (0)    3 :  0.989 0.001 0.007 0.003 
 81    (0)    3 :  0.965 0.003 0.023 0.009 
 82    (0)    3 :  0.973 0.015 0.004 0.008 
 83    (0)    3 :  0.968 0.005 0.017 0.010 
 84    (0)    3 :  0.895 0.002 0.092 0.012 
 85    (0)    3 :  0.001 0.001 0.997 0.001 
 86    (0)    3 :  0.979 0.017 0.002 0.002 
 87    (0)    3 :  0.978 0.005 0.003 0.014 
 88    (0)    2 :  0.003 0.995 0.001 0.001 
 89    (0)    2 :  0.004 0.991 0.004 0.002 
 90    (0)    2 :  0.003 0.994 0.003 0.001 
 91    (0)    2 :  0.507 0.483 0.006 0.003 
 92    (0)    2 :  0.004 0.987 0.007 0.001 
 93    (0)    2 :  0.002 0.997 0.001 0.001 
 94    (0)    4 :  0.004 0.991 0.002 0.003 
 95    (0)    4 :  0.002 0.991 0.004 0.003 
 96    (2)    4 :  0.008 0.977 0.012 0.004 
 97    (0)    4 :  0.022 0.958 0.009 0.011 
 98    (1)    4 :  0.039 0.952 0.005 0.003 
 99    (0)    4 :  0.004 0.982 0.006 0.008 
100    (1)    4 :  0.007 0.980 0.010 0.003 
101    (0)    4 :  0.019 0.977 0.002 0.002 
102    (0)    4 :  0.003 0.993 0.003 0.001 
103    (0)    4 :  0.005 0.977 0.011 0.007 
104    (1)    4 :  0.003 0.981 0.015 0.002 
105    (1)    4 :  0.002 0.995 0.001 0.002 
106    (2)    4 :  0.005 0.984 0.007 0.004 
107    (1)    4 :  0.002 0.993 0.002 0.002 
108    (0)    4 :  0.004 0.982 0.009 0.004 
109    (1)    4 :  0.004 0.972 0.003 0.021 
110    (3)    4 :  0.003 0.993 0.003 0.001 
111    (0)    4 :  0.008 0.980 0.003 0.009 
112    (1)    4 :  0.011 0.986 0.002 0.002 
113    (1)    4 :  0.002 0.994 0.002 0.002 
114    (0)    4 :  0.001 0.996 0.002 0.001 
115    (1)    4 :  0.001 0.995 0.002 0.002 
116    (1)    4 :  0.044 0.943 0.008 0.005 
117    (0)    4 :  0.007 0.980 0.002 0.011 
118    (3)    4 :  0.004 0.992 0.002 0.002 
119    (2)    4 :  0.008 0.961 0.009 0.022 
120    (2)    4 :  0.009 0.984 0.004 0.003 
121    (0)    4 :  0.005 0.982 0.004 0.009 
122    (1)    4 :  0.001 0.991 0.006 0.002 
123    (0)    4 :  0.001 0.996 0.002 0.001 
124   (15)    4 :  0.011 0.970 0.016 0.003 
125    (1)    4 :  0.006 0.978 0.006 0.010 
126    (0)    4 :  0.009 0.977 0.009 0.005 
127    (2)    4 :  0.005 0.990 0.002 0.002 


Estimated Allele Frequencies in each cluster
First column gives estimated ancestral frequencies


Locus 1 : 
2 alleles
0.0% missing data
   3   (0.931) 0.949 0.904 0.990 0.998 
   2   (0.069) 0.051 0.096 0.010 0.002 

Locus 2 : 
2 alleles
0.0% missing data
   2   (0.348) 0.384 0.366 0.052 0.169 
   3   (0.652) 0.616 0.634 0.948 0.831 

Locus 3 : 
2 alleles
0.0% missing data
   2   (0.357) 0.358 0.338 0.226 0.252 
   4   (0.643) 0.642 0.662 0.774 0.748 

Locus 4 : 
2 alleles
0.0% missing data
   1   (0.698) 0.679 0.926 0.374 0.886 
   4   (0.302) 0.321 0.074 0.626 0.114 

Locus 5 : 
2 alleles
3.1% missing data
   2   (0.809) 0.816 0.740 0.974 0.952 
   1   (0.191) 0.184 0.260 0.026 0.048 

Locus 6 : 
2 alleles
2.4% missing data
   1   (0.217) 0.202 0.194 0.033 0.381 
   3   (0.783) 0.798 0.806 0.967 0.619 

Locus 7 : 
2 alleles
0.0% missing data
   2   (0.625) 0.635 0.417 0.946 0.456 
   3   (0.375) 0.365 0.583 0.054 0.544 

Locus 8 : 
2 alleles
2.4% missing data
   1   (0.243) 0.217 0.168 0.248 0.262 
   2   (0.757) 0.783 0.832 0.752 0.738 

Locus 9 : 
2 alleles
0.8% missing data
   4   (0.961) 0.986 0.825 0.995 0.999 
   1   (0.039) 0.014 0.175 0.005 0.001 

Locus 10 : 
2 alleles
0.0% missing data
   3   (0.731) 0.743 0.520 0.663 0.991 
   2   (0.269) 0.257 0.480 0.337 0.009 

Locus 11 : 
2 alleles
0.0% missing data
   2   (0.953) 0.980 0.772 0.994 0.999 
   1   (0.047) 0.020 0.228 0.006 0.001 

Locus 12 : 
2 alleles
0.0% missing data
   1   (0.512) 0.555 0.281 0.246 0.823 
   4   (0.488) 0.445 0.719 0.754 0.177 

Locus 13 : 
2 alleles
0.8% missing data
   2   (0.689) 0.713 0.588 0.801 0.799 
   4   (0.311) 0.287 0.412 0.199 0.201 

Locus 14 : 
2 alleles
0.0% missing data
   4   (0.687) 0.732 0.580 0.546 0.800 
   2   (0.313) 0.268 0.420 0.454 0.200 

Locus 15 : 
2 alleles
0.0% missing data
   4   (0.871) 0.859 0.882 0.983 0.995 
   2   (0.129) 0.141 0.118 0.017 0.005 

Locus 16 : 
2 alleles
0.0% missing data
   1   (0.397) 0.359 0.385 0.449 0.688 
   4   (0.603) 0.641 0.615 0.551 0.312 

Locus 17 : 
2 alleles
0.0% missing data
   4   (0.905) 0.932 0.936 0.868 0.997 
   3   (0.095) 0.068 0.064 0.132 0.003 

Locus 18 : 
2 alleles
0.0% missing data
   2   (0.783) 0.789 0.787 0.966 0.785 
   3   (0.217) 0.211 0.213 0.034 0.215 

Locus 19 : 
2 alleles
0.8% missing data
   4   (0.870) 0.886 0.819 0.982 0.984 
   2   (0.130) 0.114 0.181 0.018 0.016 

Locus 20 : 
2 alleles
0.0% missing data
   2   (0.666) 0.650 0.660 0.948 0.562 
   3   (0.334) 0.350 0.340 0.052 0.438 

Locus 21 : 
2 alleles
0.8% missing data
   2   (0.348) 0.329 0.448 0.260 0.207 
   3   (0.652) 0.671 0.552 0.740 0.793 

Locus 22 : 
2 alleles
0.0% missing data
   4   (0.812) 0.870 0.727 0.713 0.872 
   2   (0.188) 0.130 0.273 0.287 0.128 

Locus 23 : 
2 alleles
2.4% missing data
   1   (0.357) 0.310 0.398 0.469 0.564 
   4   (0.643) 0.690 0.602 0.531 0.436 

Locus 24 : 
2 alleles
0.0% missing data
   3   (0.739) 0.692 0.609 0.962 0.991 
   2   (0.261) 0.308 0.391 0.038 0.009 

Locus 25 : 
2 alleles
0.0% missing data
   3   (0.706) 0.705 0.715 0.958 0.491 
   2   (0.294) 0.295 0.285 0.042 0.509 

Locus 26 : 
2 alleles
0.8% missing data
   2   (0.573) 0.521 0.550 0.937 0.722 
   4   (0.427) 0.479 0.450 0.063 0.278 

Locus 27 : 
2 alleles
1.6% missing data
   1   (0.587) 0.618 0.628 0.189 0.752 
   4   (0.413) 0.382 0.372 0.811 0.248 

Locus 28 : 
2 alleles
3.9% missing data
   3   (0.522) 0.517 0.660 0.283 0.585 
   2   (0.478) 0.483 0.340 0.717 0.415 

Locus 29 : 
2 alleles
0.0% missing data
   4   (0.194) 0.118 0.351 0.348 0.437 
   1   (0.806) 0.882 0.649 0.652 0.563 

Locus 30 : 
2 alleles
0.0% missing data
   1   (0.428) 0.396 0.461 0.494 0.571 
   4   (0.572) 0.604 0.539 0.506 0.429 

Locus 31 : 
2 alleles
3.1% missing data
   2   (0.288) 0.285 0.301 0.045 0.503 
   4   (0.712) 0.715 0.699 0.955 0.497 

Locus 32 : 
2 alleles
0.0% missing data
   4   (0.531) 0.522 0.660 0.361 0.644 
   3   (0.469) 0.478 0.340 0.639 0.356 

Locus 33 : 
2 alleles
0.8% missing data
   2   (0.535) 0.534 0.616 0.437 0.568 
   3   (0.465) 0.466 0.384 0.563 0.432 

Locus 34 : 
2 alleles
0.0% missing data
   3   (0.498) 0.482 0.565 0.455 0.604 
   2   (0.502) 0.518 0.435 0.545 0.396 

Locus 35 : 
2 alleles
0.0% missing data
   4   (0.657) 0.580 0.793 0.690 0.988 
   1   (0.343) 0.420 0.207 0.310 0.012 

Locus 36 : 
2 alleles
0.0% missing data
   4   (0.650) 0.644 0.418 0.946 0.786 
   1   (0.350) 0.356 0.582 0.054 0.214 

Locus 37 : 
2 alleles
0.8% missing data
   2   (0.564) 0.559 0.449 0.729 0.813 
   3   (0.436) 0.441 0.551 0.271 0.187 

Locus 38 : 
2 alleles
0.8% missing data
   1   (0.910) 0.919 0.987 0.794 0.997 
   2   (0.090) 0.081 0.013 0.206 0.003 

Locus 39 : 
2 alleles
1.6% missing data
   2   (0.601) 0.614 0.345 0.524 0.962 
   4   (0.399) 0.386 0.655 0.476 0.038 

Locus 40 : 
2 alleles
0.0% missing data
   1   (0.392) 0.299 0.813 0.485 0.399 
   4   (0.608) 0.701 0.187 0.515 0.601 

Locus 41 : 
2 alleles
0.0% missing data
   2   (0.910) 0.957 0.623 0.988 0.933 
   1   (0.090) 0.043 0.377 0.012 0.067 

Locus 42 : 
2 alleles
0.0% missing data
   2   (0.539) 0.535 0.605 0.526 0.526 
   4   (0.461) 0.465 0.395 0.474 0.474 

Locus 43 : 
2 alleles
0.0% missing data
   2   (0.413) 0.356 0.679 0.445 0.367 
   4   (0.587) 0.644 0.321 0.555 0.633 

Locus 44 : 
3 alleles
1.6% missing data
   3   (0.854) 0.885 0.918 0.977 0.836 
   2   (0.112) 0.085 0.079 0.018 0.163 
   0   (0.034) 0.031 0.003 0.005 0.001 

Locus 45 : 
2 alleles
0.0% missing data
   1   (0.799) 0.782 0.789 0.967 0.983 
   2   (0.201) 0.218 0.211 0.033 0.017 

Locus 46 : 
2 alleles
0.0% missing data
   4   (0.882) 0.896 0.954 0.767 0.996 
   2   (0.118) 0.104 0.046 0.233 0.004 

Locus 47 : 
2 alleles
0.0% missing data
   2   (0.872) 0.908 0.949 0.710 0.957 
   1   (0.128) 0.092 0.051 0.290 0.043 

Locus 48 : 
2 alleles
1.6% missing data
   2   (0.568) 0.567 0.523 0.845 0.429 
   4   (0.432) 0.433 0.477 0.155 0.571 

Locus 49 : 
2 alleles
0.0% missing data
   1   (0.738) 0.766 0.650 0.791 0.913 
   2   (0.262) 0.234 0.350 0.209 0.087 

Locus 50 : 
2 alleles
0.0% missing data
   4   (0.731) 0.787 0.737 0.640 0.440 
   1   (0.269) 0.213 0.263 0.360 0.560 

Locus 51 : 
2 alleles
0.0% missing data
   3   (0.503) 0.470 0.668 0.549 0.567 
   2   (0.497) 0.530 0.332 0.451 0.433 

Locus 52 : 
2 alleles
0.8% missing data
   4   (0.915) 0.928 0.878 0.989 0.997 
   2   (0.085) 0.072 0.122 0.011 0.003 

Locus 53 : 
2 alleles
0.0% missing data
   4   (0.930) 0.974 0.629 0.746 0.998 
   2   (0.070) 0.026 0.371 0.254 0.002 

Locus 54 : 
2 alleles
3.1% missing data
   3   (0.586) 0.548 0.706 0.655 0.836 
   4   (0.414) 0.452 0.294 0.345 0.164 

Locus 55 : 
2 alleles
0.0% missing data
   2   (0.607) 0.582 0.774 0.783 0.594 
   1   (0.393) 0.418 0.226 0.217 0.406 

Locus 56 : 
3 alleles
2.4% missing data
   1   (0.773) 0.819 0.729 0.620 0.993 
   0   (0.086) 0.070 0.024 0.113 0.003 
   4   (0.141) 0.111 0.247 0.267 0.004 

Locus 57 : 
2 alleles
0.0% missing data
   4   (0.896) 0.914 0.647 0.986 0.997 
   1   (0.104) 0.086 0.353 0.014 0.003 

Locus 58 : 
2 alleles
0.0% missing data
   4   (0.875) 0.853 0.968 0.981 0.985 
   2   (0.125) 0.147 0.032 0.019 0.015 

Locus 59 : 
2 alleles
0.0% missing data
   3   (0.869) 0.877 0.952 0.982 0.891 
   2   (0.131) 0.123 0.048 0.018 0.109 

Locus 60 : 
2 alleles
0.0% missing data
   4   (0.754) 0.746 0.682 0.767 0.991 
   2   (0.246) 0.254 0.318 0.233 0.009 

Locus 61 : 
2 alleles
0.0% missing data
   4   (0.873) 0.906 0.778 0.827 0.996 
   2   (0.127) 0.094 0.222 0.173 0.004 

Locus 62 : 
2 alleles
0.0% missing data
   2   (0.750) 0.766 0.468 0.966 0.913 
   1   (0.250) 0.234 0.532 0.034 0.087 

Locus 63 : 
2 alleles
0.0% missing data
   2   (0.419) 0.403 0.220 0.718 0.641 
   1   (0.581) 0.597 0.780 0.282 0.359 

Locus 64 : 
2 alleles
0.0% missing data
   4   (0.828) 0.836 0.842 0.766 0.994 
   2   (0.172) 0.164 0.158 0.234 0.006 

Locus 65 : 
2 alleles
0.8% missing data
   1   (0.886) 0.899 0.745 0.978 0.996 
   4   (0.114) 0.101 0.255 0.022 0.004 

Locus 66 : 
3 alleles
1.6% missing data
   3   (0.598) 0.616 0.690 0.538 0.663 
   2   (0.370) 0.372 0.266 0.458 0.336 
   0   (0.032) 0.011 0.044 0.004 0.001 

Locus 67 : 
2 alleles
0.0% missing data
   1   (0.126) 0.096 0.039 0.227 0.030 
   3   (0.874) 0.904 0.961 0.773 0.970 

Locus 68 : 
2 alleles
0.0% missing data
   2   (0.522) 0.575 0.332 0.180 0.736 
   3   (0.478) 0.425 0.668 0.820 0.264 

Locus 69 : 
2 alleles
0.0% missing data
   4   (0.794) 0.829 0.510 0.688 0.993 
   2   (0.206) 0.171 0.490 0.312 0.007 

Locus 70 : 
3 alleles
0.0% missing data
   1   (0.338) 0.362 0.027 0.807 0.700 
   3   (0.624) 0.622 0.970 0.188 0.147 
   0   (0.038) 0.016 0.002 0.005 0.153 

Locus 71 : 
2 alleles
3.1% missing data
   2   (0.564) 0.571 0.742 0.511 0.216 
   4   (0.436) 0.429 0.258 0.489 0.784 

Locus 72 : 
2 alleles
1.6% missing data
   3   (0.547) 0.534 0.702 0.324 0.711 
   1   (0.453) 0.466 0.298 0.676 0.289 

Locus 73 : 
2 alleles
0.0% missing data
   1   (0.306) 0.250 0.351 0.487 0.536 
   2   (0.694) 0.750 0.649 0.513 0.464 

Locus 74 : 
2 alleles
1.6% missing data
   2   (0.822) 0.783 0.937 0.973 0.980 
   3   (0.178) 0.217 0.063 0.027 0.020 

Locus 75 : 
2 alleles
0.0% missing data
   3   (0.483) 0.463 0.660 0.160 0.788 
   1   (0.517) 0.537 0.340 0.840 0.212 

Locus 76 : 
2 alleles
0.0% missing data
   2   (0.435) 0.408 0.184 0.647 0.923 
   1   (0.565) 0.592 0.816 0.353 0.077 

Locus 77 : 
2 alleles
0.0% missing data
   4   (0.310) 0.318 0.103 0.316 0.480 
   1   (0.690) 0.682 0.897 0.684 0.520 

Locus 78 : 
2 alleles
0.0% missing data
   3   (0.716) 0.682 0.824 0.529 0.990 
   2   (0.284) 0.318 0.176 0.471 0.010 

Locus 79 : 
2 alleles
0.0% missing data
   2   (0.570) 0.550 0.522 0.842 0.719 
   3   (0.430) 0.450 0.478 0.158 0.281 

Locus 80 : 
2 alleles
0.0% missing data
   4   (0.811) 0.860 0.786 0.709 0.872 
   2   (0.189) 0.140 0.214 0.291 0.128 

Locus 81 : 
2 alleles
0.0% missing data
   3   (0.473) 0.519 0.580 0.070 0.340 
   2   (0.527) 0.481 0.420 0.930 0.660 

Locus 82 : 
2 alleles
0.0% missing data
   2   (0.743) 0.789 0.686 0.746 0.719 
   3   (0.257) 0.211 0.314 0.254 0.281 

Locus 83 : 
2 alleles
0.0% missing data
   3   (0.725) 0.740 0.470 0.960 0.882 
   2   (0.275) 0.260 0.530 0.040 0.118 

Locus 84 : 
2 alleles
0.0% missing data
   3   (0.538) 0.587 0.415 0.304 0.443 
   2   (0.462) 0.413 0.585 0.696 0.557 

Locus 85 : 
2 alleles
0.0% missing data
   3   (0.751) 0.777 0.818 0.631 0.875 
   4   (0.249) 0.223 0.182 0.369 0.125 

Locus 86 : 
2 alleles
0.0% missing data
   3   (0.533) 0.536 0.847 0.081 0.445 
   2   (0.467) 0.464 0.153 0.919 0.555 

Locus 87 : 
3 alleles
4.7% missing data
   1   (0.553) 0.582 0.431 0.499 0.712 
   4   (0.413) 0.397 0.557 0.488 0.286 
   0   (0.035) 0.021 0.012 0.013 0.001 

Locus 88 : 
2 alleles
1.6% missing data
   3   (0.814) 0.793 0.673 0.974 0.994 
   1   (0.186) 0.207 0.327 0.026 0.006 

Locus 89 : 
2 alleles
0.0% missing data
   1   (0.564) 0.570 0.426 0.495 0.894 
   4   (0.436) 0.430 0.574 0.505 0.106 

Locus 90 : 
2 alleles
0.8% missing data
   3   (0.745) 0.810 0.603 0.538 0.761 
   2   (0.255) 0.190 0.397 0.462 0.239 

Locus 91 : 
2 alleles
0.0% missing data
   2   (0.684) 0.703 0.719 0.745 0.692 
   4   (0.316) 0.297 0.281 0.255 0.308 

Locus 92 : 
2 alleles
0.0% missing data
   2   (0.775) 0.803 0.737 0.738 0.956 
   4   (0.225) 0.197 0.263 0.262 0.044 

Locus 93 : 
2 alleles
0.0% missing data
   4   (0.908) 0.918 0.876 0.986 0.997 
   1   (0.092) 0.082 0.124 0.014 0.003 

Locus 94 : 
2 alleles
0.0% missing data
   3   (0.787) 0.784 0.873 0.966 0.747 
   1   (0.213) 0.216 0.127 0.034 0.253 

Locus 95 : 
2 alleles
0.0% missing data
   1   (0.062) 0.049 0.004 0.008 0.070 
   3   (0.938) 0.951 0.996 0.992 0.930 

Locus 96 : 
2 alleles
0.0% missing data
   3   (0.559) 0.563 0.486 0.531 0.801 
   2   (0.441) 0.437 0.514 0.469 0.199 

Locus 97 : 
2 alleles
0.0% missing data
   2   (0.736) 0.723 0.638 0.757 0.991 
   1   (0.264) 0.277 0.362 0.243 0.009 

Locus 98 : 
2 alleles
0.0% missing data
   4   (0.764) 0.728 0.612 0.963 0.992 
   2   (0.236) 0.272 0.388 0.037 0.008 

Locus 99 : 
2 alleles
0.8% missing data
   4   (0.840) 0.876 0.622 0.761 0.995 
   1   (0.160) 0.124 0.378 0.239 0.005 

Locus 100 : 
2 alleles
0.8% missing data
   3   (0.432) 0.408 0.509 0.665 0.211 
   2   (0.568) 0.592 0.491 0.335 0.789 

Locus 101 : 
3 alleles
0.0% missing data
   4   (0.479) 0.571 0.090 0.511 0.435 
   2   (0.440) 0.342 0.906 0.477 0.536 
   0   (0.082) 0.088 0.005 0.011 0.029 

Locus 102 : 
2 alleles
2.4% missing data
   2   (0.765) 0.771 0.891 0.696 0.899 
   4   (0.235) 0.229 0.109 0.304 0.101 

Locus 103 : 
3 alleles
0.0% missing data
   4   (0.116) 0.094 0.025 0.016 0.524 
   2   (0.793) 0.756 0.970 0.965 0.474 
   0   (0.091) 0.150 0.005 0.018 0.003 

Locus 104 : 
2 alleles
0.0% missing data
   3   (0.309) 0.306 0.178 0.151 0.564 
   2   (0.691) 0.694 0.822 0.849 0.436 

Locus 105 : 
2 alleles
0.0% missing data
   4   (0.492) 0.504 0.418 0.504 0.413 
   1   (0.508) 0.496 0.582 0.496 0.587 

Locus 106 : 
2 alleles
0.0% missing data
   1   (0.154) 0.128 0.181 0.021 0.176 
   2   (0.846) 0.872 0.819 0.979 0.824 

Locus 107 : 
2 alleles
0.0% missing data
   1   (0.588) 0.616 0.481 0.401 0.793 
   4   (0.412) 0.384 0.519 0.599 0.207 

Locus 108 : 
2 alleles
0.0% missing data
   2   (0.753) 0.767 0.825 0.691 0.927 
   4   (0.247) 0.233 0.175 0.309 0.073 

Locus 109 : 
2 alleles
0.0% missing data
   3   (0.800) 0.822 0.795 0.811 0.967 
   2   (0.200) 0.178 0.205 0.189 0.033 

Locus 110 : 
2 alleles
0.0% missing data
   2   (0.921) 0.932 0.917 0.988 0.997 
   1   (0.079) 0.068 0.083 0.012 0.003 

Locus 111 : 
2 alleles
0.0% missing data
   1   (0.847) 0.839 0.735 0.980 0.994 
   2   (0.153) 0.161 0.265 0.020 0.006 

Locus 112 : 
2 alleles
7.1% missing data
   3   (0.838) 0.848 0.875 0.755 0.994 
   2   (0.162) 0.152 0.125 0.245 0.006 

Locus 113 : 
2 alleles
0.0% missing data
   2   (0.657) 0.585 0.865 0.947 0.741 
   3   (0.343) 0.415 0.135 0.053 0.259 

Locus 114 : 
2 alleles
0.0% missing data
   4   (0.720) 0.704 0.703 0.960 0.804 
   2   (0.280) 0.296 0.297 0.040 0.196 

Locus 115 : 
2 alleles
0.0% missing data
   3   (0.459) 0.435 0.536 0.656 0.339 
   2   (0.541) 0.565 0.464 0.344 0.661 

Locus 116 : 
2 alleles
0.0% missing data
   4   (0.452) 0.404 0.573 0.483 0.688 
   3   (0.548) 0.596 0.427 0.517 0.312 

Locus 117 : 
2 alleles
0.0% missing data
   2   (0.887) 0.883 0.896 0.985 0.995 
   3   (0.113) 0.117 0.104 0.015 0.005 

Locus 118 : 
2 alleles
0.0% missing data
   2   (0.899) 0.898 0.913 0.987 0.997 
   1   (0.101) 0.102 0.087 0.013 0.003 

Locus 119 : 
3 alleles
0.0% missing data
   2   (0.915) 0.970 0.918 0.592 0.971 
   0   (0.028) 0.010 0.002 0.004 0.027 
   3   (0.056) 0.020 0.081 0.404 0.002 

Locus 120 : 
2 alleles
0.0% missing data
   1   (0.926) 0.935 0.957 0.986 0.997 
   2   (0.074) 0.065 0.043 0.014 0.003 

Locus 121 : 
2 alleles
0.0% missing data
   3   (0.722) 0.729 0.826 0.848 0.655 
   4   (0.278) 0.271 0.174 0.152 0.345 

Locus 122 : 
2 alleles
0.0% missing data
   1   (0.964) 0.984 0.998 0.995 0.899 
   0   (0.036) 0.016 0.002 0.005 0.101 

Locus 123 : 
3 alleles
1.6% missing data
   2   (0.713) 0.771 0.341 0.838 0.914 
   3   (0.256) 0.218 0.657 0.158 0.032 
   0   (0.031) 0.011 0.002 0.004 0.054 

Locus 124 : 
2 alleles
0.8% missing data
   1   (0.828) 0.808 0.751 0.976 0.994 
   3   (0.172) 0.192 0.249 0.024 0.006 

Locus 125 : 
2 alleles
0.0% missing data
   1   (0.892) 0.896 0.986 0.545 0.997 
   2   (0.108) 0.104 0.014 0.455 0.003 

Locus 126 : 
2 alleles
0.0% missing data
   4   (0.233) 0.182 0.315 0.288 0.241 
   2   (0.767) 0.818 0.685 0.712 0.759 

Locus 127 : 
2 alleles
0.0% missing data
   3   (0.685) 0.700 0.392 0.538 0.989 
   2   (0.315) 0.300 0.608 0.462 0.011 

Locus 128 : 
2 alleles
0.8% missing data
   3   (0.783) 0.790 0.948 0.665 0.797 
   2   (0.217) 0.210 0.052 0.335 0.203 

Locus 129 : 
2 alleles
0.8% missing data
   1   (0.763) 0.726 0.925 0.769 0.978 
   3   (0.237) 0.274 0.075 0.231 0.022 

Locus 130 : 
2 alleles
0.0% missing data
   3   (0.889) 0.877 0.930 0.984 0.996 
   2   (0.111) 0.123 0.070 0.016 0.004 

Locus 131 : 
2 alleles
0.0% missing data
   4   (0.651) 0.648 0.891 0.593 0.331 
   1   (0.349) 0.352 0.109 0.407 0.669 

Locus 132 : 
2 alleles
0.0% missing data
   2   (0.806) 0.781 0.905 0.827 0.994 
   4   (0.194) 0.219 0.095 0.173 0.006 

Locus 133 : 
2 alleles
0.0% missing data
   3   (0.478) 0.491 0.523 0.068 0.844 
   2   (0.522) 0.509 0.477 0.932 0.156 

Locus 134 : 
2 alleles
0.8% missing data
   3   (0.772) 0.780 0.663 0.966 0.907 
   2   (0.228) 0.220 0.337 0.034 0.093 

Locus 135 : 
2 alleles
0.0% missing data
   3   (0.625) 0.630 0.598 0.515 0.897 
   2   (0.375) 0.370 0.402 0.485 0.103 

Locus 136 : 
2 alleles
0.0% missing data
   4   (0.902) 0.927 0.559 0.985 0.997 
   2   (0.098) 0.073 0.441 0.015 0.003 

Locus 137 : 
2 alleles
0.0% missing data
   2   (0.932) 0.926 0.989 0.991 0.997 
   3   (0.068) 0.074 0.011 0.009 0.003 

Locus 138 : 
2 alleles
0.8% missing data
   1   (0.674) 0.686 0.811 0.692 0.493 
   3   (0.326) 0.314 0.189 0.308 0.507 

Locus 139 : 
2 alleles
0.8% missing data
   2   (0.640) 0.704 0.520 0.453 0.405 
   3   (0.360) 0.296 0.480 0.547 0.595 

Locus 140 : 
2 alleles
0.0% missing data
   4   (0.698) 0.688 0.824 0.636 0.909 
   3   (0.302) 0.312 0.176 0.364 0.091 

Locus 141 : 
2 alleles
0.0% missing data
   1   (0.713) 0.755 0.619 0.692 0.771 
   4   (0.287) 0.245 0.381 0.308 0.229 

Locus 142 : 
2 alleles
0.0% missing data
   3   (0.638) 0.637 0.870 0.357 0.595 
   2   (0.362) 0.363 0.130 0.643 0.405 

Locus 143 : 
2 alleles
0.0% missing data
   2   (0.936) 0.948 0.967 0.992 0.998 
   3   (0.064) 0.052 0.033 0.008 0.002 

Locus 144 : 
3 alleles
0.8% missing data
   4   (0.601) 0.596 0.462 0.719 0.943 
   1   (0.370) 0.394 0.536 0.277 0.031 
   0   (0.029) 0.010 0.002 0.004 0.027 

Locus 145 : 
2 alleles
0.0% missing data
   1   (0.172) 0.181 0.049 0.023 0.275 
   3   (0.828) 0.819 0.951 0.977 0.725 

Locus 146 : 
2 alleles
0.0% missing data
   4   (0.917) 0.931 0.877 0.988 0.997 
   1   (0.083) 0.069 0.123 0.012 0.003 

Locus 147 : 
2 alleles
0.8% missing data
   1   (0.368) 0.365 0.187 0.537 0.405 
   4   (0.632) 0.635 0.813 0.463 0.595 

Locus 148 : 
2 alleles
0.0% missing data
   3   (0.733) 0.697 0.984 0.333 0.608 
   1   (0.267) 0.303 0.016 0.667 0.392 

Locus 149 : 
3 alleles
1.6% missing data
   2   (0.504) 0.552 0.443 0.196 0.589 
   3   (0.443) 0.411 0.533 0.797 0.408 
   0   (0.053) 0.036 0.024 0.007 0.003 

Locus 150 : 
2 alleles
0.0% missing data
   1   (0.706) 0.655 0.803 0.958 0.902 
   4   (0.294) 0.345 0.197 0.042 0.098 

Locus 151 : 
2 alleles
0.0% missing data
   3   (0.729) 0.706 0.887 0.962 0.405 
   2   (0.271) 0.294 0.113 0.038 0.595 

Locus 152 : 
2 alleles
0.0% missing data
   4   (0.925) 0.930 0.995 0.829 0.998 
   2   (0.075) 0.070 0.005 0.171 0.002 

Locus 153 : 
2 alleles
0.0% missing data
   1   (0.642) 0.682 0.499 0.654 0.680 
   4   (0.358) 0.318 0.501 0.346 0.320 

Locus 154 : 
2 alleles
0.8% missing data
   1   (0.548) 0.612 0.109 0.518 0.892 
   3   (0.452) 0.388 0.891 0.482 0.108 

Locus 155 : 
2 alleles
0.0% missing data
   3   (0.556) 0.505 0.636 0.775 0.849 
   4   (0.444) 0.495 0.364 0.225 0.151 

Locus 156 : 
2 alleles
0.8% missing data
   1   (0.812) 0.861 0.218 0.973 0.972 
   2   (0.188) 0.139 0.782 0.027 0.028 

Locus 157 : 
2 alleles
0.0% missing data
   4   (0.573) 0.566 0.558 0.664 0.752 
   2   (0.427) 0.434 0.442 0.336 0.248 

Locus 158 : 
2 alleles
0.8% missing data
   1   (0.703) 0.677 0.899 0.799 0.756 
   2   (0.297) 0.323 0.101 0.201 0.244 

Locus 159 : 
3 alleles
0.8% missing data
   2   (0.829) 0.867 0.519 0.976 0.862 
   0   (0.071) 0.061 0.004 0.011 0.135 
   3   (0.101) 0.073 0.477 0.013 0.003 

Locus 160 : 
3 alleles
0.0% missing data
   1   (0.452) 0.496 0.183 0.480 0.469 
   3   (0.512) 0.473 0.815 0.513 0.530 
   0   (0.036) 0.032 0.002 0.008 0.001 

Locus 161 : 
2 alleles
0.8% missing data
   1   (0.519) 0.550 0.537 0.183 0.514 
   4   (0.481) 0.450 0.463 0.817 0.486 

Locus 162 : 
3 alleles
3.1% missing data
   1   (0.894) 0.919 0.934 0.985 0.997 
   0   (0.075) 0.070 0.043 0.010 0.002 
   2   (0.031) 0.011 0.023 0.004 0.001 

Locus 163 : 
2 alleles
0.0% missing data
   2   (0.877) 0.923 0.658 0.982 0.856 
   3   (0.123) 0.077 0.342 0.018 0.144 

Locus 164 : 
3 alleles
0.8% missing data
   4   (0.866) 0.923 0.855 0.982 0.808 
   1   (0.103) 0.066 0.123 0.014 0.191 
   0   (0.031) 0.011 0.022 0.004 0.001 

Locus 165 : 
2 alleles
0.0% missing data
   4   (0.801) 0.851 0.682 0.859 0.831 
   1   (0.199) 0.149 0.318 0.141 0.169 

Locus 166 : 
2 alleles
0.8% missing data
   2   (0.862) 0.898 0.503 0.977 0.984 
   3   (0.138) 0.102 0.497 0.023 0.016 

Locus 167 : 
2 alleles
0.0% missing data
   2   (0.657) 0.732 0.246 0.646 0.760 
   3   (0.343) 0.268 0.754 0.354 0.240 

Locus 168 : 
2 alleles
0.0% missing data
   3   (0.734) 0.744 0.784 0.740 0.910 
   2   (0.266) 0.256 0.216 0.260 0.090 

Locus 169 : 
3 alleles
2.4% missing data
   4   (0.400) 0.460 0.152 0.165 0.561 
   3   (0.547) 0.502 0.845 0.828 0.385 
   0   (0.053) 0.038 0.003 0.007 0.055 

Locus 170 : 
2 alleles
0.0% missing data
   1   (0.757) 0.824 0.692 0.536 0.552 
   3   (0.243) 0.176 0.308 0.464 0.448 

Locus 171 : 
3 alleles
3.1% missing data
   2   (0.828) 0.881 0.654 0.974 0.956 
   3   (0.141) 0.108 0.301 0.021 0.043 
   0   (0.032) 0.011 0.045 0.004 0.001 

Locus 172 : 
2 alleles
0.0% missing data
   4   (0.725) 0.724 0.726 0.958 0.609 
   1   (0.275) 0.276 0.274 0.042 0.391 

Locus 173 : 
2 alleles
0.0% missing data
   2   (0.770) 0.832 0.778 0.549 0.533 
   3   (0.230) 0.168 0.222 0.451 0.467 

Locus 174 : 
2 alleles
0.0% missing data
   4   (0.736) 0.760 0.700 0.848 0.812 
   1   (0.264) 0.240 0.300 0.152 0.188 

Locus 175 : 
2 alleles
0.0% missing data
   2   (0.728) 0.762 0.627 0.854 0.768 
   4   (0.272) 0.238 0.373 0.146 0.232 

Locus 176 : 
2 alleles
0.8% missing data
   4   (0.953) 0.945 0.997 0.993 0.998 
   1   (0.047) 0.055 0.003 0.007 0.002 

Locus 177 : 
2 alleles
0.0% missing data
   3   (0.488) 0.436 0.689 0.654 0.535 
   2   (0.512) 0.564 0.311 0.346 0.465 

Locus 178 : 
3 alleles
2.4% missing data
   3   (0.597) 0.584 0.823 0.625 0.652 
   2   (0.374) 0.406 0.175 0.277 0.348 
   0   (0.029) 0.010 0.002 0.099 0.001 

Locus 179 : 
2 alleles
0.0% missing data
   3   (0.900) 0.932 0.842 0.987 0.967 
   2   (0.100) 0.068 0.158 0.013 0.033 

Locus 180 : 
3 alleles
1.6% missing data
   3   (0.539) 0.583 0.179 0.671 0.798 
   2   (0.413) 0.361 0.818 0.322 0.201 
   0   (0.047) 0.056 0.003 0.007 0.001 

Locus 181 : 
2 alleles
0.0% missing data
   2   (0.731) 0.746 0.560 0.960 0.746 
   1   (0.269) 0.254 0.440 0.040 0.254 

Locus 182 : 
2 alleles
1.6% missing data
   4   (0.787) 0.809 0.916 0.868 0.536 
   2   (0.213) 0.191 0.084 0.132 0.464 

Locus 183 : 
2 alleles
0.0% missing data
   4   (0.883) 0.892 0.974 0.978 0.904 
   2   (0.117) 0.108 0.026 0.022 0.096 

Locus 184 : 
2 alleles
0.0% missing data
   2   (0.888) 0.923 0.964 0.784 0.972 
   3   (0.112) 0.077 0.036 0.216 0.028 

Locus 185 : 
2 alleles
0.0% missing data
   2   (0.776) 0.836 0.727 0.541 0.809 
   3   (0.224) 0.164 0.273 0.459 0.191 

Locus 186 : 
2 alleles
0.0% missing data
   2   (0.911) 0.914 0.995 0.988 0.637 
   3   (0.089) 0.086 0.005 0.012 0.363 

Locus 187 : 
2 alleles
0.0% missing data
   3   (0.905) 0.947 0.968 0.782 0.958 
   2   (0.095) 0.053 0.032 0.218 0.042 

Locus 188 : 
2 alleles
2.4% missing data
   2   (0.750) 0.771 0.570 0.965 0.741 
   3   (0.250) 0.229 0.430 0.035 0.259 

Locus 189 : 
3 alleles
3.1% missing data
   3   (0.651) 0.703 0.590 0.746 0.496 
   1   (0.294) 0.259 0.362 0.246 0.502 
   0   (0.054) 0.037 0.048 0.007 0.002 

Locus 190 : 
2 alleles
0.0% missing data
   1   (0.879) 0.851 0.953 0.983 0.996 
   5   (0.121) 0.149 0.047 0.017 0.004 

Locus 191 : 
2 alleles
0.0% missing data
   1   (0.800) 0.763 0.989 0.830 0.680 
   5   (0.200) 0.237 0.011 0.170 0.320 

Locus 192 : 
2 alleles
0.0% missing data
   2   (0.582) 0.616 0.511 0.245 0.792 
   1   (0.418) 0.384 0.489 0.755 0.208 

Locus 193 : 
2 alleles
2.4% missing data
   1   (0.933) 0.954 0.905 0.991 0.998 
   4   (0.067) 0.046 0.095 0.009 0.002 

Locus 194 : 
2 alleles
0.0% missing data
   3   (0.786) 0.749 0.679 0.969 0.993 
   2   (0.214) 0.251 0.321 0.031 0.007 

Locus 195 : 
2 alleles
6.3% missing data
   4   (0.573) 0.517 0.472 0.677 0.986 
   1   (0.427) 0.483 0.528 0.323 0.014 

Locus 196 : 
2 alleles
0.8% missing data
   3   (0.881) 0.892 0.975 0.984 0.768 
   2   (0.119) 0.108 0.025 0.016 0.232 

Locus 197 : 
2 alleles
0.8% missing data
   3   (0.666) 0.659 0.765 0.787 0.751 
   4   (0.334) 0.341 0.235 0.213 0.249 

Locus 198 : 
2 alleles
0.0% missing data
   1   (0.963) 0.987 0.899 0.995 0.999 
   2   (0.037) 0.013 0.101 0.005 0.001 

Locus 199 : 
2 alleles
0.0% missing data
   2   (0.855) 0.865 0.559 0.981 0.995 
   3   (0.145) 0.135 0.441 0.019 0.005 

Locus 200 : 
2 alleles
0.0% missing data
   2   (0.520) 0.527 0.494 0.442 0.604 
   4   (0.480) 0.473 0.506 0.558 0.396 

Locus 201 : 
2 alleles
0.8% missing data
   2   (0.695) 0.665 0.342 0.956 0.989 
   1   (0.305) 0.335 0.658 0.044 0.011 

Locus 202 : 
2 alleles
0.0% missing data
   1   (0.907) 0.934 0.995 0.819 0.750 
   3   (0.093) 0.066 0.005 0.181 0.250 

Locus 203 : 
2 alleles
0.8% missing data
   2   (0.708) 0.674 0.765 0.583 0.991 
   1   (0.292) 0.326 0.235 0.417 0.009 

Locus 204 : 
2 alleles
0.0% missing data
   2   (0.832) 0.805 0.821 0.977 0.994 
   5   (0.168) 0.195 0.179 0.023 0.006 

Locus 205 : 
2 alleles
0.0% missing data
   3   (0.689) 0.684 0.881 0.646 0.651 
   1   (0.311) 0.316 0.119 0.354 0.349 

Locus 206 : 
2 alleles
0.0% missing data
   4   (0.585) 0.577 0.600 0.891 0.324 
   1   (0.415) 0.423 0.400 0.109 0.676 

Locus 207 : 
2 alleles
0.8% missing data
   3   (0.811) 0.807 0.881 0.667 0.994 
   2   (0.189) 0.193 0.119 0.333 0.006 

Locus 208 : 
2 alleles
1.6% missing data
   1   (0.737) 0.737 0.530 0.796 0.991 
   2   (0.263) 0.263 0.470 0.204 0.009 

Locus 209 : 
3 alleles
0.0% missing data
   3   (0.943) 0.980 0.997 0.993 0.906 
   2   (0.030) 0.011 0.002 0.004 0.067 
   0   (0.027) 0.010 0.001 0.004 0.027 

Locus 210 : 
2 alleles
0.0% missing data
   2   (0.628) 0.670 0.449 0.101 0.979 
   4   (0.372) 0.330 0.551 0.899 0.021 

Locus 211 : 
2 alleles
0.0% missing data
   2   (0.893) 0.907 0.763 0.979 0.997 
   4   (0.107) 0.093 0.237 0.021 0.003 

Locus 212 : 
2 alleles
0.0% missing data
   4   (0.748) 0.772 0.749 0.855 0.778 
   1   (0.252) 0.228 0.251 0.145 0.222 

Locus 213 : 
2 alleles
0.0% missing data
   3   (0.756) 0.841 0.623 0.613 0.220 
   2   (0.244) 0.159 0.377 0.387 0.780 

Locus 214 : 
2 alleles
0.0% missing data
   1   (0.739) 0.779 0.661 0.716 0.864 
   4   (0.261) 0.221 0.339 0.284 0.136 

Locus 215 : 
2 alleles
0.0% missing data
   4   (0.328) 0.342 0.096 0.536 0.318 
   5   (0.672) 0.658 0.904 0.464 0.682 

Locus 216 : 
2 alleles
0.0% missing data
   3   (0.894) 0.935 0.804 0.985 0.905 
   1   (0.106) 0.065 0.196 0.015 0.095 

Locus 217 : 
2 alleles
0.0% missing data
   3   (0.878) 0.903 0.864 0.818 0.996 
   2   (0.122) 0.097 0.136 0.182 0.004 

Locus 218 : 
2 alleles
0.0% missing data
   3   (0.439) 0.500 0.433 0.066 0.240 
   2   (0.561) 0.500 0.567 0.934 0.760 

Locus 219 : 
2 alleles
0.0% missing data
   4   (0.747) 0.781 0.293 0.770 0.992 
   2   (0.253) 0.219 0.707 0.230 0.008 

Locus 220 : 
2 alleles
0.0% missing data
   3   (0.755) 0.788 0.664 0.701 0.952 
   2   (0.245) 0.212 0.336 0.299 0.048 

Locus 221 : 
2 alleles
0.0% missing data
   3   (0.799) 0.829 0.916 0.690 0.767 
   2   (0.201) 0.171 0.084 0.310 0.233 

Locus 222 : 
2 alleles
0.0% missing data
   2   (0.715) 0.722 0.496 0.636 0.991 
   3   (0.285) 0.278 0.504 0.364 0.009 

Locus 223 : 
2 alleles
0.8% missing data
   1   (0.944) 0.971 0.794 0.993 0.998 
   2   (0.056) 0.029 0.206 0.007 0.002 

Locus 224 : 
2 alleles
0.0% missing data
   5   (0.759) 0.815 0.427 0.870 0.884 
   1   (0.241) 0.185 0.573 0.130 0.116 

Locus 225 : 
2 alleles
0.8% missing data
   2   (0.748) 0.784 0.786 0.758 0.642 
   3   (0.252) 0.216 0.214 0.242 0.358 

Locus 226 : 
2 alleles
0.0% missing data
   3   (0.919) 0.877 0.994 0.987 0.997 
   1   (0.081) 0.123 0.006 0.013 0.003 

Values of parameters used in structure:
DATAFILE=/Users/ddayan/FRA/small_omy_projects/sf_crooked_river_2021/structure_SFGL_Omy269/project_data,	OUTFILE=/Users/ddayan/FRA/small_omy_projects/sf_crooked_river_2021/structure_SFGL_Omy269/5k10kadmcorr/Results/5k10kadmcorr_run_38,	NUMINDS=127,	NUMLOCI=226,	MISSING=-9,	LABEL=0,	POPDATA=1,	POPFLAG=0,	PHENOTYPE=0,	EXTRACOLS=0,	MAXPOPS=4,	BURNIN=5000,	NUMREPS=10000,	USEPOPINFO=0,	INFERALPHA=1,	INFERLAMBDA=0,	POPSPECIFICLAMBDA=0,	POPALPHAS=0,	COMPUTEPROB=1,	NOADMIX=0,	ADMBURNIN=2500,	UPDATEFREQ=1,	PRINTLIKES=0,	INTERMEDSAVE=0,	PRINTKLD=0,	PRINTNET=0,	PRINTLAMBDA=0,	ANCESTDIST=0,	NUMBOXES=1000,	ANCESTPINT=0.90000,	GENSBACK=2,	MIGRPRIOR=0.05000,	PRINTQHAT=0,	PRINTQSUM=0,	ALPHA=1.0000,	FREQSCORR=1,	FPRIORMEAN=0.0100,	FPRIORSD=0.0500,	ONEFST=0,	LAMBDA=1.0000,	UNIFPRIORALPHA=1,	ALPHAMAX=10.0000,	ALPHAPRIORA=1.0000,	ALPHAPRIORB=2.0000,	ALPHAPROPSD=0.0250,	STARTATPOPINFO=0,	RANDOMIZE=1,	LINKAGE=0,	METROFREQ=10,	REPORTHITRATE=0,	MARKOVPHASE=-1,	PHASED=0,	PLOIDY=2,	PHASEINFO=0	LOCPRIOR=0, 	LOCPRIORINIT=1.000000, 	LOCDATA=0, 	LOCISPOP=0, 	LOCPRIORSTEP=0.100000, 	MAXLOCPRIOR=20.000000, 	SEED=1642736851,	
[STRAT parameters]:    NUMSIMSTATS=1000,	PHENOTYPECOL=-9,	POOLFREQ=10,	LOCUSxONLY=0,	EMERROR=0.00100,	MISSINGPHENO=-9,	