

----------------------------------------------------
STRUCTURE by Pritchard, Stephens and Donnelly (2000)
     and Falush, Stephens and Pritchard (2003)
       Code by Pritchard, Falush and Hubisz
             Version 2.3.4 (Jul 2012)
----------------------------------------------------



Command line arguments:   bin/structure -m "/Users/ddayan/FRA/small_omy_projects/sf_crooked_river_2021/structure_SFGL_Omy269/5k10kadmcorr/mainparams" -e "/Users/ddayan/FRA/small_omy_projects/sf_crooked_river_2021/structure_SFGL_Omy269/5k10kadmcorr/extraparams" 
Input File:    /Users/ddayan/FRA/small_omy_projects/sf_crooked_river_2021/structure_SFGL_Omy269/project_data

Run parameters:
   127 individuals
   226 loci
   5 populations assumed
   5000 Burn-in period
   10000 Reps


--------------------------------------------
Proportion of membership of each pre-defined
 population in each of the 5 clusters

Given    Inferred Clusters                     Number of
 Pop       1      2      3      4      5      Individuals

  1:     0.004  0.003  0.002  0.987  0.004       35
  2:     0.097  0.091  0.797  0.004  0.012       17
  3:     0.323  0.404  0.012  0.054  0.207       41
  4:     0.007  0.008  0.975  0.005  0.005       34
--------------------------------------------

Allele-freq. divergence among pops (Net nucleotide distance),
computed using point estimates of P.

      1       2       3       4       5      
 1      -    0.0115  0.0388  0.0376  0.0388  
 2   0.0115     -    0.0352  0.0350  0.0356  
 3   0.0388  0.0352     -    0.0782  0.0658  
 4   0.0376  0.0350  0.0782     -    0.0587  
 5   0.0388  0.0356  0.0658  0.0587     -    

Average distances (expected heterozygosity) between individuals in same cluster:
cluster  1  : 0.3303 
cluster  2  : 0.3382 
cluster  3  : 0.3345 
cluster  4  : 0.2451 
cluster  5  : 0.2743 

--------------------------------------------
Estimated Ln Prob of Data   = -26507.5
Mean value of ln likelihood = -26145.8
Variance of ln likelihood   = 723.4
Mean value of alpha         = 0.0321

Mean value of Fst_1         = 0.0796
Mean value of Fst_2         = 0.0439
Mean value of Fst_3         = 0.1546
Mean value of Fst_4         = 0.2946
Mean value of Fst_5         = 0.2719


Inferred ancestry of individuals:
     (%Miss) Pop:  Inferred clusters
  1    (0)    1 :  0.002 0.002 0.001 0.994 0.001 
  2    (0)    1 :  0.009 0.008 0.006 0.970 0.006 
  3    (0)    1 :  0.001 0.001 0.003 0.994 0.001 
  4    (0)    1 :  0.003 0.003 0.002 0.991 0.001 
  5    (0)    1 :  0.003 0.001 0.003 0.992 0.001 
  6    (0)    1 :  0.001 0.003 0.001 0.993 0.002 
  7    (0)    1 :  0.001 0.001 0.001 0.996 0.001 
  8    (0)    1 :  0.004 0.004 0.001 0.989 0.003 
  9    (0)    1 :  0.002 0.002 0.001 0.995 0.001 
 10    (0)    1 :  0.002 0.004 0.001 0.990 0.004 
 11    (0)    1 :  0.012 0.013 0.003 0.916 0.056 
 12    (0)    1 :  0.007 0.008 0.006 0.975 0.003 
 13    (0)    1 :  0.001 0.001 0.001 0.994 0.004 
 14    (0)    1 :  0.002 0.002 0.001 0.993 0.003 
 15    (0)    1 :  0.002 0.001 0.001 0.995 0.001 
 16    (0)    1 :  0.002 0.002 0.001 0.989 0.005 
 17    (0)    1 :  0.019 0.008 0.001 0.970 0.002 
 18    (0)    1 :  0.025 0.018 0.018 0.935 0.004 
 19    (0)    1 :  0.002 0.001 0.001 0.994 0.002 
 20    (0)    1 :  0.001 0.001 0.001 0.994 0.003 
 21    (0)    1 :  0.003 0.003 0.002 0.991 0.001 
 22    (0)    1 :  0.002 0.003 0.001 0.991 0.002 
 23    (0)    1 :  0.001 0.001 0.001 0.996 0.002 
 24    (0)    1 :  0.001 0.001 0.001 0.995 0.002 
 25    (0)    1 :  0.003 0.003 0.004 0.988 0.001 
 26    (0)    1 :  0.001 0.002 0.001 0.995 0.001 
 27    (0)    1 :  0.001 0.001 0.001 0.996 0.001 
 28    (0)    1 :  0.003 0.003 0.001 0.989 0.004 
 29    (0)    1 :  0.001 0.002 0.001 0.995 0.001 
 30    (0)    1 :  0.001 0.001 0.001 0.996 0.001 
 31    (0)    1 :  0.002 0.002 0.002 0.993 0.002 
 32    (0)    1 :  0.003 0.003 0.001 0.989 0.004 
 33    (0)    1 :  0.001 0.002 0.000 0.995 0.001 
 34    (0)    1 :  0.001 0.001 0.001 0.996 0.001 
 35    (0)    1 :  0.003 0.002 0.001 0.991 0.002 
 36    (0)    2 :  0.070 0.101 0.822 0.005 0.002 
 37    (0)    2 :  0.004 0.006 0.981 0.008 0.001 
 38    (0)    3 :  0.022 0.908 0.001 0.004 0.065 
 39    (0)    3 :  0.002 0.982 0.002 0.012 0.002 
 40    (0)    3 :  0.004 0.939 0.017 0.038 0.003 
 41    (0)    3 :  0.091 0.827 0.066 0.004 0.012 
 42    (0)    3 :  0.003 0.899 0.016 0.006 0.077 
 43    (0)    2 :  0.003 0.002 0.993 0.001 0.001 
 44    (0)    2 :  0.628 0.249 0.073 0.010 0.039 
 45    (0)    2 :  0.005 0.004 0.988 0.002 0.001 
 46    (0)    2 :  0.003 0.006 0.988 0.002 0.001 
 47    (0)    2 :  0.016 0.200 0.686 0.004 0.094 
 48    (0)    2 :  0.003 0.813 0.177 0.005 0.002 
 49    (0)    2 :  0.431 0.100 0.442 0.015 0.011 
 50    (0)    2 :  0.008 0.005 0.985 0.001 0.002 
 51    (0)    2 :  0.005 0.012 0.960 0.003 0.019 
 52    (0)    3 :  0.303 0.653 0.002 0.020 0.022 
 53    (0)    3 :  0.846 0.094 0.009 0.049 0.002 
 54    (0)    3 :  0.967 0.014 0.006 0.002 0.011 
 55    (0)    3 :  0.010 0.894 0.088 0.005 0.004 
 56    (0)    3 :  0.001 0.003 0.001 0.006 0.989 
 57    (0)    3 :  0.004 0.929 0.003 0.063 0.002 
 58    (0)    3 :  0.992 0.004 0.002 0.001 0.002 
 59    (0)    3 :  0.378 0.468 0.148 0.004 0.003 
 60    (0)    3 :  0.001 0.001 0.002 0.002 0.994 
 61    (0)    3 :  0.001 0.002 0.001 0.002 0.994 
 62    (0)    3 :  0.005 0.981 0.003 0.003 0.007 
 63    (0)    3 :  0.004 0.990 0.002 0.002 0.003 
 64    (0)    3 :  0.172 0.351 0.001 0.471 0.005 
 65    (0)    3 :  0.155 0.389 0.004 0.451 0.001 
 66    (0)    3 :  0.672 0.018 0.005 0.302 0.002 
 67    (0)    3 :  0.335 0.360 0.034 0.238 0.032 
 68    (0)    3 :  0.001 0.001 0.001 0.002 0.995 
 69    (0)    3 :  0.551 0.034 0.012 0.402 0.001 
 70    (0)    3 :  0.005 0.007 0.001 0.004 0.984 
 71    (0)    3 :  0.002 0.001 0.001 0.007 0.989 
 72    (0)    3 :  0.002 0.002 0.001 0.004 0.991 
 73    (0)    3 :  0.864 0.001 0.002 0.005 0.127 
 74    (0)    3 :  0.968 0.018 0.002 0.009 0.002 
 75    (0)    3 :  0.015 0.979 0.002 0.003 0.001 
 76    (0)    3 :  0.988 0.005 0.002 0.003 0.002 
 77    (0)    3 :  0.986 0.002 0.003 0.003 0.006 
 78    (0)    3 :  0.010 0.939 0.002 0.015 0.034 
 79    (0)    3 :  0.919 0.070 0.003 0.003 0.005 
 80    (0)    3 :  0.008 0.978 0.001 0.003 0.010 
 81    (0)    3 :  0.002 0.983 0.002 0.006 0.007 
 82    (0)    3 :  0.925 0.052 0.007 0.011 0.006 
 83    (0)    3 :  0.976 0.004 0.002 0.006 0.011 
 84    (0)    3 :  0.022 0.861 0.001 0.008 0.107 
 85    (0)    3 :  0.001 0.001 0.001 0.001 0.996 
 86    (0)    3 :  0.087 0.876 0.033 0.003 0.001 
 87    (0)    3 :  0.954 0.024 0.006 0.014 0.002 
 88    (0)    2 :  0.003 0.002 0.992 0.001 0.001 
 89    (0)    2 :  0.005 0.003 0.989 0.002 0.003 
 90    (0)    2 :  0.002 0.003 0.992 0.001 0.001 
 91    (0)    2 :  0.458 0.023 0.505 0.002 0.013 
 92    (0)    2 :  0.002 0.011 0.981 0.002 0.005 
 93    (0)    2 :  0.001 0.001 0.996 0.001 0.001 
 94    (0)    4 :  0.004 0.003 0.990 0.002 0.001 
 95    (0)    4 :  0.003 0.003 0.990 0.003 0.002 
 96    (2)    4 :  0.007 0.007 0.975 0.001 0.010 
 97    (0)    4 :  0.011 0.029 0.944 0.009 0.007 
 98    (1)    4 :  0.013 0.024 0.954 0.003 0.006 
 99    (0)    4 :  0.012 0.007 0.971 0.006 0.005 
100    (1)    4 :  0.004 0.011 0.977 0.002 0.006 
101    (0)    4 :  0.023 0.008 0.964 0.003 0.002 
102    (0)    4 :  0.004 0.001 0.992 0.001 0.002 
103    (0)    4 :  0.009 0.013 0.955 0.014 0.009 
104    (1)    4 :  0.007 0.010 0.972 0.002 0.009 
105    (1)    4 :  0.001 0.004 0.993 0.001 0.001 
106    (2)    4 :  0.006 0.005 0.980 0.004 0.006 
107    (1)    4 :  0.002 0.002 0.991 0.002 0.003 
108    (0)    4 :  0.004 0.010 0.972 0.005 0.008 
109    (1)    4 :  0.006 0.003 0.976 0.013 0.002 
110    (3)    4 :  0.003 0.002 0.989 0.001 0.004 
111    (0)    4 :  0.012 0.011 0.966 0.007 0.004 
112    (1)    4 :  0.006 0.005 0.982 0.005 0.002 
113    (1)    4 :  0.001 0.002 0.992 0.001 0.003 
114    (0)    4 :  0.001 0.002 0.995 0.001 0.001 
115    (1)    4 :  0.001 0.002 0.994 0.002 0.001 
116    (1)    4 :  0.046 0.035 0.908 0.003 0.008 
117    (0)    4 :  0.009 0.006 0.973 0.010 0.002 
118    (3)    4 :  0.002 0.003 0.990 0.003 0.002 
119    (2)    4 :  0.011 0.005 0.953 0.027 0.005 
120    (2)    4 :  0.004 0.012 0.978 0.002 0.004 
121    (0)    4 :  0.009 0.008 0.966 0.014 0.004 
122    (1)    4 :  0.001 0.003 0.987 0.003 0.007 
123    (0)    4 :  0.001 0.001 0.996 0.002 0.001 
124   (15)    4 :  0.010 0.006 0.960 0.006 0.019 
125    (1)    4 :  0.005 0.011 0.966 0.010 0.008 
126    (0)    4 :  0.002 0.011 0.965 0.005 0.017 
127    (2)    4 :  0.006 0.002 0.987 0.002 0.003 


Estimated Allele Frequencies in each cluster
First column gives estimated ancestral frequencies


Locus 1 : 
2 alleles
0.0% missing data
   3   (0.932) 0.975 0.933 0.904 0.998 0.990 
   2   (0.068) 0.025 0.067 0.096 0.002 0.010 

Locus 2 : 
2 alleles
0.0% missing data
   2   (0.354) 0.283 0.457 0.366 0.171 0.052 
   3   (0.646) 0.717 0.543 0.634 0.829 0.948 

Locus 3 : 
2 alleles
0.0% missing data
   2   (0.361) 0.207 0.460 0.340 0.253 0.224 
   4   (0.639) 0.793 0.540 0.660 0.747 0.776 

Locus 4 : 
2 alleles
0.0% missing data
   1   (0.694) 0.681 0.675 0.927 0.887 0.373 
   4   (0.306) 0.319 0.325 0.073 0.113 0.627 

Locus 5 : 
2 alleles
3.1% missing data
   2   (0.810) 0.873 0.789 0.739 0.952 0.974 
   1   (0.190) 0.127 0.211 0.261 0.048 0.026 

Locus 6 : 
2 alleles
2.4% missing data
   1   (0.211) 0.262 0.161 0.192 0.380 0.030 
   3   (0.789) 0.738 0.839 0.808 0.620 0.970 

Locus 7 : 
2 alleles
0.0% missing data
   2   (0.634) 0.577 0.682 0.415 0.458 0.948 
   3   (0.366) 0.423 0.318 0.585 0.542 0.052 

Locus 8 : 
2 alleles
2.4% missing data
   1   (0.248) 0.215 0.219 0.167 0.262 0.253 
   2   (0.752) 0.785 0.781 0.833 0.738 0.747 

Locus 9 : 
2 alleles
0.8% missing data
   4   (0.963) 0.990 0.986 0.824 0.999 0.995 
   1   (0.037) 0.010 0.014 0.176 0.001 0.005 

Locus 10 : 
2 alleles
0.0% missing data
   3   (0.736) 0.707 0.778 0.519 0.991 0.649 
   2   (0.264) 0.293 0.222 0.481 0.009 0.351 

Locus 11 : 
2 alleles
0.0% missing data
   2   (0.950) 0.986 0.972 0.772 0.998 0.993 
   1   (0.050) 0.014 0.028 0.228 0.002 0.007 

Locus 12 : 
2 alleles
0.0% missing data
   1   (0.512) 0.601 0.523 0.278 0.824 0.240 
   4   (0.488) 0.399 0.477 0.722 0.176 0.760 

Locus 13 : 
2 alleles
0.8% missing data
   2   (0.686) 0.765 0.681 0.588 0.797 0.794 
   4   (0.314) 0.235 0.319 0.412 0.203 0.206 

Locus 14 : 
2 alleles
0.0% missing data
   4   (0.691) 0.713 0.757 0.576 0.798 0.534 
   2   (0.309) 0.287 0.243 0.424 0.202 0.466 

Locus 15 : 
2 alleles
0.0% missing data
   4   (0.865) 0.869 0.852 0.881 0.995 0.982 
   2   (0.135) 0.131 0.148 0.119 0.005 0.018 

Locus 16 : 
2 alleles
0.0% missing data
   1   (0.402) 0.331 0.380 0.386 0.687 0.462 
   4   (0.598) 0.669 0.620 0.614 0.313 0.538 

Locus 17 : 
2 alleles
0.0% missing data
   4   (0.916) 0.880 0.967 0.937 0.997 0.882 
   3   (0.084) 0.120 0.033 0.063 0.003 0.118 

Locus 18 : 
2 alleles
0.0% missing data
   2   (0.776) 0.820 0.763 0.788 0.786 0.967 
   3   (0.224) 0.180 0.237 0.212 0.214 0.033 

Locus 19 : 
2 alleles
0.8% missing data
   4   (0.868) 0.882 0.890 0.817 0.984 0.983 
   2   (0.132) 0.118 0.110 0.183 0.016 0.017 

Locus 20 : 
2 alleles
0.0% missing data
   2   (0.659) 0.709 0.607 0.660 0.560 0.949 
   3   (0.341) 0.291 0.393 0.340 0.440 0.051 

Locus 21 : 
2 alleles
0.8% missing data
   2   (0.350) 0.327 0.331 0.450 0.208 0.257 
   3   (0.650) 0.673 0.669 0.550 0.792 0.743 

Locus 22 : 
2 alleles
0.0% missing data
   4   (0.812) 0.888 0.863 0.725 0.871 0.705 
   2   (0.188) 0.112 0.137 0.275 0.129 0.295 

Locus 23 : 
2 alleles
2.4% missing data
   1   (0.364) 0.214 0.378 0.400 0.566 0.477 
   4   (0.636) 0.786 0.622 0.600 0.434 0.523 

Locus 24 : 
2 alleles
0.0% missing data
   3   (0.770) 0.534 0.821 0.613 0.992 0.967 
   2   (0.230) 0.466 0.179 0.387 0.008 0.033 

Locus 25 : 
2 alleles
0.0% missing data
   3   (0.701) 0.758 0.669 0.715 0.489 0.955 
   2   (0.299) 0.242 0.331 0.285 0.511 0.045 

Locus 26 : 
2 alleles
0.8% missing data
   2   (0.577) 0.445 0.582 0.550 0.725 0.938 
   4   (0.423) 0.555 0.418 0.450 0.275 0.062 

Locus 27 : 
2 alleles
1.6% missing data
   1   (0.591) 0.577 0.645 0.630 0.752 0.188 
   4   (0.409) 0.423 0.355 0.370 0.248 0.812 

Locus 28 : 
2 alleles
3.9% missing data
   3   (0.519) 0.488 0.530 0.662 0.584 0.280 
   2   (0.481) 0.512 0.470 0.338 0.416 0.720 

Locus 29 : 
2 alleles
0.0% missing data
   4   (0.182) 0.173 0.076 0.353 0.437 0.339 
   1   (0.818) 0.827 0.924 0.647 0.563 0.661 

Locus 30 : 
2 alleles
0.0% missing data
   1   (0.423) 0.425 0.367 0.463 0.572 0.496 
   4   (0.577) 0.575 0.633 0.537 0.428 0.504 

Locus 31 : 
2 alleles
3.1% missing data
   2   (0.290) 0.299 0.274 0.301 0.501 0.046 
   4   (0.710) 0.701 0.726 0.699 0.499 0.954 

Locus 32 : 
2 alleles
0.0% missing data
   4   (0.537) 0.473 0.562 0.662 0.647 0.348 
   3   (0.463) 0.527 0.438 0.338 0.353 0.652 

Locus 33 : 
2 alleles
0.8% missing data
   2   (0.543) 0.435 0.605 0.617 0.569 0.445 
   3   (0.457) 0.565 0.395 0.383 0.431 0.555 

Locus 34 : 
2 alleles
0.0% missing data
   3   (0.500) 0.429 0.519 0.567 0.607 0.451 
   2   (0.500) 0.571 0.481 0.433 0.393 0.549 

Locus 35 : 
2 alleles
0.0% missing data
   4   (0.649) 0.637 0.534 0.795 0.988 0.683 
   1   (0.351) 0.363 0.466 0.205 0.012 0.317 

Locus 36 : 
2 alleles
0.0% missing data
   4   (0.653) 0.597 0.685 0.417 0.787 0.947 
   1   (0.347) 0.403 0.315 0.583 0.213 0.053 

Locus 37 : 
2 alleles
0.8% missing data
   2   (0.575) 0.467 0.629 0.451 0.815 0.736 
   3   (0.425) 0.533 0.371 0.549 0.185 0.264 

Locus 38 : 
2 alleles
0.8% missing data
   1   (0.913) 0.964 0.890 0.988 0.997 0.787 
   2   (0.087) 0.036 0.110 0.012 0.003 0.213 

Locus 39 : 
2 alleles
1.6% missing data
   2   (0.603) 0.609 0.623 0.343 0.962 0.520 
   4   (0.397) 0.391 0.377 0.657 0.038 0.480 

Locus 40 : 
2 alleles
0.0% missing data
   1   (0.370) 0.419 0.207 0.814 0.398 0.480 
   4   (0.630) 0.581 0.793 0.186 0.602 0.520 

Locus 41 : 
2 alleles
0.0% missing data
   2   (0.917) 0.967 0.961 0.619 0.933 0.988 
   1   (0.083) 0.033 0.039 0.381 0.067 0.012 

Locus 42 : 
2 alleles
0.0% missing data
   2   (0.550) 0.453 0.604 0.605 0.528 0.514 
   4   (0.450) 0.547 0.396 0.395 0.472 0.486 

Locus 43 : 
2 alleles
0.0% missing data
   2   (0.414) 0.255 0.424 0.683 0.371 0.439 
   4   (0.586) 0.745 0.576 0.317 0.629 0.561 

Locus 44 : 
3 alleles
1.6% missing data
   3   (0.854) 0.950 0.837 0.918 0.836 0.979 
   2   (0.112) 0.040 0.118 0.080 0.163 0.016 
   0   (0.034) 0.010 0.046 0.002 0.001 0.004 

Locus 45 : 
2 alleles
0.0% missing data
   1   (0.798) 0.811 0.763 0.788 0.984 0.970 
   2   (0.202) 0.189 0.237 0.212 0.016 0.030 

Locus 46 : 
2 alleles
0.0% missing data
   4   (0.886) 0.961 0.852 0.954 0.996 0.766 
   2   (0.114) 0.039 0.148 0.046 0.004 0.234 

Locus 47 : 
2 alleles
0.0% missing data
   2   (0.871) 0.959 0.869 0.950 0.957 0.710 
   1   (0.129) 0.041 0.131 0.050 0.043 0.290 

Locus 48 : 
2 alleles
1.6% missing data
   2   (0.568) 0.573 0.566 0.524 0.431 0.843 
   4   (0.432) 0.427 0.434 0.476 0.569 0.157 

Locus 49 : 
2 alleles
0.0% missing data
   1   (0.732) 0.776 0.749 0.650 0.914 0.798 
   2   (0.268) 0.224 0.251 0.350 0.086 0.202 

Locus 50 : 
2 alleles
0.0% missing data
   4   (0.740) 0.725 0.835 0.738 0.438 0.645 
   1   (0.260) 0.275 0.165 0.262 0.562 0.355 

Locus 51 : 
2 alleles
0.0% missing data
   3   (0.502) 0.487 0.457 0.669 0.567 0.546 
   2   (0.498) 0.513 0.543 0.331 0.433 0.454 

Locus 52 : 
2 alleles
0.8% missing data
   4   (0.909) 0.941 0.918 0.876 0.996 0.987 
   2   (0.091) 0.059 0.082 0.124 0.004 0.013 

Locus 53 : 
2 alleles
0.0% missing data
   4   (0.929) 0.979 0.972 0.628 0.998 0.741 
   2   (0.071) 0.021 0.028 0.372 0.002 0.259 

Locus 54 : 
2 alleles
3.1% missing data
   3   (0.575) 0.596 0.508 0.706 0.835 0.662 
   4   (0.425) 0.404 0.492 0.294 0.165 0.338 

Locus 55 : 
2 alleles
0.0% missing data
   2   (0.606) 0.620 0.558 0.773 0.593 0.779 
   1   (0.394) 0.380 0.442 0.227 0.407 0.221 

Locus 56 : 
3 alleles
2.4% missing data
   1   (0.804) 0.790 0.854 0.734 0.994 0.611 
   0   (0.081) 0.023 0.100 0.022 0.003 0.122 
   4   (0.116) 0.186 0.046 0.245 0.004 0.267 

Locus 57 : 
2 alleles
0.0% missing data
   4   (0.893) 0.909 0.924 0.643 0.997 0.985 
   1   (0.107) 0.091 0.076 0.357 0.003 0.015 

Locus 58 : 
2 alleles
0.0% missing data
   4   (0.871) 0.832 0.866 0.969 0.986 0.980 
   2   (0.129) 0.168 0.134 0.031 0.014 0.020 

Locus 59 : 
2 alleles
0.0% missing data
   3   (0.864) 0.906 0.854 0.952 0.891 0.981 
   2   (0.136) 0.094 0.146 0.048 0.109 0.019 

Locus 60 : 
2 alleles
0.0% missing data
   4   (0.767) 0.647 0.824 0.683 0.992 0.766 
   2   (0.233) 0.353 0.176 0.317 0.008 0.234 

Locus 61 : 
2 alleles
0.0% missing data
   4   (0.869) 0.932 0.886 0.776 0.996 0.826 
   2   (0.131) 0.068 0.114 0.224 0.004 0.174 

Locus 62 : 
2 alleles
0.0% missing data
   2   (0.745) 0.813 0.735 0.464 0.915 0.965 
   1   (0.255) 0.187 0.265 0.536 0.085 0.035 

Locus 63 : 
2 alleles
0.0% missing data
   2   (0.425) 0.420 0.404 0.218 0.640 0.710 
   1   (0.575) 0.580 0.596 0.782 0.360 0.290 

Locus 64 : 
2 alleles
0.0% missing data
   4   (0.827) 0.917 0.780 0.841 0.993 0.765 
   2   (0.173) 0.083 0.220 0.159 0.007 0.235 

Locus 65 : 
2 alleles
0.8% missing data
   1   (0.889) 0.855 0.927 0.745 0.996 0.983 
   4   (0.111) 0.145 0.073 0.255 0.004 0.017 

Locus 66 : 
3 alleles
1.6% missing data
   3   (0.593) 0.670 0.580 0.691 0.660 0.528 
   2   (0.376) 0.321 0.408 0.266 0.339 0.467 
   0   (0.031) 0.009 0.012 0.043 0.001 0.004 

Locus 67 : 
2 alleles
0.0% missing data
   1   (0.121) 0.036 0.136 0.038 0.030 0.233 
   3   (0.879) 0.964 0.864 0.962 0.970 0.767 

Locus 68 : 
2 alleles
0.0% missing data
   2   (0.540) 0.461 0.664 0.332 0.738 0.180 
   3   (0.460) 0.539 0.336 0.668 0.262 0.820 

Locus 69 : 
2 alleles
0.0% missing data
   4   (0.795) 0.793 0.851 0.508 0.994 0.697 
   2   (0.205) 0.207 0.149 0.492 0.006 0.303 

Locus 70 : 
3 alleles
0.0% missing data
   1   (0.317) 0.530 0.242 0.025 0.701 0.799 
   3   (0.644) 0.457 0.740 0.973 0.146 0.196 
   0   (0.039) 0.013 0.018 0.002 0.153 0.005 

Locus 71 : 
2 alleles
3.1% missing data
   2   (0.560) 0.553 0.575 0.744 0.215 0.513 
   4   (0.440) 0.447 0.425 0.256 0.785 0.487 

Locus 72 : 
2 alleles
1.6% missing data
   3   (0.547) 0.449 0.580 0.703 0.714 0.332 
   1   (0.453) 0.551 0.420 0.297 0.286 0.668 

Locus 73 : 
2 alleles
0.0% missing data
   1   (0.306) 0.313 0.214 0.350 0.537 0.474 
   2   (0.694) 0.687 0.786 0.650 0.463 0.526 

Locus 74 : 
2 alleles
1.6% missing data
   2   (0.833) 0.706 0.843 0.938 0.984 0.977 
   3   (0.167) 0.294 0.157 0.062 0.016 0.023 

Locus 75 : 
2 alleles
0.0% missing data
   3   (0.484) 0.426 0.476 0.662 0.790 0.162 
   1   (0.516) 0.574 0.524 0.338 0.210 0.838 

Locus 76 : 
2 alleles
0.0% missing data
   2   (0.434) 0.462 0.371 0.183 0.925 0.643 
   1   (0.566) 0.538 0.629 0.817 0.075 0.357 

Locus 77 : 
2 alleles
0.0% missing data
   4   (0.313) 0.298 0.331 0.102 0.484 0.315 
   1   (0.687) 0.702 0.669 0.898 0.516 0.685 

Locus 78 : 
2 alleles
0.0% missing data
   3   (0.712) 0.685 0.671 0.826 0.990 0.526 
   2   (0.288) 0.315 0.329 0.174 0.010 0.474 

Locus 79 : 
2 alleles
0.0% missing data
   2   (0.580) 0.476 0.615 0.523 0.718 0.835 
   3   (0.420) 0.524 0.385 0.477 0.282 0.165 

Locus 80 : 
2 alleles
0.0% missing data
   4   (0.814) 0.820 0.892 0.785 0.872 0.701 
   2   (0.186) 0.180 0.108 0.215 0.128 0.299 

Locus 81 : 
2 alleles
0.0% missing data
   3   (0.462) 0.611 0.447 0.580 0.337 0.068 
   2   (0.538) 0.389 0.553 0.420 0.663 0.932 

Locus 82 : 
2 alleles
0.0% missing data
   2   (0.751) 0.730 0.838 0.686 0.718 0.755 
   3   (0.249) 0.270 0.162 0.314 0.282 0.245 

Locus 83 : 
2 alleles
0.0% missing data
   3   (0.726) 0.789 0.712 0.468 0.882 0.960 
   2   (0.274) 0.211 0.288 0.532 0.118 0.040 

Locus 84 : 
2 alleles
0.0% missing data
   3   (0.532) 0.638 0.557 0.411 0.439 0.296 
   2   (0.468) 0.362 0.443 0.589 0.561 0.704 

Locus 85 : 
2 alleles
0.0% missing data
   3   (0.788) 0.642 0.894 0.819 0.875 0.647 
   4   (0.212) 0.358 0.106 0.181 0.125 0.353 

Locus 86 : 
2 alleles
0.0% missing data
   3   (0.537) 0.457 0.594 0.849 0.446 0.079 
   2   (0.463) 0.543 0.406 0.151 0.554 0.921 

Locus 87 : 
3 alleles
4.7% missing data
   1   (0.534) 0.646 0.519 0.429 0.713 0.503 
   4   (0.432) 0.343 0.454 0.560 0.285 0.477 
   0   (0.033) 0.011 0.027 0.011 0.001 0.020 

Locus 88 : 
2 alleles
1.6% missing data
   3   (0.805) 0.810 0.783 0.671 0.993 0.973 
   1   (0.195) 0.190 0.217 0.329 0.007 0.027 

Locus 89 : 
2 alleles
0.0% missing data
   1   (0.571) 0.505 0.620 0.424 0.895 0.503 
   4   (0.429) 0.495 0.380 0.576 0.105 0.497 

Locus 90 : 
2 alleles
0.8% missing data
   3   (0.740) 0.868 0.768 0.601 0.759 0.531 
   2   (0.260) 0.132 0.232 0.399 0.241 0.469 

Locus 91 : 
2 alleles
0.0% missing data
   2   (0.685) 0.838 0.612 0.719 0.690 0.739 
   4   (0.315) 0.162 0.388 0.281 0.310 0.261 

Locus 92 : 
2 alleles
0.0% missing data
   2   (0.769) 0.791 0.803 0.737 0.956 0.741 
   4   (0.231) 0.209 0.197 0.263 0.044 0.259 

Locus 93 : 
2 alleles
0.0% missing data
   4   (0.910) 0.956 0.900 0.873 0.997 0.987 
   1   (0.090) 0.044 0.100 0.127 0.003 0.013 

Locus 94 : 
2 alleles
0.0% missing data
   3   (0.783) 0.817 0.757 0.875 0.747 0.967 
   1   (0.217) 0.183 0.243 0.125 0.253 0.033 

Locus 95 : 
2 alleles
0.0% missing data
   1   (0.058) 0.018 0.070 0.003 0.068 0.008 
   3   (0.942) 0.982 0.930 0.997 0.932 0.992 

Locus 96 : 
2 alleles
0.0% missing data
   3   (0.554) 0.791 0.408 0.484 0.802 0.520 
   2   (0.446) 0.209 0.592 0.516 0.198 0.480 

Locus 97 : 
2 alleles
0.0% missing data
   2   (0.730) 0.725 0.718 0.637 0.992 0.759 
   1   (0.270) 0.275 0.282 0.363 0.008 0.241 

Locus 98 : 
2 alleles
0.0% missing data
   4   (0.759) 0.730 0.723 0.613 0.992 0.964 
   2   (0.241) 0.270 0.277 0.387 0.008 0.036 

Locus 99 : 
2 alleles
0.8% missing data
   4   (0.860) 0.815 0.933 0.619 0.996 0.765 
   1   (0.140) 0.185 0.067 0.381 0.004 0.235 

Locus 100 : 
2 alleles
0.8% missing data
   3   (0.433) 0.417 0.403 0.510 0.212 0.660 
   2   (0.567) 0.583 0.597 0.490 0.788 0.340 

Locus 101 : 
3 alleles
0.0% missing data
   4   (0.470) 0.712 0.469 0.087 0.432 0.505 
   2   (0.442) 0.214 0.426 0.908 0.543 0.482 
   0   (0.088) 0.073 0.105 0.005 0.025 0.012 

Locus 102 : 
2 alleles
2.4% missing data
   2   (0.774) 0.674 0.841 0.894 0.900 0.697 
   4   (0.226) 0.326 0.159 0.106 0.100 0.303 

Locus 103 : 
3 alleles
0.0% missing data
   4   (0.122) 0.063 0.120 0.027 0.521 0.017 
   2   (0.810) 0.656 0.837 0.969 0.477 0.973 
   0   (0.068) 0.281 0.043 0.004 0.002 0.010 

Locus 104 : 
2 alleles
0.0% missing data
   3   (0.311) 0.302 0.305 0.177 0.567 0.153 
   2   (0.689) 0.698 0.695 0.823 0.433 0.847 

Locus 105 : 
2 alleles
0.0% missing data
   4   (0.489) 0.525 0.486 0.418 0.413 0.505 
   1   (0.511) 0.475 0.514 0.582 0.587 0.495 

Locus 106 : 
2 alleles
0.0% missing data
   1   (0.159) 0.134 0.128 0.180 0.177 0.022 
   2   (0.841) 0.866 0.872 0.820 0.823 0.978 

Locus 107 : 
2 alleles
0.0% missing data
   1   (0.586) 0.664 0.591 0.478 0.790 0.394 
   4   (0.414) 0.336 0.409 0.522 0.210 0.606 

Locus 108 : 
2 alleles
0.0% missing data
   2   (0.748) 0.751 0.771 0.826 0.928 0.694 
   4   (0.252) 0.249 0.229 0.174 0.072 0.306 

Locus 109 : 
2 alleles
0.0% missing data
   3   (0.803) 0.777 0.857 0.794 0.966 0.816 
   2   (0.197) 0.223 0.143 0.206 0.034 0.184 

Locus 110 : 
2 alleles
0.0% missing data
   2   (0.927) 0.979 0.902 0.917 0.998 0.990 
   1   (0.073) 0.021 0.098 0.083 0.002 0.010 

Locus 111 : 
2 alleles
0.0% missing data
   1   (0.868) 0.750 0.924 0.732 0.995 0.981 
   2   (0.132) 0.250 0.076 0.268 0.005 0.019 

Locus 112 : 
2 alleles
7.1% missing data
   3   (0.837) 0.907 0.808 0.874 0.994 0.756 
   2   (0.163) 0.093 0.192 0.126 0.006 0.244 

Locus 113 : 
2 alleles
0.0% missing data
   2   (0.668) 0.487 0.655 0.869 0.744 0.952 
   3   (0.332) 0.513 0.345 0.131 0.256 0.048 

Locus 114 : 
2 alleles
0.0% missing data
   4   (0.714) 0.710 0.695 0.704 0.803 0.960 
   2   (0.286) 0.290 0.305 0.296 0.197 0.040 

Locus 115 : 
2 alleles
0.0% missing data
   3   (0.459) 0.451 0.419 0.537 0.343 0.658 
   2   (0.541) 0.549 0.581 0.463 0.657 0.342 

Locus 116 : 
2 alleles
0.0% missing data
   4   (0.433) 0.490 0.321 0.575 0.690 0.484 
   3   (0.567) 0.510 0.679 0.425 0.310 0.516 

Locus 117 : 
2 alleles
0.0% missing data
   2   (0.884) 0.936 0.844 0.897 0.994 0.984 
   3   (0.116) 0.064 0.156 0.103 0.006 0.016 

Locus 118 : 
2 alleles
0.0% missing data
   2   (0.902) 0.953 0.868 0.911 0.997 0.987 
   1   (0.098) 0.047 0.132 0.089 0.003 0.013 

Locus 119 : 
3 alleles
0.0% missing data
   2   (0.917) 0.976 0.968 0.917 0.972 0.584 
   0   (0.029) 0.008 0.011 0.002 0.027 0.004 
   3   (0.054) 0.015 0.021 0.081 0.002 0.412 

Locus 120 : 
2 alleles
0.0% missing data
   1   (0.929) 0.900 0.962 0.958 0.997 0.988 
   2   (0.071) 0.100 0.038 0.042 0.003 0.012 

Locus 121 : 
2 alleles
0.0% missing data
   3   (0.729) 0.658 0.781 0.827 0.655 0.853 
   4   (0.271) 0.342 0.219 0.173 0.345 0.147 

Locus 122 : 
2 alleles
0.0% missing data
   1   (0.965) 0.988 0.984 0.998 0.899 0.996 
   0   (0.035) 0.012 0.016 0.002 0.101 0.004 

Locus 123 : 
3 alleles
1.6% missing data
   2   (0.733) 0.661 0.851 0.343 0.915 0.853 
   3   (0.237) 0.331 0.138 0.656 0.031 0.144 
   0   (0.030) 0.008 0.011 0.002 0.054 0.004 

Locus 124 : 
2 alleles
0.8% missing data
   1   (0.822) 0.824 0.799 0.751 0.993 0.976 
   3   (0.178) 0.176 0.201 0.249 0.007 0.024 

Locus 125 : 
2 alleles
0.0% missing data
   1   (0.892) 0.960 0.842 0.986 0.997 0.554 
   2   (0.108) 0.040 0.158 0.014 0.003 0.446 

Locus 126 : 
2 alleles
0.0% missing data
   4   (0.231) 0.094 0.236 0.316 0.243 0.297 
   2   (0.769) 0.906 0.764 0.684 0.757 0.703 

Locus 127 : 
2 alleles
0.0% missing data
   3   (0.679) 0.831 0.608 0.390 0.988 0.525 
   2   (0.321) 0.169 0.392 0.610 0.012 0.475 

Locus 128 : 
2 alleles
0.8% missing data
   3   (0.780) 0.879 0.726 0.947 0.797 0.662 
   2   (0.220) 0.121 0.274 0.053 0.203 0.338 

Locus 129 : 
2 alleles
0.8% missing data
   1   (0.754) 0.761 0.693 0.926 0.978 0.765 
   3   (0.246) 0.239 0.307 0.074 0.022 0.235 

Locus 130 : 
2 alleles
0.0% missing data
   3   (0.883) 0.863 0.882 0.931 0.996 0.982 
   2   (0.117) 0.137 0.118 0.069 0.004 0.018 

Locus 131 : 
2 alleles
0.0% missing data
   4   (0.649) 0.678 0.630 0.893 0.329 0.579 
   1   (0.351) 0.322 0.370 0.107 0.671 0.421 

Locus 132 : 
2 alleles
0.0% missing data
   2   (0.799) 0.814 0.758 0.904 0.994 0.823 
   4   (0.201) 0.186 0.242 0.096 0.006 0.177 

Locus 133 : 
2 alleles
0.0% missing data
   3   (0.475) 0.497 0.485 0.521 0.841 0.071 
   2   (0.525) 0.503 0.515 0.479 0.159 0.929 

Locus 134 : 
2 alleles
0.8% missing data
   3   (0.808) 0.650 0.894 0.663 0.910 0.974 
   2   (0.192) 0.350 0.106 0.337 0.090 0.026 

Locus 135 : 
2 alleles
0.0% missing data
   3   (0.616) 0.696 0.572 0.599 0.897 0.518 
   2   (0.384) 0.304 0.428 0.401 0.103 0.482 

Locus 136 : 
2 alleles
0.0% missing data
   4   (0.894) 0.940 0.914 0.558 0.996 0.984 
   2   (0.106) 0.060 0.086 0.442 0.004 0.016 

Locus 137 : 
2 alleles
0.0% missing data
   2   (0.925) 0.942 0.913 0.988 0.997 0.989 
   3   (0.075) 0.058 0.087 0.012 0.003 0.011 

Locus 138 : 
2 alleles
0.8% missing data
   1   (0.682) 0.602 0.746 0.813 0.493 0.691 
   3   (0.318) 0.398 0.254 0.187 0.507 0.309 

Locus 139 : 
2 alleles
0.8% missing data
   2   (0.632) 0.807 0.618 0.519 0.405 0.461 
   3   (0.368) 0.193 0.382 0.481 0.595 0.539 

Locus 140 : 
2 alleles
0.0% missing data
   4   (0.722) 0.542 0.802 0.828 0.911 0.641 
   3   (0.278) 0.458 0.198 0.172 0.089 0.359 

Locus 141 : 
2 alleles
0.0% missing data
   1   (0.707) 0.783 0.733 0.619 0.770 0.692 
   4   (0.293) 0.217 0.267 0.381 0.230 0.308 

Locus 142 : 
2 alleles
0.0% missing data
   3   (0.640) 0.602 0.661 0.873 0.596 0.355 
   2   (0.360) 0.398 0.339 0.127 0.404 0.645 

Locus 143 : 
2 alleles
0.0% missing data
   2   (0.937) 0.977 0.930 0.966 0.997 0.992 
   3   (0.063) 0.023 0.070 0.034 0.003 0.008 

Locus 144 : 
3 alleles
0.8% missing data
   4   (0.605) 0.581 0.612 0.461 0.943 0.720 
   1   (0.367) 0.411 0.377 0.537 0.031 0.276 
   0   (0.028) 0.008 0.011 0.002 0.027 0.004 

Locus 145 : 
2 alleles
0.0% missing data
   1   (0.178) 0.200 0.175 0.048 0.272 0.024 
   3   (0.822) 0.800 0.825 0.952 0.728 0.976 

Locus 146 : 
2 alleles
0.0% missing data
   4   (0.922) 0.901 0.960 0.876 0.997 0.988 
   1   (0.078) 0.099 0.040 0.124 0.003 0.012 

Locus 147 : 
2 alleles
0.8% missing data
   1   (0.375) 0.292 0.424 0.186 0.405 0.537 
   4   (0.625) 0.708 0.576 0.814 0.595 0.463 

Locus 148 : 
2 alleles
0.0% missing data
   3   (0.726) 0.741 0.665 0.984 0.607 0.319 
   1   (0.274) 0.259 0.335 0.016 0.393 0.681 

Locus 149 : 
3 alleles
1.6% missing data
   2   (0.501) 0.556 0.563 0.438 0.585 0.177 
   3   (0.450) 0.386 0.418 0.538 0.412 0.816 
   0   (0.049) 0.059 0.019 0.024 0.002 0.007 

Locus 150 : 
2 alleles
0.0% missing data
   1   (0.709) 0.613 0.689 0.804 0.903 0.956 
   4   (0.291) 0.387 0.311 0.196 0.097 0.044 

Locus 151 : 
2 alleles
0.0% missing data
   3   (0.728) 0.719 0.702 0.887 0.406 0.961 
   2   (0.272) 0.281 0.298 0.113 0.594 0.039 

Locus 152 : 
2 alleles
0.0% missing data
   4   (0.925) 0.910 0.947 0.995 0.998 0.824 
   2   (0.075) 0.090 0.053 0.005 0.002 0.176 

Locus 153 : 
2 alleles
0.0% missing data
   1   (0.636) 0.682 0.668 0.499 0.682 0.663 
   4   (0.364) 0.318 0.332 0.501 0.318 0.337 

Locus 154 : 
2 alleles
0.8% missing data
   1   (0.547) 0.589 0.629 0.107 0.893 0.513 
   3   (0.453) 0.411 0.371 0.893 0.107 0.487 

Locus 155 : 
2 alleles
0.0% missing data
   3   (0.558) 0.471 0.534 0.634 0.850 0.773 
   4   (0.442) 0.529 0.466 0.366 0.150 0.227 

Locus 156 : 
2 alleles
0.8% missing data
   1   (0.812) 0.835 0.879 0.213 0.973 0.974 
   2   (0.188) 0.165 0.121 0.787 0.027 0.026 

Locus 157 : 
2 alleles
0.0% missing data
   4   (0.570) 0.588 0.546 0.559 0.753 0.661 
   2   (0.430) 0.412 0.454 0.441 0.247 0.339 

Locus 158 : 
2 alleles
0.8% missing data
   1   (0.693) 0.734 0.629 0.901 0.759 0.795 
   2   (0.307) 0.266 0.371 0.099 0.241 0.205 

Locus 159 : 
3 alleles
0.8% missing data
   2   (0.837) 0.833 0.902 0.514 0.863 0.976 
   0   (0.068) 0.080 0.044 0.004 0.134 0.011 
   3   (0.095) 0.087 0.054 0.482 0.003 0.013 

Locus 160 : 
3 alleles
0.0% missing data
   1   (0.450) 0.485 0.499 0.182 0.468 0.486 
   3   (0.516) 0.504 0.455 0.816 0.531 0.507 
   0   (0.034) 0.010 0.045 0.002 0.001 0.007 

Locus 161 : 
2 alleles
0.8% missing data
   1   (0.517) 0.546 0.549 0.536 0.512 0.181 
   4   (0.483) 0.454 0.451 0.464 0.488 0.819 

Locus 162 : 
3 alleles
3.1% missing data
   1   (0.904) 0.968 0.889 0.936 0.997 0.987 
   0   (0.068) 0.024 0.099 0.041 0.002 0.009 
   2   (0.029) 0.008 0.012 0.023 0.001 0.004 

Locus 163 : 
2 alleles
0.0% missing data
   2   (0.874) 0.922 0.925 0.657 0.856 0.981 
   3   (0.126) 0.078 0.075 0.343 0.144 0.019 

Locus 164 : 
3 alleles
0.8% missing data
   4   (0.867) 0.947 0.910 0.855 0.807 0.981 
   1   (0.102) 0.043 0.078 0.124 0.192 0.015 
   0   (0.031) 0.009 0.012 0.022 0.001 0.005 

Locus 165 : 
2 alleles
0.0% missing data
   4   (0.808) 0.803 0.890 0.680 0.830 0.868 
   1   (0.192) 0.197 0.110 0.320 0.170 0.132 

Locus 166 : 
2 alleles
0.8% missing data
   2   (0.875) 0.852 0.939 0.500 0.985 0.982 
   3   (0.125) 0.148 0.061 0.500 0.015 0.018 

Locus 167 : 
2 alleles
0.0% missing data
   2   (0.650) 0.752 0.715 0.243 0.758 0.643 
   3   (0.350) 0.248 0.285 0.757 0.242 0.357 

Locus 168 : 
2 alleles
0.0% missing data
   3   (0.735) 0.865 0.670 0.779 0.910 0.739 
   2   (0.265) 0.135 0.330 0.221 0.090 0.261 

Locus 169 : 
3 alleles
2.4% missing data
   4   (0.399) 0.513 0.421 0.151 0.558 0.165 
   3   (0.552) 0.427 0.559 0.846 0.388 0.828 
   0   (0.050) 0.059 0.020 0.003 0.055 0.006 

Locus 170 : 
2 alleles
0.0% missing data
   1   (0.753) 0.876 0.788 0.689 0.548 0.538 
   3   (0.247) 0.124 0.212 0.311 0.452 0.462 

Locus 171 : 
3 alleles
3.1% missing data
   2   (0.825) 0.907 0.860 0.652 0.957 0.974 
   3   (0.142) 0.083 0.127 0.303 0.042 0.021 
   0   (0.033) 0.009 0.013 0.045 0.001 0.004 

Locus 172 : 
2 alleles
0.0% missing data
   4   (0.736) 0.653 0.787 0.725 0.608 0.961 
   1   (0.264) 0.347 0.213 0.275 0.392 0.039 

Locus 173 : 
2 alleles
0.0% missing data
   2   (0.784) 0.765 0.888 0.780 0.533 0.552 
   3   (0.216) 0.235 0.112 0.220 0.467 0.448 

Locus 174 : 
2 alleles
0.0% missing data
   4   (0.730) 0.748 0.766 0.698 0.813 0.849 
   1   (0.270) 0.252 0.234 0.302 0.187 0.151 

Locus 175 : 
2 alleles
0.0% missing data
   2   (0.723) 0.814 0.724 0.626 0.767 0.856 
   4   (0.277) 0.186 0.276 0.374 0.233 0.144 

Locus 176 : 
2 alleles
0.8% missing data
   4   (0.957) 0.905 0.978 0.997 0.999 0.994 
   1   (0.043) 0.095 0.022 0.003 0.001 0.006 

Locus 177 : 
2 alleles
0.0% missing data
   3   (0.493) 0.391 0.472 0.691 0.537 0.654 
   2   (0.507) 0.609 0.528 0.309 0.463 0.346 

Locus 178 : 
3 alleles
2.4% missing data
   3   (0.602) 0.620 0.560 0.828 0.649 0.616 
   2   (0.369) 0.372 0.428 0.170 0.350 0.282 
   0   (0.029) 0.008 0.011 0.002 0.001 0.102 

Locus 179 : 
2 alleles
0.0% missing data
   3   (0.901) 0.957 0.923 0.839 0.968 0.987 
   2   (0.099) 0.043 0.077 0.161 0.032 0.013 

Locus 180 : 
3 alleles
1.6% missing data
   3   (0.533) 0.692 0.511 0.174 0.798 0.668 
   2   (0.413) 0.243 0.437 0.823 0.201 0.325 
   0   (0.055) 0.065 0.052 0.003 0.002 0.007 

Locus 181 : 
2 alleles
0.0% missing data
   2   (0.734) 0.689 0.791 0.557 0.746 0.963 
   1   (0.266) 0.311 0.209 0.443 0.254 0.037 

Locus 182 : 
2 alleles
1.6% missing data
   4   (0.794) 0.919 0.743 0.916 0.535 0.865 
   2   (0.206) 0.081 0.257 0.084 0.465 0.135 

Locus 183 : 
2 alleles
0.0% missing data
   4   (0.883) 0.946 0.852 0.975 0.905 0.981 
   2   (0.117) 0.054 0.148 0.025 0.095 0.019 

Locus 184 : 
2 alleles
0.0% missing data
   2   (0.889) 0.941 0.918 0.964 0.971 0.775 
   3   (0.111) 0.059 0.082 0.036 0.029 0.225 

Locus 185 : 
2 alleles
0.0% missing data
   2   (0.779) 0.923 0.775 0.727 0.809 0.545 
   3   (0.221) 0.077 0.225 0.273 0.191 0.455 

Locus 186 : 
2 alleles
0.0% missing data
   2   (0.913) 0.968 0.874 0.995 0.638 0.988 
   3   (0.087) 0.032 0.126 0.005 0.362 0.012 

Locus 187 : 
2 alleles
0.0% missing data
   3   (0.901) 0.950 0.943 0.969 0.958 0.777 
   2   (0.099) 0.050 0.057 0.031 0.042 0.223 

Locus 188 : 
2 alleles
2.4% missing data
   2   (0.751) 0.882 0.698 0.566 0.742 0.965 
   3   (0.249) 0.118 0.302 0.434 0.258 0.035 

Locus 189 : 
3 alleles
3.1% missing data
   3   (0.654) 0.667 0.733 0.590 0.496 0.741 
   1   (0.293) 0.315 0.219 0.361 0.502 0.252 
   0   (0.053) 0.018 0.048 0.048 0.002 0.007 

Locus 190 : 
2 alleles
0.0% missing data
   1   (0.875) 0.827 0.870 0.953 0.995 0.981 
   5   (0.125) 0.173 0.130 0.047 0.005 0.019 

Locus 191 : 
2 alleles
0.0% missing data
   1   (0.791) 0.812 0.721 0.988 0.682 0.825 
   5   (0.209) 0.188 0.279 0.012 0.318 0.175 

Locus 192 : 
2 alleles
0.0% missing data
   2   (0.583) 0.531 0.665 0.513 0.792 0.249 
   1   (0.417) 0.469 0.335 0.487 0.208 0.751 

Locus 193 : 
2 alleles
2.4% missing data
   1   (0.935) 0.976 0.943 0.903 0.998 0.991 
   4   (0.065) 0.024 0.057 0.097 0.002 0.009 

Locus 194 : 
2 alleles
0.0% missing data
   3   (0.780) 0.786 0.725 0.679 0.992 0.968 
   2   (0.220) 0.214 0.275 0.321 0.008 0.032 

Locus 195 : 
2 alleles
6.3% missing data
   4   (0.579) 0.458 0.560 0.473 0.986 0.682 
   1   (0.421) 0.542 0.440 0.527 0.014 0.318 

Locus 196 : 
2 alleles
0.8% missing data
   3   (0.901) 0.821 0.956 0.976 0.769 0.986 
   2   (0.099) 0.179 0.044 0.024 0.231 0.014 

Locus 197 : 
2 alleles
0.8% missing data
   3   (0.662) 0.703 0.629 0.765 0.750 0.786 
   4   (0.338) 0.297 0.371 0.235 0.250 0.214 

Locus 198 : 
2 alleles
0.0% missing data
   1   (0.966) 0.990 0.987 0.898 0.999 0.995 
   2   (0.034) 0.010 0.013 0.102 0.001 0.005 

Locus 199 : 
2 alleles
0.0% missing data
   2   (0.861) 0.828 0.903 0.555 0.995 0.981 
   3   (0.139) 0.172 0.097 0.445 0.005 0.019 

Locus 200 : 
2 alleles
0.0% missing data
   2   (0.524) 0.463 0.572 0.495 0.606 0.445 
   4   (0.476) 0.537 0.428 0.505 0.394 0.555 

Locus 201 : 
2 alleles
0.8% missing data
   2   (0.710) 0.560 0.748 0.342 0.989 0.958 
   1   (0.290) 0.440 0.252 0.658 0.011 0.042 

Locus 202 : 
2 alleles
0.0% missing data
   1   (0.901) 0.926 0.931 0.995 0.749 0.828 
   3   (0.099) 0.074 0.069 0.005 0.251 0.172 

Locus 203 : 
2 alleles
0.8% missing data
   2   (0.703) 0.696 0.660 0.764 0.990 0.578 
   1   (0.297) 0.304 0.340 0.236 0.010 0.422 

Locus 204 : 
2 alleles
0.0% missing data
   2   (0.826) 0.783 0.817 0.822 0.994 0.977 
   5   (0.174) 0.217 0.183 0.178 0.006 0.023 

Locus 205 : 
2 alleles
0.0% missing data
   3   (0.689) 0.653 0.706 0.882 0.652 0.644 
   1   (0.311) 0.347 0.294 0.118 0.348 0.356 

Locus 206 : 
2 alleles
0.0% missing data
   4   (0.576) 0.699 0.494 0.598 0.321 0.891 
   1   (0.424) 0.301 0.506 0.402 0.679 0.109 

Locus 207 : 
2 alleles
0.8% missing data
   3   (0.807) 0.828 0.796 0.880 0.994 0.655 
   2   (0.193) 0.172 0.204 0.120 0.006 0.345 

Locus 208 : 
2 alleles
1.6% missing data
   1   (0.731) 0.828 0.669 0.527 0.991 0.800 
   2   (0.269) 0.172 0.331 0.473 0.009 0.200 

Locus 209 : 
3 alleles
0.0% missing data
   3   (0.941) 0.983 0.978 0.997 0.906 0.992 
   2   (0.030) 0.009 0.012 0.002 0.067 0.004 
   0   (0.029) 0.008 0.011 0.002 0.027 0.004 

Locus 210 : 
2 alleles
0.0% missing data
   2   (0.626) 0.663 0.675 0.446 0.980 0.097 
   4   (0.374) 0.337 0.325 0.554 0.020 0.903 

Locus 211 : 
2 alleles
0.0% missing data
   2   (0.887) 0.887 0.916 0.763 0.996 0.981 
   4   (0.113) 0.113 0.084 0.237 0.004 0.019 

Locus 212 : 
2 alleles
0.0% missing data
   4   (0.755) 0.708 0.825 0.749 0.777 0.851 
   1   (0.245) 0.292 0.175 0.251 0.223 0.149 

Locus 213 : 
2 alleles
0.0% missing data
   3   (0.757) 0.855 0.841 0.621 0.218 0.599 
   2   (0.243) 0.145 0.159 0.379 0.782 0.401 

Locus 214 : 
2 alleles
0.0% missing data
   1   (0.746) 0.776 0.800 0.657 0.862 0.708 
   4   (0.254) 0.224 0.200 0.343 0.138 0.292 

Locus 215 : 
2 alleles
0.0% missing data
   4   (0.327) 0.421 0.291 0.094 0.319 0.529 
   5   (0.673) 0.579 0.709 0.906 0.681 0.471 

Locus 216 : 
2 alleles
0.0% missing data
   3   (0.899) 0.963 0.926 0.800 0.905 0.986 
   1   (0.101) 0.037 0.074 0.200 0.095 0.014 

Locus 217 : 
2 alleles
0.0% missing data
   3   (0.873) 0.934 0.876 0.864 0.996 0.819 
   2   (0.127) 0.066 0.124 0.136 0.004 0.181 

Locus 218 : 
2 alleles
0.0% missing data
   3   (0.439) 0.498 0.492 0.435 0.240 0.069 
   2   (0.561) 0.502 0.508 0.565 0.760 0.931 

Locus 219 : 
2 alleles
0.0% missing data
   4   (0.747) 0.796 0.780 0.287 0.992 0.762 
   2   (0.253) 0.204 0.220 0.713 0.008 0.238 

Locus 220 : 
2 alleles
0.0% missing data
   3   (0.753) 0.824 0.762 0.662 0.953 0.699 
   2   (0.247) 0.176 0.238 0.338 0.047 0.301 

Locus 221 : 
2 alleles
0.0% missing data
   3   (0.790) 0.840 0.813 0.916 0.769 0.691 
   2   (0.210) 0.160 0.187 0.084 0.231 0.309 

Locus 222 : 
2 alleles
0.0% missing data
   2   (0.709) 0.830 0.636 0.495 0.991 0.643 
   3   (0.291) 0.170 0.364 0.505 0.009 0.357 

Locus 223 : 
2 alleles
0.8% missing data
   1   (0.948) 0.983 0.970 0.791 0.998 0.993 
   2   (0.052) 0.017 0.030 0.209 0.002 0.007 

Locus 224 : 
2 alleles
0.0% missing data
   5   (0.768) 0.785 0.849 0.424 0.884 0.865 
   1   (0.232) 0.215 0.151 0.576 0.116 0.135 

Locus 225 : 
2 alleles
0.8% missing data
   2   (0.741) 0.823 0.756 0.785 0.639 0.750 
   3   (0.259) 0.177 0.244 0.215 0.361 0.250 

Locus 226 : 
2 alleles
0.0% missing data
   3   (0.929) 0.791 0.943 0.996 0.998 0.989 
   1   (0.071) 0.209 0.057 0.004 0.002 0.011 

Values of parameters used in structure:
DATAFILE=/Users/ddayan/FRA/small_omy_projects/sf_crooked_river_2021/structure_SFGL_Omy269/project_data,	OUTFILE=/Users/ddayan/FRA/small_omy_projects/sf_crooked_river_2021/structure_SFGL_Omy269/5k10kadmcorr/Results/5k10kadmcorr_run_44,	NUMINDS=127,	NUMLOCI=226,	MISSING=-9,	LABEL=0,	POPDATA=1,	POPFLAG=0,	PHENOTYPE=0,	EXTRACOLS=0,	MAXPOPS=5,	BURNIN=5000,	NUMREPS=10000,	USEPOPINFO=0,	INFERALPHA=1,	INFERLAMBDA=0,	POPSPECIFICLAMBDA=0,	POPALPHAS=0,	COMPUTEPROB=1,	NOADMIX=0,	ADMBURNIN=2500,	UPDATEFREQ=1,	PRINTLIKES=0,	INTERMEDSAVE=0,	PRINTKLD=0,	PRINTNET=0,	PRINTLAMBDA=0,	ANCESTDIST=0,	NUMBOXES=1000,	ANCESTPINT=0.90000,	GENSBACK=2,	MIGRPRIOR=0.05000,	PRINTQHAT=0,	PRINTQSUM=0,	ALPHA=1.0000,	FREQSCORR=1,	FPRIORMEAN=0.0100,	FPRIORSD=0.0500,	ONEFST=0,	LAMBDA=1.0000,	UNIFPRIORALPHA=1,	ALPHAMAX=10.0000,	ALPHAPRIORA=1.0000,	ALPHAPRIORB=2.0000,	ALPHAPROPSD=0.0250,	STARTATPOPINFO=0,	RANDOMIZE=1,	LINKAGE=0,	METROFREQ=10,	REPORTHITRATE=0,	MARKOVPHASE=-1,	PHASED=0,	PLOIDY=2,	PHASEINFO=0	LOCPRIOR=0, 	LOCPRIORINIT=1.000000, 	LOCDATA=0, 	LOCISPOP=0, 	LOCPRIORSTEP=0.100000, 	MAXLOCPRIOR=20.000000, 	SEED=1642737252,	
[STRAT parameters]:    NUMSIMSTATS=1000,	PHENOTYPECOL=-9,	POOLFREQ=10,	LOCUSxONLY=0,	EMERROR=0.00100,	MISSINGPHENO=-9,	