

----------------------------------------------------
STRUCTURE by Pritchard, Stephens and Donnelly (2000)
     and Falush, Stephens and Pritchard (2003)
       Code by Pritchard, Falush and Hubisz
             Version 2.3.4 (Jul 2012)
----------------------------------------------------



Command line arguments:   bin/structure -m "/Users/ddayan/FRA/small_omy_projects/sf_crooked_river_2021/structure_SFGL_Omy269/5k10kadmcorr/mainparams" -e "/Users/ddayan/FRA/small_omy_projects/sf_crooked_river_2021/structure_SFGL_Omy269/5k10kadmcorr/extraparams" 
Input File:    /Users/ddayan/FRA/small_omy_projects/sf_crooked_river_2021/structure_SFGL_Omy269/project_data

Run parameters:
   127 individuals
   226 loci
   5 populations assumed
   5000 Burn-in period
   10000 Reps


--------------------------------------------
Proportion of membership of each pre-defined
 population in each of the 5 clusters

Given    Inferred Clusters                     Number of
 Pop       1      2      3      4      5      Individuals

  1:     0.003  0.003  0.002  0.004  0.988       35
  2:     0.166  0.024  0.796  0.011  0.003       17
  3:     0.471  0.256  0.008  0.207  0.059       41
  4:     0.008  0.006  0.976  0.005  0.005       34
--------------------------------------------

Allele-freq. divergence among pops (Net nucleotide distance),
computed using point estimates of P.

      1       2       3       4       5      
 1      -    0.0130  0.0329  0.0366  0.0343  
 2   0.0130     -    0.0435  0.0379  0.0411  
 3   0.0329  0.0435     -    0.0656  0.0781  
 4   0.0366  0.0379  0.0656     -    0.0587  
 5   0.0343  0.0411  0.0781  0.0587     -    

Average distances (expected heterozygosity) between individuals in same cluster:
cluster  1  : 0.3426 
cluster  2  : 0.3217 
cluster  3  : 0.3343 
cluster  4  : 0.2740 
cluster  5  : 0.2451 

--------------------------------------------
Estimated Ln Prob of Data   = -26504.8
Mean value of ln likelihood = -26144.6
Variance of ln likelihood   = 720.4
Mean value of alpha         = 0.0319

Mean value of Fst_1         = 0.0369
Mean value of Fst_2         = 0.1043
Mean value of Fst_3         = 0.1542
Mean value of Fst_4         = 0.2721
Mean value of Fst_5         = 0.2962


Inferred ancestry of individuals:
     (%Miss) Pop:  Inferred clusters
  1    (0)    1 :  0.002 0.002 0.001 0.001 0.993 
  2    (0)    1 :  0.005 0.002 0.007 0.006 0.980 
  3    (0)    1 :  0.003 0.001 0.002 0.001 0.993 
  4    (0)    1 :  0.001 0.002 0.001 0.002 0.994 
  5    (0)    1 :  0.002 0.002 0.003 0.001 0.992 
  6    (0)    1 :  0.001 0.001 0.002 0.002 0.994 
  7    (0)    1 :  0.001 0.001 0.001 0.001 0.997 
  8    (0)    1 :  0.003 0.004 0.001 0.003 0.990 
  9    (0)    1 :  0.001 0.002 0.001 0.002 0.994 
 10    (0)    1 :  0.004 0.003 0.001 0.003 0.989 
 11    (0)    1 :  0.007 0.009 0.002 0.063 0.919 
 12    (0)    1 :  0.005 0.012 0.006 0.003 0.975 
 13    (0)    1 :  0.001 0.001 0.001 0.003 0.995 
 14    (0)    1 :  0.001 0.002 0.001 0.003 0.994 
 15    (0)    1 :  0.001 0.000 0.002 0.001 0.996 
 16    (0)    1 :  0.002 0.004 0.001 0.004 0.989 
 17    (0)    1 :  0.012 0.006 0.001 0.002 0.979 
 18    (0)    1 :  0.026 0.010 0.023 0.002 0.939 
 19    (0)    1 :  0.001 0.001 0.001 0.002 0.994 
 20    (0)    1 :  0.001 0.002 0.001 0.002 0.994 
 21    (0)    1 :  0.002 0.006 0.002 0.001 0.989 
 22    (0)    1 :  0.004 0.004 0.001 0.001 0.989 
 23    (0)    1 :  0.001 0.001 0.001 0.002 0.995 
 24    (0)    1 :  0.001 0.001 0.001 0.001 0.995 
 25    (0)    1 :  0.003 0.003 0.003 0.002 0.990 
 26    (0)    1 :  0.001 0.001 0.002 0.001 0.995 
 27    (0)    1 :  0.001 0.001 0.001 0.001 0.996 
 28    (0)    1 :  0.004 0.003 0.001 0.003 0.988 
 29    (0)    1 :  0.001 0.002 0.001 0.001 0.996 
 30    (0)    1 :  0.001 0.001 0.001 0.001 0.996 
 31    (0)    1 :  0.001 0.001 0.001 0.001 0.994 
 32    (0)    1 :  0.001 0.002 0.003 0.002 0.992 
 33    (0)    1 :  0.001 0.001 0.001 0.001 0.997 
 34    (0)    1 :  0.001 0.001 0.001 0.001 0.996 
 35    (0)    1 :  0.003 0.007 0.001 0.002 0.987 
 36    (0)    2 :  0.150 0.017 0.827 0.003 0.003 
 37    (0)    2 :  0.006 0.003 0.981 0.003 0.006 
 38    (0)    3 :  0.005 0.956 0.001 0.032 0.006 
 39    (0)    3 :  0.958 0.007 0.004 0.002 0.030 
 40    (0)    3 :  0.885 0.002 0.002 0.001 0.110 
 41    (0)    3 :  0.905 0.052 0.028 0.010 0.005 
 42    (0)    3 :  0.007 0.895 0.063 0.029 0.006 
 43    (0)    2 :  0.002 0.002 0.994 0.001 0.001 
 44    (0)    2 :  0.746 0.156 0.060 0.032 0.006 
 45    (0)    2 :  0.004 0.005 0.987 0.002 0.001 
 46    (0)    2 :  0.005 0.003 0.986 0.003 0.002 
 47    (0)    2 :  0.185 0.024 0.689 0.100 0.002 
 48    (0)    2 :  0.727 0.007 0.251 0.002 0.012 
 49    (0)    2 :  0.557 0.048 0.378 0.009 0.008 
 50    (0)    2 :  0.006 0.015 0.977 0.001 0.001 
 51    (0)    2 :  0.014 0.006 0.968 0.009 0.003 
 52    (0)    3 :  0.144 0.826 0.004 0.014 0.012 
 53    (0)    3 :  0.918 0.030 0.004 0.002 0.046 
 54    (0)    3 :  0.970 0.014 0.003 0.007 0.005 
 55    (0)    3 :  0.802 0.105 0.068 0.003 0.022 
 56    (0)    3 :  0.001 0.003 0.001 0.990 0.005 
 57    (0)    3 :  0.420 0.383 0.009 0.003 0.185 
 58    (0)    3 :  0.984 0.004 0.003 0.007 0.002 
 59    (0)    3 :  0.977 0.002 0.016 0.003 0.002 
 60    (0)    3 :  0.002 0.001 0.001 0.995 0.001 
 61    (0)    3 :  0.001 0.002 0.001 0.994 0.002 
 62    (0)    3 :  0.010 0.975 0.006 0.003 0.005 
 63    (0)    3 :  0.001 0.994 0.001 0.001 0.003 
 64    (0)    3 :  0.353 0.167 0.002 0.002 0.475 
 65    (0)    3 :  0.582 0.003 0.001 0.001 0.413 
 66    (0)    3 :  0.633 0.022 0.003 0.001 0.340 
 67    (0)    3 :  0.639 0.090 0.024 0.036 0.211 
 68    (0)    3 :  0.001 0.001 0.001 0.997 0.001 
 69    (0)    3 :  0.553 0.028 0.017 0.001 0.400 
 70    (0)    3 :  0.007 0.009 0.001 0.979 0.004 
 71    (0)    3 :  0.004 0.005 0.002 0.986 0.003 
 72    (0)    3 :  0.002 0.002 0.001 0.992 0.004 
 73    (0)    3 :  0.744 0.003 0.003 0.245 0.005 
 74    (0)    3 :  0.902 0.091 0.002 0.001 0.004 
 75    (0)    3 :  0.077 0.911 0.006 0.002 0.004 
 76    (0)    3 :  0.984 0.005 0.005 0.003 0.003 
 77    (0)    3 :  0.981 0.002 0.003 0.011 0.004 
 78    (0)    3 :  0.006 0.921 0.003 0.040 0.030 
 79    (0)    3 :  0.978 0.006 0.002 0.007 0.006 
 80    (0)    3 :  0.007 0.986 0.001 0.003 0.003 
 81    (0)    3 :  0.002 0.988 0.002 0.004 0.004 
 82    (0)    3 :  0.961 0.007 0.010 0.007 0.014 
 83    (0)    3 :  0.942 0.005 0.002 0.040 0.011 
 84    (0)    3 :  0.003 0.965 0.001 0.021 0.010 
 85    (0)    3 :  0.001 0.001 0.001 0.996 0.001 
 86    (0)    3 :  0.988 0.004 0.005 0.002 0.002 
 87    (0)    3 :  0.978 0.006 0.004 0.003 0.010 
 88    (0)    2 :  0.002 0.003 0.992 0.001 0.001 
 89    (0)    2 :  0.003 0.006 0.987 0.002 0.001 
 90    (0)    2 :  0.002 0.006 0.989 0.002 0.001 
 91    (0)    2 :  0.411 0.099 0.476 0.012 0.002 
 92    (0)    2 :  0.003 0.002 0.987 0.006 0.002 
 93    (0)    2 :  0.002 0.003 0.994 0.001 0.001 
 94    (0)    4 :  0.003 0.004 0.988 0.003 0.002 
 95    (0)    4 :  0.002 0.003 0.992 0.001 0.001 
 96    (2)    4 :  0.007 0.007 0.975 0.009 0.002 
 97    (0)    4 :  0.017 0.012 0.954 0.010 0.007 
 98    (1)    4 :  0.017 0.018 0.954 0.008 0.003 
 99    (0)    4 :  0.007 0.005 0.977 0.005 0.006 
100    (1)    4 :  0.003 0.011 0.975 0.008 0.003 
101    (0)    4 :  0.009 0.010 0.976 0.001 0.003 
102    (0)    4 :  0.002 0.001 0.993 0.003 0.001 
103    (0)    4 :  0.007 0.007 0.970 0.009 0.007 
104    (1)    4 :  0.010 0.014 0.958 0.016 0.002 
105    (1)    4 :  0.001 0.002 0.995 0.001 0.001 
106    (2)    4 :  0.005 0.003 0.980 0.007 0.004 
107    (1)    4 :  0.003 0.001 0.993 0.002 0.001 
108    (0)    4 :  0.006 0.005 0.976 0.009 0.005 
109    (1)    4 :  0.006 0.006 0.964 0.002 0.022 
110    (3)    4 :  0.004 0.002 0.990 0.003 0.001 
111    (0)    4 :  0.006 0.015 0.973 0.002 0.005 
112    (1)    4 :  0.010 0.006 0.979 0.003 0.003 
113    (1)    4 :  0.003 0.001 0.992 0.003 0.001 
114    (0)    4 :  0.001 0.001 0.996 0.002 0.001 
115    (1)    4 :  0.001 0.001 0.994 0.001 0.003 
116    (1)    4 :  0.069 0.007 0.909 0.010 0.005 
117    (0)    4 :  0.008 0.001 0.975 0.002 0.014 
118    (3)    4 :  0.001 0.003 0.991 0.003 0.002 
119    (2)    4 :  0.009 0.004 0.962 0.008 0.018 
120    (2)    4 :  0.010 0.012 0.967 0.009 0.002 
121    (0)    4 :  0.014 0.006 0.960 0.004 0.016 
122    (1)    4 :  0.004 0.003 0.987 0.004 0.003 
123    (0)    4 :  0.001 0.001 0.996 0.001 0.001 
124   (15)    4 :  0.011 0.013 0.961 0.011 0.005 
125    (1)    4 :  0.006 0.007 0.973 0.005 0.009 
126    (0)    4 :  0.005 0.005 0.971 0.014 0.005 
127    (2)    4 :  0.004 0.003 0.989 0.003 0.002 


Estimated Allele Frequencies in each cluster
First column gives estimated ancestral frequencies


Locus 1 : 
2 alleles
0.0% missing data
   3   (0.931) 0.934 0.980 0.906 0.990 0.998 
   2   (0.069) 0.066 0.020 0.094 0.010 0.002 

Locus 2 : 
2 alleles
0.0% missing data
   2   (0.334) 0.314 0.520 0.366 0.048 0.171 
   3   (0.666) 0.686 0.480 0.634 0.952 0.829 

Locus 3 : 
2 alleles
0.0% missing data
   2   (0.336) 0.257 0.552 0.338 0.215 0.254 
   4   (0.664) 0.743 0.448 0.662 0.785 0.746 

Locus 4 : 
2 alleles
0.0% missing data
   1   (0.694) 0.653 0.737 0.927 0.371 0.887 
   4   (0.306) 0.347 0.263 0.073 0.629 0.113 

Locus 5 : 
2 alleles
3.1% missing data
   2   (0.809) 0.812 0.836 0.740 0.973 0.952 
   1   (0.191) 0.188 0.164 0.260 0.027 0.048 

Locus 6 : 
2 alleles
2.4% missing data
   1   (0.220) 0.212 0.176 0.193 0.034 0.383 
   3   (0.780) 0.788 0.824 0.807 0.966 0.617 

Locus 7 : 
2 alleles
0.0% missing data
   2   (0.622) 0.620 0.670 0.416 0.948 0.458 
   3   (0.378) 0.380 0.330 0.584 0.052 0.542 

Locus 8 : 
2 alleles
2.4% missing data
   1   (0.246) 0.200 0.266 0.168 0.242 0.262 
   2   (0.754) 0.800 0.734 0.832 0.758 0.738 

Locus 9 : 
2 alleles
0.8% missing data
   4   (0.961) 0.985 0.989 0.824 0.995 0.999 
   1   (0.039) 0.015 0.011 0.176 0.005 0.001 

Locus 10 : 
2 alleles
0.0% missing data
   3   (0.742) 0.677 0.915 0.519 0.652 0.991 
   2   (0.258) 0.323 0.085 0.481 0.348 0.009 

Locus 11 : 
2 alleles
0.0% missing data
   2   (0.957) 0.980 0.987 0.770 0.994 0.999 
   1   (0.043) 0.020 0.013 0.230 0.006 0.001 

Locus 12 : 
2 alleles
0.0% missing data
   1   (0.507) 0.500 0.670 0.279 0.236 0.823 
   4   (0.493) 0.500 0.330 0.721 0.764 0.177 

Locus 13 : 
2 alleles
0.8% missing data
   2   (0.702) 0.777 0.588 0.588 0.803 0.798 
   4   (0.298) 0.223 0.412 0.412 0.197 0.202 

Locus 14 : 
2 alleles
0.0% missing data
   4   (0.686) 0.742 0.706 0.578 0.541 0.801 
   2   (0.314) 0.258 0.294 0.422 0.459 0.199 

Locus 15 : 
2 alleles
0.0% missing data
   4   (0.881) 0.818 0.963 0.884 0.984 0.996 
   2   (0.119) 0.182 0.037 0.116 0.016 0.004 

Locus 16 : 
2 alleles
0.0% missing data
   1   (0.397) 0.407 0.234 0.386 0.465 0.689 
   4   (0.603) 0.593 0.766 0.614 0.535 0.311 

Locus 17 : 
2 alleles
0.0% missing data
   4   (0.906) 0.912 0.972 0.937 0.869 0.997 
   3   (0.094) 0.088 0.028 0.063 0.131 0.003 

Locus 18 : 
2 alleles
0.0% missing data
   2   (0.789) 0.834 0.695 0.786 0.971 0.785 
   3   (0.211) 0.166 0.305 0.214 0.029 0.215 

Locus 19 : 
2 alleles
0.8% missing data
   4   (0.874) 0.852 0.963 0.820 0.982 0.984 
   2   (0.126) 0.148 0.037 0.180 0.018 0.016 

Locus 20 : 
2 alleles
0.0% missing data
   2   (0.669) 0.674 0.608 0.661 0.949 0.561 
   3   (0.331) 0.326 0.392 0.339 0.051 0.439 

Locus 21 : 
2 alleles
0.8% missing data
   2   (0.353) 0.333 0.327 0.448 0.261 0.208 
   3   (0.647) 0.667 0.673 0.552 0.739 0.792 

Locus 22 : 
2 alleles
0.0% missing data
   4   (0.807) 0.862 0.877 0.726 0.706 0.872 
   2   (0.193) 0.138 0.123 0.274 0.294 0.128 

Locus 23 : 
2 alleles
2.4% missing data
   1   (0.347) 0.259 0.401 0.400 0.472 0.568 
   4   (0.653) 0.741 0.599 0.600 0.528 0.432 

Locus 24 : 
2 alleles
0.0% missing data
   3   (0.735) 0.632 0.816 0.613 0.960 0.991 
   2   (0.265) 0.368 0.184 0.387 0.040 0.009 

Locus 25 : 
2 alleles
0.0% missing data
   3   (0.708) 0.721 0.696 0.714 0.959 0.488 
   2   (0.292) 0.279 0.304 0.286 0.041 0.512 

Locus 26 : 
2 alleles
0.8% missing data
   2   (0.561) 0.460 0.646 0.552 0.936 0.724 
   4   (0.439) 0.540 0.354 0.448 0.064 0.276 

Locus 27 : 
2 alleles
1.6% missing data
   1   (0.584) 0.605 0.644 0.629 0.189 0.749 
   4   (0.416) 0.395 0.356 0.371 0.811 0.251 

Locus 28 : 
2 alleles
3.9% missing data
   3   (0.522) 0.532 0.485 0.659 0.286 0.584 
   2   (0.478) 0.468 0.515 0.341 0.714 0.416 

Locus 29 : 
2 alleles
0.0% missing data
   4   (0.194) 0.148 0.060 0.352 0.352 0.435 
   1   (0.806) 0.852 0.940 0.648 0.648 0.565 

Locus 30 : 
2 alleles
0.0% missing data
   1   (0.424) 0.406 0.359 0.462 0.499 0.571 
   4   (0.576) 0.594 0.641 0.538 0.501 0.429 

Locus 31 : 
2 alleles
3.1% missing data
   2   (0.292) 0.293 0.269 0.301 0.046 0.499 
   4   (0.708) 0.707 0.731 0.699 0.954 0.501 

Locus 32 : 
2 alleles
0.0% missing data
   4   (0.523) 0.441 0.703 0.661 0.341 0.646 
   3   (0.477) 0.559 0.297 0.339 0.659 0.354 

Locus 33 : 
2 alleles
0.8% missing data
   2   (0.524) 0.472 0.647 0.617 0.436 0.569 
   3   (0.476) 0.528 0.353 0.383 0.564 0.431 

Locus 34 : 
2 alleles
0.0% missing data
   3   (0.495) 0.470 0.508 0.566 0.449 0.606 
   2   (0.505) 0.530 0.492 0.434 0.551 0.394 

Locus 35 : 
2 alleles
0.0% missing data
   4   (0.657) 0.627 0.474 0.795 0.694 0.988 
   1   (0.343) 0.373 0.526 0.205 0.306 0.012 

Locus 36 : 
2 alleles
0.0% missing data
   4   (0.641) 0.632 0.655 0.417 0.949 0.787 
   1   (0.359) 0.368 0.345 0.583 0.051 0.213 

Locus 37 : 
2 alleles
0.8% missing data
   2   (0.557) 0.502 0.674 0.448 0.728 0.814 
   3   (0.443) 0.498 0.326 0.552 0.272 0.186 

Locus 38 : 
2 alleles
0.8% missing data
   1   (0.915) 0.898 0.972 0.989 0.786 0.997 
   2   (0.085) 0.102 0.028 0.011 0.214 0.003 

Locus 39 : 
2 alleles
1.6% missing data
   2   (0.600) 0.620 0.594 0.344 0.520 0.963 
   4   (0.400) 0.380 0.406 0.656 0.480 0.037 

Locus 40 : 
2 alleles
0.0% missing data
   1   (0.395) 0.365 0.165 0.816 0.493 0.396 
   4   (0.605) 0.635 0.835 0.184 0.507 0.604 

Locus 41 : 
2 alleles
0.0% missing data
   2   (0.906) 0.944 0.971 0.622 0.986 0.934 
   1   (0.094) 0.056 0.029 0.378 0.014 0.066 

Locus 42 : 
2 alleles
0.0% missing data
   2   (0.531) 0.489 0.624 0.606 0.520 0.527 
   4   (0.469) 0.511 0.376 0.394 0.480 0.473 

Locus 43 : 
2 alleles
0.0% missing data
   2   (0.407) 0.338 0.392 0.682 0.435 0.370 
   4   (0.593) 0.662 0.608 0.318 0.565 0.630 

Locus 44 : 
3 alleles
1.6% missing data
   3   (0.847) 0.876 0.895 0.917 0.979 0.837 
   2   (0.119) 0.085 0.095 0.080 0.017 0.162 
   0   (0.034) 0.039 0.010 0.003 0.005 0.001 

Locus 45 : 
2 alleles
0.0% missing data
   1   (0.800) 0.783 0.779 0.789 0.969 0.984 
   2   (0.200) 0.217 0.221 0.211 0.031 0.016 

Locus 46 : 
2 alleles
0.0% missing data
   4   (0.888) 0.936 0.797 0.955 0.779 0.996 
   2   (0.112) 0.064 0.203 0.045 0.221 0.004 

Locus 47 : 
2 alleles
0.0% missing data
   2   (0.886) 0.954 0.809 0.950 0.716 0.958 
   1   (0.114) 0.046 0.191 0.050 0.284 0.042 

Locus 48 : 
2 alleles
1.6% missing data
   2   (0.565) 0.526 0.672 0.522 0.840 0.429 
   4   (0.435) 0.474 0.328 0.478 0.160 0.571 

Locus 49 : 
2 alleles
0.0% missing data
   1   (0.738) 0.792 0.693 0.650 0.794 0.915 
   2   (0.262) 0.208 0.307 0.350 0.206 0.085 

Locus 50 : 
2 alleles
0.0% missing data
   4   (0.727) 0.758 0.849 0.738 0.633 0.439 
   1   (0.273) 0.242 0.151 0.262 0.367 0.561 

Locus 51 : 
2 alleles
0.0% missing data
   3   (0.518) 0.575 0.257 0.669 0.554 0.568 
   2   (0.482) 0.425 0.743 0.331 0.446 0.432 

Locus 52 : 
2 alleles
0.8% missing data
   4   (0.913) 0.941 0.897 0.877 0.989 0.997 
   2   (0.087) 0.059 0.103 0.123 0.011 0.003 

Locus 53 : 
2 alleles
0.0% missing data
   4   (0.928) 0.971 0.979 0.627 0.737 0.998 
   2   (0.072) 0.029 0.021 0.373 0.263 0.002 

Locus 54 : 
2 alleles
3.1% missing data
   3   (0.589) 0.598 0.429 0.707 0.664 0.836 
   4   (0.411) 0.402 0.571 0.293 0.336 0.164 

Locus 55 : 
2 alleles
0.0% missing data
   2   (0.608) 0.584 0.584 0.775 0.778 0.594 
   1   (0.392) 0.416 0.416 0.225 0.222 0.406 

Locus 56 : 
3 alleles
2.4% missing data
   1   (0.783) 0.773 0.934 0.730 0.611 0.993 
   0   (0.084) 0.088 0.025 0.023 0.116 0.003 
   4   (0.134) 0.139 0.041 0.247 0.273 0.004 

Locus 57 : 
2 alleles
0.0% missing data
   4   (0.897) 0.887 0.969 0.648 0.985 0.997 
   1   (0.103) 0.113 0.031 0.352 0.015 0.003 

Locus 58 : 
2 alleles
0.0% missing data
   4   (0.870) 0.857 0.835 0.970 0.981 0.985 
   2   (0.130) 0.143 0.165 0.030 0.019 0.015 

Locus 59 : 
2 alleles
0.0% missing data
   3   (0.864) 0.882 0.858 0.953 0.982 0.891 
   2   (0.136) 0.118 0.142 0.047 0.018 0.109 

Locus 60 : 
2 alleles
0.0% missing data
   4   (0.750) 0.712 0.825 0.681 0.759 0.991 
   2   (0.250) 0.288 0.175 0.319 0.241 0.009 

Locus 61 : 
2 alleles
0.0% missing data
   4   (0.876) 0.928 0.856 0.777 0.829 0.996 
   2   (0.124) 0.072 0.144 0.223 0.171 0.004 

Locus 62 : 
2 alleles
0.0% missing data
   2   (0.751) 0.720 0.878 0.465 0.965 0.913 
   1   (0.249) 0.280 0.122 0.535 0.035 0.087 

Locus 63 : 
2 alleles
0.0% missing data
   2   (0.417) 0.381 0.455 0.219 0.713 0.640 
   1   (0.583) 0.619 0.545 0.781 0.287 0.360 

Locus 64 : 
2 alleles
0.0% missing data
   4   (0.822) 0.845 0.807 0.842 0.767 0.994 
   2   (0.178) 0.155 0.193 0.158 0.233 0.006 

Locus 65 : 
2 alleles
0.8% missing data
   1   (0.883) 0.879 0.939 0.744 0.980 0.996 
   4   (0.117) 0.121 0.061 0.256 0.020 0.004 

Locus 66 : 
3 alleles
1.6% missing data
   3   (0.609) 0.658 0.537 0.691 0.534 0.662 
   2   (0.360) 0.330 0.454 0.265 0.462 0.337 
   0   (0.031) 0.012 0.009 0.044 0.004 0.001 

Locus 67 : 
2 alleles
0.0% missing data
   1   (0.123) 0.067 0.156 0.039 0.235 0.030 
   3   (0.877) 0.933 0.844 0.961 0.765 0.970 

Locus 68 : 
2 alleles
0.0% missing data
   2   (0.516) 0.539 0.628 0.332 0.179 0.740 
   3   (0.484) 0.461 0.372 0.668 0.821 0.260 

Locus 69 : 
2 alleles
0.0% missing data
   4   (0.790) 0.833 0.804 0.507 0.692 0.993 
   2   (0.210) 0.167 0.196 0.493 0.308 0.007 

Locus 70 : 
3 alleles
0.0% missing data
   1   (0.346) 0.397 0.297 0.028 0.808 0.701 
   3   (0.617) 0.586 0.690 0.970 0.187 0.148 
   0   (0.037) 0.016 0.013 0.002 0.005 0.151 

Locus 71 : 
2 alleles
3.1% missing data
   2   (0.556) 0.532 0.652 0.744 0.506 0.215 
   4   (0.444) 0.468 0.348 0.256 0.494 0.785 

Locus 72 : 
2 alleles
1.6% missing data
   3   (0.538) 0.481 0.631 0.703 0.322 0.713 
   1   (0.462) 0.519 0.369 0.297 0.678 0.287 

Locus 73 : 
2 alleles
0.0% missing data
   1   (0.313) 0.277 0.188 0.352 0.490 0.538 
   2   (0.687) 0.723 0.812 0.648 0.510 0.462 

Locus 74 : 
2 alleles
1.6% missing data
   2   (0.818) 0.749 0.854 0.938 0.973 0.983 
   3   (0.182) 0.251 0.146 0.062 0.027 0.017 

Locus 75 : 
2 alleles
0.0% missing data
   3   (0.487) 0.511 0.338 0.661 0.164 0.791 
   1   (0.513) 0.489 0.662 0.339 0.836 0.209 

Locus 76 : 
2 alleles
0.0% missing data
   2   (0.440) 0.467 0.265 0.181 0.657 0.926 
   1   (0.560) 0.533 0.735 0.819 0.343 0.074 

Locus 77 : 
2 alleles
0.0% missing data
   4   (0.308) 0.271 0.434 0.101 0.304 0.481 
   1   (0.692) 0.729 0.566 0.899 0.696 0.519 

Locus 78 : 
2 alleles
0.0% missing data
   3   (0.715) 0.703 0.630 0.825 0.524 0.990 
   2   (0.285) 0.297 0.370 0.175 0.476 0.010 

Locus 79 : 
2 alleles
0.0% missing data
   2   (0.569) 0.536 0.587 0.522 0.840 0.718 
   3   (0.431) 0.464 0.413 0.478 0.160 0.282 

Locus 80 : 
2 alleles
0.0% missing data
   4   (0.807) 0.854 0.869 0.785 0.703 0.872 
   2   (0.193) 0.146 0.131 0.215 0.297 0.128 

Locus 81 : 
2 alleles
0.0% missing data
   3   (0.484) 0.572 0.405 0.581 0.071 0.340 
   2   (0.516) 0.428 0.595 0.419 0.929 0.660 

Locus 82 : 
2 alleles
0.0% missing data
   2   (0.749) 0.729 0.920 0.689 0.748 0.721 
   3   (0.251) 0.271 0.080 0.311 0.252 0.279 

Locus 83 : 
2 alleles
0.0% missing data
   3   (0.725) 0.736 0.750 0.468 0.960 0.882 
   2   (0.275) 0.264 0.250 0.532 0.040 0.118 

Locus 84 : 
2 alleles
0.0% missing data
   3   (0.539) 0.591 0.593 0.412 0.297 0.438 
   2   (0.461) 0.409 0.407 0.588 0.703 0.562 

Locus 85 : 
2 alleles
0.0% missing data
   3   (0.761) 0.720 0.921 0.818 0.625 0.876 
   4   (0.239) 0.280 0.079 0.182 0.375 0.124 

Locus 86 : 
2 alleles
0.0% missing data
   3   (0.528) 0.522 0.556 0.848 0.078 0.446 
   2   (0.472) 0.478 0.444 0.152 0.922 0.554 

Locus 87 : 
3 alleles
4.7% missing data
   1   (0.549) 0.597 0.545 0.429 0.495 0.711 
   4   (0.419) 0.381 0.444 0.559 0.486 0.288 
   0   (0.033) 0.022 0.012 0.012 0.019 0.001 

Locus 88 : 
2 alleles
1.6% missing data
   3   (0.810) 0.805 0.761 0.672 0.974 0.994 
   1   (0.190) 0.195 0.239 0.328 0.026 0.006 

Locus 89 : 
2 alleles
0.0% missing data
   1   (0.557) 0.511 0.695 0.423 0.489 0.894 
   4   (0.443) 0.489 0.305 0.577 0.511 0.106 

Locus 90 : 
2 alleles
0.8% missing data
   3   (0.754) 0.850 0.724 0.600 0.544 0.761 
   2   (0.246) 0.150 0.276 0.400 0.456 0.239 

Locus 91 : 
2 alleles
0.0% missing data
   2   (0.702) 0.780 0.546 0.720 0.750 0.692 
   4   (0.298) 0.220 0.454 0.280 0.250 0.308 

Locus 92 : 
2 alleles
0.0% missing data
   2   (0.771) 0.811 0.768 0.736 0.747 0.956 
   4   (0.229) 0.189 0.232 0.264 0.253 0.044 

Locus 93 : 
2 alleles
0.0% missing data
   4   (0.903) 0.902 0.943 0.877 0.986 0.997 
   1   (0.097) 0.098 0.057 0.123 0.014 0.003 

Locus 94 : 
2 alleles
0.0% missing data
   3   (0.787) 0.805 0.734 0.874 0.967 0.748 
   1   (0.213) 0.195 0.266 0.126 0.033 0.252 

Locus 95 : 
2 alleles
0.0% missing data
   1   (0.058) 0.061 0.017 0.003 0.008 0.069 
   3   (0.942) 0.939 0.983 0.997 0.992 0.931 

Locus 96 : 
2 alleles
0.0% missing data
   3   (0.575) 0.644 0.401 0.486 0.531 0.801 
   2   (0.425) 0.356 0.599 0.514 0.469 0.199 

Locus 97 : 
2 alleles
0.0% missing data
   2   (0.729) 0.703 0.763 0.636 0.752 0.991 
   1   (0.271) 0.297 0.237 0.364 0.248 0.009 

Locus 98 : 
2 alleles
0.0% missing data
   4   (0.765) 0.761 0.654 0.612 0.965 0.992 
   2   (0.235) 0.239 0.346 0.388 0.035 0.008 

Locus 99 : 
2 alleles
0.8% missing data
   4   (0.844) 0.844 0.949 0.622 0.754 0.995 
   1   (0.156) 0.156 0.051 0.378 0.246 0.005 

Locus 100 : 
2 alleles
0.8% missing data
   3   (0.431) 0.372 0.515 0.507 0.661 0.210 
   2   (0.569) 0.628 0.485 0.493 0.339 0.790 

Locus 101 : 
3 alleles
0.0% missing data
   4   (0.487) 0.570 0.587 0.089 0.506 0.433 
   2   (0.434) 0.333 0.357 0.907 0.483 0.539 
   0   (0.079) 0.097 0.056 0.004 0.011 0.029 

Locus 102 : 
2 alleles
2.4% missing data
   2   (0.756) 0.740 0.822 0.894 0.693 0.899 
   4   (0.244) 0.260 0.178 0.106 0.307 0.101 

Locus 103 : 
3 alleles
0.0% missing data
   4   (0.110) 0.100 0.051 0.025 0.016 0.525 
   2   (0.792) 0.718 0.867 0.969 0.967 0.472 
   0   (0.098) 0.182 0.082 0.006 0.017 0.003 

Locus 104 : 
2 alleles
0.0% missing data
   3   (0.305) 0.264 0.394 0.178 0.146 0.564 
   2   (0.695) 0.736 0.606 0.822 0.854 0.436 

Locus 105 : 
2 alleles
0.0% missing data
   4   (0.491) 0.522 0.464 0.418 0.499 0.413 
   1   (0.509) 0.478 0.536 0.582 0.501 0.587 

Locus 106 : 
2 alleles
0.0% missing data
   1   (0.156) 0.108 0.180 0.180 0.021 0.174 
   2   (0.844) 0.892 0.820 0.820 0.979 0.826 

Locus 107 : 
2 alleles
0.0% missing data
   1   (0.594) 0.654 0.535 0.481 0.393 0.793 
   4   (0.406) 0.346 0.465 0.519 0.607 0.207 

Locus 108 : 
2 alleles
0.0% missing data
   2   (0.752) 0.787 0.711 0.826 0.689 0.928 
   4   (0.248) 0.213 0.289 0.174 0.311 0.072 

Locus 109 : 
2 alleles
0.0% missing data
   3   (0.800) 0.788 0.902 0.795 0.812 0.966 
   2   (0.200) 0.212 0.098 0.205 0.188 0.034 

Locus 110 : 
2 alleles
0.0% missing data
   2   (0.935) 0.975 0.848 0.917 0.990 0.998 
   1   (0.065) 0.025 0.152 0.083 0.010 0.002 

Locus 111 : 
2 alleles
0.0% missing data
   1   (0.859) 0.797 0.954 0.734 0.980 0.995 
   2   (0.141) 0.203 0.046 0.266 0.020 0.005 

Locus 112 : 
2 alleles
7.1% missing data
   3   (0.843) 0.887 0.751 0.876 0.764 0.994 
   2   (0.157) 0.113 0.249 0.124 0.236 0.006 

Locus 113 : 
2 alleles
0.0% missing data
   2   (0.658) 0.577 0.601 0.868 0.950 0.743 
   3   (0.342) 0.423 0.399 0.132 0.050 0.257 

Locus 114 : 
2 alleles
0.0% missing data
   4   (0.713) 0.698 0.710 0.703 0.958 0.805 
   2   (0.287) 0.302 0.290 0.297 0.042 0.195 

Locus 115 : 
2 alleles
0.0% missing data
   3   (0.460) 0.416 0.493 0.535 0.650 0.343 
   2   (0.540) 0.584 0.507 0.465 0.350 0.657 

Locus 116 : 
2 alleles
0.0% missing data
   4   (0.453) 0.459 0.269 0.574 0.493 0.690 
   3   (0.547) 0.541 0.731 0.426 0.507 0.310 

Locus 117 : 
2 alleles
0.0% missing data
   2   (0.883) 0.883 0.887 0.896 0.984 0.995 
   3   (0.117) 0.117 0.113 0.104 0.016 0.005 

Locus 118 : 
2 alleles
0.0% missing data
   2   (0.903) 0.870 0.969 0.913 0.987 0.997 
   1   (0.097) 0.130 0.031 0.087 0.013 0.003 

Locus 119 : 
3 alleles
0.0% missing data
   2   (0.912) 0.967 0.974 0.917 0.579 0.971 
   0   (0.029) 0.011 0.009 0.002 0.004 0.027 
   3   (0.059) 0.022 0.017 0.082 0.417 0.002 

Locus 120 : 
2 alleles
0.0% missing data
   1   (0.927) 0.920 0.971 0.958 0.988 0.997 
   2   (0.073) 0.080 0.029 0.042 0.012 0.003 

Locus 121 : 
2 alleles
0.0% missing data
   3   (0.716) 0.714 0.755 0.826 0.845 0.658 
   4   (0.284) 0.286 0.245 0.174 0.155 0.342 

Locus 122 : 
2 alleles
0.0% missing data
   1   (0.965) 0.984 0.988 0.998 0.996 0.899 
   0   (0.035) 0.016 0.012 0.002 0.004 0.101 

Locus 123 : 
3 alleles
1.6% missing data
   2   (0.709) 0.729 0.852 0.339 0.844 0.914 
   3   (0.260) 0.259 0.140 0.660 0.152 0.032 
   0   (0.031) 0.011 0.009 0.002 0.004 0.054 

Locus 124 : 
2 alleles
0.8% missing data
   1   (0.827) 0.766 0.906 0.752 0.975 0.994 
   3   (0.173) 0.234 0.094 0.248 0.025 0.006 

Locus 125 : 
2 alleles
0.0% missing data
   1   (0.912) 0.960 0.742 0.989 0.568 0.997 
   2   (0.088) 0.040 0.258 0.011 0.432 0.003 

Locus 126 : 
2 alleles
0.0% missing data
   4   (0.226) 0.143 0.252 0.316 0.295 0.243 
   2   (0.774) 0.857 0.748 0.684 0.705 0.757 

Locus 127 : 
2 alleles
0.0% missing data
   3   (0.689) 0.742 0.609 0.388 0.535 0.989 
   2   (0.311) 0.258 0.391 0.612 0.465 0.011 

Locus 128 : 
2 alleles
0.8% missing data
   3   (0.782) 0.811 0.740 0.948 0.667 0.797 
   2   (0.218) 0.189 0.260 0.052 0.333 0.203 

Locus 129 : 
2 alleles
0.8% missing data
   1   (0.765) 0.757 0.652 0.928 0.768 0.979 
   3   (0.235) 0.243 0.348 0.072 0.232 0.021 

Locus 130 : 
2 alleles
0.0% missing data
   3   (0.881) 0.849 0.932 0.930 0.981 0.996 
   2   (0.119) 0.151 0.068 0.070 0.019 0.004 

Locus 131 : 
2 alleles
0.0% missing data
   4   (0.651) 0.660 0.630 0.893 0.582 0.330 
   1   (0.349) 0.340 0.370 0.107 0.418 0.670 

Locus 132 : 
2 alleles
0.0% missing data
   2   (0.798) 0.782 0.761 0.907 0.823 0.994 
   4   (0.202) 0.218 0.239 0.093 0.177 0.006 

Locus 133 : 
2 alleles
0.0% missing data
   3   (0.477) 0.489 0.493 0.523 0.068 0.842 
   2   (0.523) 0.511 0.507 0.477 0.932 0.158 

Locus 134 : 
2 alleles
0.8% missing data
   3   (0.785) 0.715 0.933 0.665 0.968 0.910 
   2   (0.215) 0.285 0.067 0.335 0.032 0.090 

Locus 135 : 
2 alleles
0.0% missing data
   3   (0.628) 0.679 0.507 0.598 0.524 0.897 
   2   (0.372) 0.321 0.493 0.402 0.476 0.103 

Locus 136 : 
2 alleles
0.0% missing data
   4   (0.899) 0.922 0.943 0.555 0.985 0.996 
   2   (0.101) 0.078 0.057 0.445 0.015 0.004 

Locus 137 : 
2 alleles
0.0% missing data
   2   (0.933) 0.911 0.969 0.988 0.990 0.997 
   3   (0.067) 0.089 0.031 0.012 0.010 0.003 

Locus 138 : 
2 alleles
0.8% missing data
   1   (0.670) 0.668 0.723 0.813 0.689 0.491 
   3   (0.330) 0.332 0.277 0.187 0.311 0.509 

Locus 139 : 
2 alleles
0.8% missing data
   2   (0.646) 0.746 0.604 0.517 0.459 0.406 
   3   (0.354) 0.254 0.396 0.483 0.541 0.594 

Locus 140 : 
2 alleles
0.0% missing data
   4   (0.690) 0.645 0.770 0.826 0.633 0.910 
   3   (0.310) 0.355 0.230 0.174 0.367 0.090 

Locus 141 : 
2 alleles
0.0% missing data
   1   (0.713) 0.763 0.739 0.617 0.699 0.770 
   4   (0.287) 0.237 0.261 0.383 0.301 0.230 

Locus 142 : 
2 alleles
0.0% missing data
   3   (0.633) 0.624 0.652 0.871 0.355 0.597 
   2   (0.367) 0.376 0.348 0.129 0.645 0.403 

Locus 143 : 
2 alleles
0.0% missing data
   2   (0.931) 0.947 0.949 0.966 0.991 0.997 
   3   (0.069) 0.053 0.051 0.034 0.009 0.003 

Locus 144 : 
3 alleles
0.8% missing data
   4   (0.604) 0.606 0.581 0.461 0.718 0.943 
   1   (0.367) 0.383 0.411 0.537 0.278 0.031 
   0   (0.029) 0.011 0.008 0.002 0.004 0.027 

Locus 145 : 
2 alleles
0.0% missing data
   1   (0.174) 0.169 0.201 0.050 0.024 0.276 
   3   (0.826) 0.831 0.799 0.950 0.976 0.724 

Locus 146 : 
2 alleles
0.0% missing data
   4   (0.919) 0.918 0.969 0.876 0.988 0.997 
   1   (0.081) 0.082 0.031 0.124 0.012 0.003 

Locus 147 : 
2 alleles
0.8% missing data
   1   (0.370) 0.358 0.388 0.186 0.539 0.404 
   4   (0.630) 0.642 0.612 0.814 0.461 0.596 

Locus 148 : 
2 alleles
0.0% missing data
   3   (0.730) 0.709 0.677 0.984 0.330 0.606 
   1   (0.270) 0.291 0.323 0.016 0.670 0.394 

Locus 149 : 
3 alleles
1.6% missing data
   2   (0.503) 0.561 0.536 0.440 0.186 0.588 
   3   (0.445) 0.395 0.447 0.536 0.807 0.410 
   0   (0.052) 0.045 0.017 0.024 0.007 0.003 

Locus 150 : 
2 alleles
0.0% missing data
   1   (0.700) 0.620 0.738 0.804 0.956 0.902 
   4   (0.300) 0.380 0.262 0.196 0.044 0.098 

Locus 151 : 
2 alleles
0.0% missing data
   3   (0.724) 0.681 0.767 0.888 0.961 0.405 
   2   (0.276) 0.319 0.233 0.112 0.039 0.595 

Locus 152 : 
2 alleles
0.0% missing data
   4   (0.921) 0.925 0.934 0.995 0.829 0.997 
   2   (0.079) 0.075 0.066 0.005 0.171 0.003 

Locus 153 : 
2 alleles
0.0% missing data
   1   (0.649) 0.719 0.597 0.498 0.656 0.682 
   4   (0.351) 0.281 0.403 0.502 0.344 0.318 

Locus 154 : 
2 alleles
0.8% missing data
   1   (0.538) 0.576 0.673 0.107 0.504 0.894 
   3   (0.462) 0.424 0.327 0.893 0.496 0.106 

Locus 155 : 
2 alleles
0.0% missing data
   3   (0.550) 0.447 0.639 0.636 0.767 0.849 
   4   (0.450) 0.553 0.361 0.364 0.233 0.151 

Locus 156 : 
2 alleles
0.8% missing data
   1   (0.813) 0.838 0.917 0.214 0.974 0.972 
   2   (0.187) 0.162 0.083 0.786 0.026 0.028 

Locus 157 : 
2 alleles
0.0% missing data
   4   (0.577) 0.598 0.506 0.557 0.664 0.751 
   2   (0.423) 0.402 0.494 0.443 0.336 0.249 

Locus 158 : 
2 alleles
0.8% missing data
   1   (0.699) 0.668 0.698 0.900 0.803 0.755 
   2   (0.301) 0.332 0.302 0.100 0.197 0.245 

Locus 159 : 
3 alleles
0.8% missing data
   2   (0.832) 0.854 0.899 0.518 0.976 0.861 
   0   (0.072) 0.053 0.072 0.004 0.011 0.136 
   3   (0.095) 0.093 0.028 0.478 0.013 0.003 

Locus 160 : 
3 alleles
0.0% missing data
   1   (0.451) 0.514 0.452 0.182 0.477 0.469 
   3   (0.518) 0.474 0.474 0.816 0.518 0.530 
   0   (0.031) 0.012 0.074 0.002 0.005 0.001 

Locus 161 : 
2 alleles
0.8% missing data
   1   (0.515) 0.549 0.542 0.535 0.181 0.513 
   4   (0.485) 0.451 0.458 0.465 0.819 0.487 

Locus 162 : 
3 alleles
3.1% missing data
   1   (0.901) 0.899 0.971 0.936 0.986 0.997 
   0   (0.069) 0.090 0.021 0.041 0.010 0.002 
   2   (0.029) 0.011 0.009 0.023 0.004 0.001 

Locus 163 : 
2 alleles
0.0% missing data
   2   (0.878) 0.913 0.954 0.656 0.981 0.854 
   3   (0.122) 0.087 0.046 0.344 0.019 0.146 

Locus 164 : 
3 alleles
0.8% missing data
   4   (0.872) 0.908 0.960 0.856 0.982 0.810 
   1   (0.099) 0.081 0.031 0.122 0.014 0.189 
   0   (0.029) 0.011 0.010 0.022 0.004 0.001 

Locus 165 : 
2 alleles
0.0% missing data
   4   (0.803) 0.812 0.939 0.681 0.859 0.832 
   1   (0.197) 0.188 0.061 0.319 0.141 0.168 

Locus 166 : 
2 alleles
0.8% missing data
   2   (0.866) 0.872 0.958 0.502 0.978 0.985 
   3   (0.134) 0.128 0.042 0.498 0.022 0.015 

Locus 167 : 
2 alleles
0.0% missing data
   2   (0.658) 0.745 0.708 0.242 0.647 0.759 
   3   (0.342) 0.255 0.292 0.758 0.353 0.241 

Locus 168 : 
2 alleles
0.0% missing data
   3   (0.744) 0.810 0.596 0.784 0.753 0.910 
   2   (0.256) 0.190 0.404 0.216 0.247 0.090 

Locus 169 : 
3 alleles
2.4% missing data
   4   (0.403) 0.525 0.309 0.149 0.165 0.559 
   3   (0.542) 0.428 0.675 0.848 0.828 0.387 
   0   (0.054) 0.047 0.016 0.003 0.007 0.054 

Locus 170 : 
2 alleles
0.0% missing data
   1   (0.755) 0.815 0.853 0.690 0.532 0.550 
   3   (0.245) 0.185 0.147 0.310 0.468 0.450 

Locus 171 : 
3 alleles
3.1% missing data
   2   (0.826) 0.880 0.882 0.652 0.974 0.956 
   3   (0.142) 0.108 0.109 0.303 0.021 0.043 
   0   (0.032) 0.012 0.009 0.045 0.004 0.001 

Locus 172 : 
2 alleles
0.0% missing data
   4   (0.718) 0.679 0.817 0.725 0.957 0.610 
   1   (0.282) 0.321 0.183 0.275 0.043 0.390 

Locus 173 : 
2 alleles
0.0% missing data
   2   (0.775) 0.790 0.928 0.780 0.542 0.535 
   3   (0.225) 0.210 0.072 0.220 0.458 0.465 

Locus 174 : 
2 alleles
0.0% missing data
   4   (0.732) 0.743 0.803 0.699 0.845 0.811 
   1   (0.268) 0.257 0.197 0.301 0.155 0.189 

Locus 175 : 
2 alleles
0.0% missing data
   2   (0.735) 0.803 0.681 0.626 0.865 0.766 
   4   (0.265) 0.197 0.319 0.374 0.135 0.234 

Locus 176 : 
2 alleles
0.8% missing data
   4   (0.952) 0.931 0.980 0.997 0.993 0.998 
   1   (0.048) 0.069 0.020 0.003 0.007 0.002 

Locus 177 : 
2 alleles
0.0% missing data
   3   (0.490) 0.446 0.417 0.690 0.653 0.538 
   2   (0.510) 0.554 0.583 0.310 0.347 0.462 

Locus 178 : 
3 alleles
2.4% missing data
   3   (0.615) 0.647 0.464 0.825 0.630 0.651 
   2   (0.358) 0.343 0.528 0.173 0.269 0.349 
   0   (0.027) 0.010 0.008 0.002 0.102 0.001 

Locus 179 : 
2 alleles
0.0% missing data
   3   (0.901) 0.916 0.967 0.843 0.986 0.968 
   2   (0.099) 0.084 0.033 0.157 0.014 0.032 

Locus 180 : 
3 alleles
1.6% missing data
   3   (0.543) 0.571 0.628 0.175 0.674 0.797 
   2   (0.410) 0.356 0.358 0.823 0.319 0.202 
   0   (0.047) 0.073 0.015 0.003 0.006 0.001 

Locus 181 : 
2 alleles
0.0% missing data
   2   (0.728) 0.715 0.821 0.557 0.960 0.746 
   1   (0.272) 0.285 0.179 0.443 0.040 0.254 

Locus 182 : 
2 alleles
1.6% missing data
   4   (0.791) 0.830 0.782 0.916 0.869 0.534 
   2   (0.209) 0.170 0.218 0.084 0.131 0.466 

Locus 183 : 
2 alleles
0.0% missing data
   4   (0.899) 0.949 0.773 0.976 0.985 0.905 
   2   (0.101) 0.051 0.227 0.024 0.015 0.095 

Locus 184 : 
2 alleles
0.0% missing data
   2   (0.888) 0.904 0.964 0.965 0.778 0.972 
   3   (0.112) 0.096 0.036 0.035 0.222 0.028 

Locus 185 : 
2 alleles
0.0% missing data
   2   (0.809) 0.913 0.687 0.726 0.560 0.811 
   3   (0.191) 0.087 0.313 0.274 0.440 0.189 

Locus 186 : 
2 alleles
0.0% missing data
   2   (0.906) 0.927 0.875 0.995 0.987 0.639 
   3   (0.094) 0.073 0.125 0.005 0.013 0.361 

Locus 187 : 
2 alleles
0.0% missing data
   3   (0.903) 0.949 0.943 0.968 0.774 0.958 
   2   (0.097) 0.051 0.057 0.032 0.226 0.042 

Locus 188 : 
2 alleles
2.4% missing data
   2   (0.744) 0.745 0.823 0.568 0.965 0.742 
   3   (0.256) 0.255 0.177 0.432 0.035 0.258 

Locus 189 : 
3 alleles
3.1% missing data
   3   (0.644) 0.641 0.824 0.592 0.744 0.497 
   1   (0.304) 0.314 0.159 0.361 0.248 0.501 
   0   (0.052) 0.045 0.018 0.047 0.007 0.002 

Locus 190 : 
2 alleles
0.0% missing data
   1   (0.871) 0.847 0.853 0.954 0.982 0.995 
   5   (0.129) 0.153 0.147 0.046 0.018 0.005 

Locus 191 : 
2 alleles
0.0% missing data
   1   (0.799) 0.784 0.727 0.989 0.826 0.677 
   5   (0.201) 0.216 0.273 0.011 0.174 0.323 

Locus 192 : 
2 alleles
0.0% missing data
   2   (0.576) 0.599 0.635 0.511 0.241 0.792 
   1   (0.424) 0.401 0.365 0.489 0.759 0.208 

Locus 193 : 
2 alleles
2.4% missing data
   1   (0.934) 0.940 0.981 0.905 0.991 0.998 
   4   (0.066) 0.060 0.019 0.095 0.009 0.002 

Locus 194 : 
2 alleles
0.0% missing data
   3   (0.773) 0.727 0.788 0.680 0.967 0.992 
   2   (0.227) 0.273 0.212 0.320 0.033 0.008 

Locus 195 : 
2 alleles
6.3% missing data
   4   (0.562) 0.466 0.616 0.472 0.674 0.985 
   1   (0.438) 0.534 0.384 0.528 0.326 0.015 

Locus 196 : 
2 alleles
0.8% missing data
   3   (0.888) 0.865 0.964 0.975 0.984 0.771 
   2   (0.112) 0.135 0.036 0.025 0.016 0.229 

Locus 197 : 
2 alleles
0.8% missing data
   3   (0.675) 0.715 0.542 0.766 0.796 0.749 
   4   (0.325) 0.285 0.458 0.234 0.204 0.251 

Locus 198 : 
2 alleles
0.0% missing data
   1   (0.966) 0.987 0.990 0.897 0.995 0.999 
   2   (0.034) 0.013 0.010 0.103 0.005 0.001 

Locus 199 : 
2 alleles
0.0% missing data
   2   (0.852) 0.833 0.930 0.558 0.980 0.995 
   3   (0.148) 0.167 0.070 0.442 0.020 0.005 

Locus 200 : 
2 alleles
0.0% missing data
   2   (0.511) 0.471 0.642 0.493 0.431 0.605 
   4   (0.489) 0.529 0.358 0.507 0.569 0.395 

Locus 201 : 
2 alleles
0.8% missing data
   2   (0.689) 0.643 0.710 0.340 0.953 0.989 
   1   (0.311) 0.357 0.290 0.660 0.047 0.011 

Locus 202 : 
2 alleles
0.0% missing data
   1   (0.910) 0.922 0.969 0.995 0.820 0.748 
   3   (0.090) 0.078 0.031 0.005 0.180 0.252 

Locus 203 : 
2 alleles
0.8% missing data
   2   (0.711) 0.721 0.560 0.766 0.584 0.991 
   1   (0.289) 0.279 0.440 0.234 0.416 0.009 

Locus 204 : 
2 alleles
0.0% missing data
   2   (0.833) 0.835 0.740 0.821 0.977 0.994 
   5   (0.167) 0.165 0.260 0.179 0.023 0.006 

Locus 205 : 
2 alleles
0.0% missing data
   3   (0.688) 0.617 0.836 0.883 0.641 0.652 
   1   (0.312) 0.383 0.164 0.117 0.359 0.348 

Locus 206 : 
2 alleles
0.0% missing data
   4   (0.593) 0.608 0.533 0.599 0.895 0.323 
   1   (0.407) 0.392 0.467 0.401 0.105 0.677 

Locus 207 : 
2 alleles
0.8% missing data
   3   (0.807) 0.821 0.764 0.883 0.663 0.994 
   2   (0.193) 0.179 0.236 0.117 0.337 0.006 

Locus 208 : 
2 alleles
1.6% missing data
   1   (0.731) 0.716 0.778 0.528 0.799 0.991 
   2   (0.269) 0.284 0.222 0.472 0.201 0.009 

Locus 209 : 
3 alleles
0.0% missing data
   3   (0.940) 0.978 0.983 0.997 0.992 0.907 
   2   (0.030) 0.011 0.009 0.002 0.004 0.066 
   0   (0.029) 0.011 0.008 0.002 0.004 0.027 

Locus 210 : 
2 alleles
0.0% missing data
   2   (0.617) 0.651 0.684 0.448 0.095 0.978 
   4   (0.383) 0.349 0.316 0.552 0.905 0.022 

Locus 211 : 
2 alleles
0.0% missing data
   2   (0.886) 0.905 0.903 0.762 0.980 0.996 
   4   (0.114) 0.095 0.097 0.238 0.020 0.004 

Locus 212 : 
2 alleles
0.0% missing data
   4   (0.739) 0.729 0.852 0.751 0.850 0.779 
   1   (0.261) 0.271 0.148 0.249 0.150 0.221 

Locus 213 : 
2 alleles
0.0% missing data
   3   (0.761) 0.854 0.829 0.621 0.605 0.219 
   2   (0.239) 0.146 0.171 0.379 0.395 0.781 

Locus 214 : 
2 alleles
0.0% missing data
   1   (0.735) 0.752 0.841 0.659 0.706 0.864 
   4   (0.265) 0.248 0.159 0.341 0.294 0.136 

Locus 215 : 
2 alleles
0.0% missing data
   4   (0.333) 0.348 0.338 0.094 0.543 0.318 
   5   (0.667) 0.652 0.662 0.906 0.457 0.682 

Locus 216 : 
2 alleles
0.0% missing data
   3   (0.895) 0.918 0.969 0.805 0.986 0.905 
   1   (0.105) 0.082 0.031 0.195 0.014 0.095 

Locus 217 : 
2 alleles
0.0% missing data
   3   (0.885) 0.943 0.807 0.864 0.830 0.996 
   2   (0.115) 0.057 0.193 0.136 0.170 0.004 

Locus 218 : 
2 alleles
0.0% missing data
   3   (0.440) 0.484 0.539 0.432 0.065 0.239 
   2   (0.560) 0.516 0.461 0.568 0.935 0.761 

Locus 219 : 
2 alleles
0.0% missing data
   4   (0.749) 0.723 0.909 0.290 0.764 0.992 
   2   (0.251) 0.277 0.091 0.710 0.236 0.008 

Locus 220 : 
2 alleles
0.0% missing data
   3   (0.755) 0.809 0.727 0.665 0.706 0.953 
   2   (0.245) 0.191 0.273 0.335 0.294 0.047 

Locus 221 : 
2 alleles
0.0% missing data
   3   (0.792) 0.835 0.797 0.918 0.688 0.770 
   2   (0.208) 0.165 0.203 0.082 0.312 0.230 

Locus 222 : 
2 alleles
0.0% missing data
   2   (0.747) 0.842 0.464 0.494 0.654 0.992 
   3   (0.253) 0.158 0.536 0.506 0.346 0.008 

Locus 223 : 
2 alleles
0.8% missing data
   1   (0.945) 0.967 0.983 0.793 0.993 0.998 
   2   (0.055) 0.033 0.017 0.207 0.007 0.002 

Locus 224 : 
2 alleles
0.0% missing data
   5   (0.759) 0.792 0.877 0.424 0.865 0.884 
   1   (0.241) 0.208 0.123 0.576 0.135 0.116 

Locus 225 : 
2 alleles
0.8% missing data
   2   (0.757) 0.827 0.708 0.786 0.762 0.639 
   3   (0.243) 0.173 0.292 0.214 0.238 0.361 

Locus 226 : 
2 alleles
0.0% missing data
   3   (0.912) 0.859 0.911 0.994 0.986 0.997 
   1   (0.088) 0.141 0.089 0.006 0.014 0.003 

Values of parameters used in structure:
DATAFILE=/Users/ddayan/FRA/small_omy_projects/sf_crooked_river_2021/structure_SFGL_Omy269/project_data,	OUTFILE=/Users/ddayan/FRA/small_omy_projects/sf_crooked_river_2021/structure_SFGL_Omy269/5k10kadmcorr/Results/5k10kadmcorr_run_49,	NUMINDS=127,	NUMLOCI=226,	MISSING=-9,	LABEL=0,	POPDATA=1,	POPFLAG=0,	PHENOTYPE=0,	EXTRACOLS=0,	MAXPOPS=5,	BURNIN=5000,	NUMREPS=10000,	USEPOPINFO=0,	INFERALPHA=1,	INFERLAMBDA=0,	POPSPECIFICLAMBDA=0,	POPALPHAS=0,	COMPUTEPROB=1,	NOADMIX=0,	ADMBURNIN=2500,	UPDATEFREQ=1,	PRINTLIKES=0,	INTERMEDSAVE=0,	PRINTKLD=0,	PRINTNET=0,	PRINTLAMBDA=0,	ANCESTDIST=0,	NUMBOXES=1000,	ANCESTPINT=0.90000,	GENSBACK=2,	MIGRPRIOR=0.05000,	PRINTQHAT=0,	PRINTQSUM=0,	ALPHA=1.0000,	FREQSCORR=1,	FPRIORMEAN=0.0100,	FPRIORSD=0.0500,	ONEFST=0,	LAMBDA=1.0000,	UNIFPRIORALPHA=1,	ALPHAMAX=10.0000,	ALPHAPRIORA=1.0000,	ALPHAPRIORB=2.0000,	ALPHAPROPSD=0.0250,	STARTATPOPINFO=0,	RANDOMIZE=1,	LINKAGE=0,	METROFREQ=10,	REPORTHITRATE=0,	MARKOVPHASE=-1,	PHASED=0,	PLOIDY=2,	PHASEINFO=0	LOCPRIOR=0, 	LOCPRIORINIT=1.000000, 	LOCDATA=0, 	LOCISPOP=0, 	LOCPRIORSTEP=0.100000, 	MAXLOCPRIOR=20.000000, 	SEED=1642737586,	
[STRAT parameters]:    NUMSIMSTATS=1000,	PHENOTYPECOL=-9,	POOLFREQ=10,	LOCUSxONLY=0,	EMERROR=0.00100,	MISSINGPHENO=-9,	