

----------------------------------------------------
STRUCTURE by Pritchard, Stephens and Donnelly (2000)
     and Falush, Stephens and Pritchard (2003)
       Code by Pritchard, Falush and Hubisz
             Version 2.3.4 (Jul 2012)
----------------------------------------------------



Command line arguments:   bin/structure -m "/Users/ddayan/FRA/small_omy_projects/sf_crooked_river_2021/structure_SFGL_Omy269/5k10kadmcorr/mainparams" -e "/Users/ddayan/FRA/small_omy_projects/sf_crooked_river_2021/structure_SFGL_Omy269/5k10kadmcorr/extraparams" 
Input File:    /Users/ddayan/FRA/small_omy_projects/sf_crooked_river_2021/structure_SFGL_Omy269/project_data

Run parameters:
   127 individuals
   226 loci
   5 populations assumed
   5000 Burn-in period
   10000 Reps


--------------------------------------------
Proportion of membership of each pre-defined
 population in each of the 5 clusters

Given    Inferred Clusters                     Number of
 Pop       1      2      3      4      5      Individuals

  1:     0.004  0.004  0.043  0.948  0.002       35
  2:     0.177  0.015  0.002  0.003  0.803       17
  3:     0.721  0.212  0.012  0.045  0.010       41
  4:     0.008  0.006  0.003  0.006  0.978       34
--------------------------------------------

Allele-freq. divergence among pops (Net nucleotide distance),
computed using point estimates of P.

      1       2       3       4       5      
 1      -    0.0342  0.0726  0.0338  0.0337  
 2   0.0342     -    0.0989  0.0591  0.0652  
 3   0.0726  0.0989     -    0.0691  0.1095  
 4   0.0338  0.0591  0.0691     -    0.0790  
 5   0.0337  0.0652  0.1095  0.0790     -    

Average distances (expected heterozygosity) between individuals in same cluster:
cluster  1  : 0.3412 
cluster  2  : 0.2747 
cluster  3  : 0.1572 
cluster  4  : 0.2436 
cluster  5  : 0.3348 

--------------------------------------------
Estimated Ln Prob of Data   = -26574.7
Mean value of ln likelihood = -26250.2
Variance of ln likelihood   = 649.0
Mean value of alpha         = 0.0330

Mean value of Fst_1         = 0.0302
Mean value of Fst_2         = 0.2661
Mean value of Fst_3         = 0.9089
Mean value of Fst_4         = 0.3011
Mean value of Fst_5         = 0.1532


Inferred ancestry of individuals:
     (%Miss) Pop:  Inferred clusters
  1    (0)    1 :  0.004 0.002 0.002 0.992 0.001 
  2    (0)    1 :  0.009 0.007 0.003 0.975 0.006 
  3    (0)    1 :  0.001 0.002 0.039 0.956 0.002 
  4    (0)    1 :  0.003 0.002 0.002 0.991 0.002 
  5    (0)    1 :  0.002 0.001 0.123 0.871 0.003 
  6    (0)    1 :  0.001 0.002 0.284 0.712 0.002 
  7    (0)    1 :  0.001 0.001 0.007 0.990 0.001 
  8    (0)    1 :  0.005 0.003 0.003 0.988 0.001 
  9    (0)    1 :  0.002 0.001 0.004 0.992 0.001 
 10    (0)    1 :  0.003 0.003 0.001 0.992 0.001 
 11    (0)    1 :  0.008 0.063 0.001 0.926 0.003 
 12    (0)    1 :  0.010 0.002 0.005 0.976 0.006 
 13    (0)    1 :  0.001 0.001 0.002 0.995 0.001 
 14    (0)    1 :  0.003 0.002 0.095 0.899 0.001 
 15    (0)    1 :  0.001 0.002 0.424 0.572 0.001 
 16    (0)    1 :  0.002 0.003 0.002 0.992 0.001 
 17    (0)    1 :  0.009 0.002 0.004 0.984 0.001 
 18    (0)    1 :  0.025 0.003 0.003 0.948 0.021 
 19    (0)    1 :  0.002 0.003 0.004 0.991 0.001 
 20    (0)    1 :  0.002 0.002 0.008 0.987 0.001 
 21    (0)    1 :  0.004 0.002 0.002 0.991 0.002 
 22    (0)    1 :  0.003 0.002 0.320 0.675 0.001 
 23    (0)    1 :  0.001 0.001 0.006 0.991 0.001 
 24    (0)    1 :  0.001 0.001 0.106 0.892 0.001 
 25    (0)    1 :  0.002 0.001 0.002 0.991 0.004 
 26    (0)    1 :  0.002 0.002 0.011 0.984 0.002 
 27    (0)    1 :  0.002 0.002 0.002 0.994 0.001 
 28    (0)    1 :  0.004 0.004 0.001 0.990 0.001 
 29    (0)    1 :  0.001 0.001 0.012 0.985 0.001 
 30    (0)    1 :  0.001 0.001 0.003 0.994 0.001 
 31    (0)    1 :  0.002 0.002 0.002 0.992 0.002 
 32    (0)    1 :  0.004 0.003 0.003 0.989 0.001 
 33    (0)    1 :  0.001 0.001 0.002 0.996 0.001 
 34    (0)    1 :  0.001 0.001 0.002 0.995 0.001 
 35    (0)    1 :  0.002 0.002 0.003 0.992 0.001 
 36    (0)    2 :  0.111 0.003 0.003 0.003 0.880 
 37    (0)    2 :  0.007 0.002 0.001 0.014 0.975 
 38    (0)    3 :  0.930 0.062 0.002 0.005 0.001 
 39    (0)    3 :  0.973 0.003 0.005 0.014 0.006 
 40    (0)    3 :  0.909 0.001 0.003 0.081 0.005 
 41    (0)    3 :  0.950 0.004 0.002 0.003 0.041 
 42    (0)    3 :  0.786 0.171 0.001 0.008 0.034 
 43    (0)    2 :  0.003 0.001 0.001 0.001 0.994 
 44    (0)    2 :  0.943 0.016 0.003 0.008 0.030 
 45    (0)    2 :  0.005 0.002 0.001 0.002 0.990 
 46    (0)    2 :  0.006 0.001 0.001 0.003 0.989 
 47    (0)    2 :  0.060 0.179 0.003 0.007 0.751 
 48    (0)    2 :  0.712 0.004 0.007 0.005 0.272 
 49    (0)    2 :  0.608 0.007 0.002 0.004 0.379 
 50    (0)    2 :  0.011 0.001 0.001 0.001 0.986 
 51    (0)    2 :  0.008 0.010 0.005 0.001 0.975 
 52    (0)    3 :  0.959 0.015 0.003 0.020 0.004 
 53    (0)    3 :  0.953 0.002 0.005 0.034 0.006 
 54    (0)    3 :  0.960 0.006 0.026 0.003 0.005 
 55    (0)    3 :  0.941 0.003 0.003 0.006 0.046 
 56    (0)    3 :  0.002 0.990 0.004 0.003 0.001 
 57    (0)    3 :  0.909 0.003 0.005 0.079 0.005 
 58    (0)    3 :  0.977 0.008 0.007 0.004 0.004 
 59    (0)    3 :  0.907 0.002 0.003 0.004 0.084 
 60    (0)    3 :  0.002 0.994 0.001 0.001 0.002 
 61    (0)    3 :  0.002 0.994 0.002 0.001 0.001 
 62    (0)    3 :  0.960 0.032 0.002 0.003 0.003 
 63    (0)    3 :  0.979 0.006 0.001 0.011 0.002 
 64    (0)    3 :  0.701 0.004 0.181 0.113 0.001 
 65    (0)    3 :  0.591 0.001 0.004 0.401 0.003 
 66    (0)    3 :  0.642 0.002 0.005 0.346 0.004 
 67    (0)    3 :  0.762 0.017 0.005 0.193 0.024 
 68    (0)    3 :  0.001 0.996 0.001 0.001 0.001 
 69    (0)    3 :  0.535 0.001 0.004 0.408 0.052 
 70    (0)    3 :  0.005 0.986 0.001 0.005 0.002 
 71    (0)    3 :  0.003 0.989 0.004 0.004 0.001 
 72    (0)    3 :  0.002 0.991 0.002 0.004 0.002 
 73    (0)    3 :  0.738 0.244 0.001 0.011 0.005 
 74    (0)    3 :  0.987 0.003 0.002 0.006 0.003 
 75    (0)    3 :  0.991 0.003 0.002 0.002 0.002 
 76    (0)    3 :  0.990 0.003 0.001 0.002 0.004 
 77    (0)    3 :  0.975 0.011 0.002 0.003 0.008 
 78    (0)    3 :  0.944 0.041 0.003 0.012 0.001 
 79    (0)    3 :  0.988 0.004 0.001 0.003 0.005 
 80    (0)    3 :  0.991 0.004 0.001 0.002 0.001 
 81    (0)    3 :  0.970 0.018 0.001 0.008 0.003 
 82    (0)    3 :  0.961 0.007 0.003 0.005 0.024 
 83    (0)    3 :  0.973 0.015 0.003 0.005 0.003 
 84    (0)    3 :  0.939 0.050 0.002 0.008 0.001 
 85    (0)    3 :  0.001 0.994 0.001 0.002 0.001 
 86    (0)    3 :  0.975 0.002 0.002 0.003 0.018 
 87    (0)    3 :  0.803 0.001 0.192 0.002 0.002 
 88    (0)    2 :  0.001 0.001 0.001 0.001 0.996 
 89    (0)    2 :  0.003 0.005 0.001 0.001 0.989 
 90    (0)    2 :  0.004 0.003 0.001 0.001 0.991 
 91    (0)    2 :  0.525 0.004 0.003 0.001 0.466 
 92    (0)    2 :  0.003 0.006 0.001 0.001 0.989 
 93    (0)    2 :  0.003 0.000 0.001 0.001 0.996 
 94    (0)    4 :  0.002 0.002 0.002 0.002 0.992 
 95    (0)    4 :  0.003 0.003 0.001 0.003 0.989 
 96    (2)    4 :  0.010 0.012 0.001 0.002 0.976 
 97    (0)    4 :  0.026 0.007 0.004 0.010 0.953 
 98    (1)    4 :  0.035 0.006 0.003 0.005 0.952 
 99    (0)    4 :  0.003 0.005 0.003 0.007 0.981 
100    (1)    4 :  0.005 0.011 0.002 0.003 0.979 
101    (0)    4 :  0.011 0.002 0.002 0.002 0.983 
102    (0)    4 :  0.002 0.003 0.001 0.001 0.993 
103    (0)    4 :  0.007 0.006 0.005 0.006 0.976 
104    (1)    4 :  0.012 0.015 0.002 0.002 0.970 
105    (1)    4 :  0.001 0.002 0.003 0.001 0.993 
106    (2)    4 :  0.010 0.005 0.004 0.004 0.977 
107    (1)    4 :  0.001 0.002 0.002 0.002 0.993 
108    (0)    4 :  0.005 0.009 0.001 0.006 0.979 
109    (1)    4 :  0.005 0.002 0.006 0.016 0.972 
110    (3)    4 :  0.003 0.003 0.001 0.002 0.992 
111    (0)    4 :  0.012 0.003 0.006 0.007 0.972 
112    (1)    4 :  0.007 0.002 0.002 0.003 0.986 
113    (1)    4 :  0.002 0.002 0.002 0.002 0.991 
114    (0)    4 :  0.001 0.001 0.001 0.001 0.996 
115    (1)    4 :  0.001 0.002 0.003 0.003 0.991 
116    (1)    4 :  0.031 0.017 0.001 0.004 0.947 
117    (0)    4 :  0.005 0.001 0.003 0.019 0.971 
118    (3)    4 :  0.003 0.002 0.002 0.003 0.990 
119    (2)    4 :  0.007 0.010 0.003 0.035 0.944 
120    (2)    4 :  0.012 0.007 0.001 0.001 0.978 
121    (0)    4 :  0.012 0.003 0.015 0.019 0.951 
122    (1)    4 :  0.002 0.005 0.003 0.003 0.987 
123    (0)    4 :  0.001 0.001 0.002 0.001 0.995 
124   (15)    4 :  0.013 0.013 0.005 0.004 0.966 
125    (1)    4 :  0.007 0.008 0.002 0.012 0.971 
126    (0)    4 :  0.005 0.014 0.004 0.006 0.972 
127    (2)    4 :  0.006 0.003 0.002 0.005 0.985 


Estimated Allele Frequencies in each cluster
First column gives estimated ancestral frequencies


Locus 1 : 
2 alleles
0.0% missing data
   3   (0.933) 0.952 0.989 0.998 0.998 0.902 
   2   (0.067) 0.048 0.011 0.002 0.002 0.098 

Locus 2 : 
2 alleles
0.0% missing data
   2   (0.340) 0.384 0.054 0.180 0.168 0.368 
   3   (0.660) 0.616 0.946 0.820 0.832 0.632 

Locus 3 : 
2 alleles
0.0% missing data
   2   (0.353) 0.362 0.222 0.059 0.257 0.340 
   4   (0.647) 0.638 0.778 0.941 0.743 0.660 

Locus 4 : 
2 alleles
0.0% missing data
   1   (0.704) 0.680 0.379 0.960 0.883 0.925 
   4   (0.296) 0.320 0.621 0.040 0.117 0.075 

Locus 5 : 
2 alleles
3.1% missing data
   2   (0.819) 0.827 0.975 0.131 0.987 0.743 
   1   (0.181) 0.173 0.025 0.869 0.013 0.257 

Locus 6 : 
2 alleles
2.4% missing data
   1   (0.214) 0.205 0.033 0.042 0.399 0.194 
   3   (0.786) 0.795 0.967 0.958 0.601 0.806 

Locus 7 : 
2 alleles
0.0% missing data
   2   (0.609) 0.631 0.945 0.125 0.477 0.418 
   3   (0.391) 0.369 0.055 0.875 0.523 0.582 

Locus 8 : 
2 alleles
2.4% missing data
   1   (0.243) 0.217 0.248 0.184 0.269 0.168 
   2   (0.757) 0.783 0.752 0.816 0.731 0.832 

Locus 9 : 
2 alleles
0.8% missing data
   4   (0.964) 0.988 0.995 0.998 0.999 0.825 
   1   (0.036) 0.012 0.005 0.002 0.001 0.175 

Locus 10 : 
2 alleles
0.0% missing data
   3   (0.741) 0.751 0.656 0.966 0.990 0.518 
   2   (0.259) 0.249 0.344 0.034 0.010 0.482 

Locus 11 : 
2 alleles
0.0% missing data
   2   (0.955) 0.982 0.993 0.998 0.999 0.771 
   1   (0.045) 0.018 0.007 0.002 0.001 0.229 

Locus 12 : 
2 alleles
0.0% missing data
   1   (0.526) 0.562 0.239 0.977 0.811 0.279 
   4   (0.474) 0.438 0.761 0.023 0.189 0.721 

Locus 13 : 
2 alleles
0.8% missing data
   2   (0.687) 0.715 0.797 0.500 0.813 0.588 
   4   (0.313) 0.285 0.203 0.500 0.187 0.412 

Locus 14 : 
2 alleles
0.0% missing data
   4   (0.685) 0.728 0.550 0.847 0.799 0.580 
   2   (0.315) 0.272 0.450 0.153 0.201 0.420 

Locus 15 : 
2 alleles
0.0% missing data
   4   (0.878) 0.861 0.983 0.993 0.996 0.882 
   2   (0.122) 0.139 0.017 0.007 0.004 0.118 

Locus 16 : 
2 alleles
0.0% missing data
   1   (0.406) 0.352 0.452 0.951 0.676 0.385 
   4   (0.594) 0.648 0.548 0.049 0.324 0.615 

Locus 17 : 
2 alleles
0.0% missing data
   4   (0.905) 0.931 0.874 0.995 0.997 0.936 
   3   (0.095) 0.069 0.126 0.005 0.003 0.064 

Locus 18 : 
2 alleles
0.0% missing data
   2   (0.783) 0.783 0.966 0.978 0.780 0.788 
   3   (0.217) 0.217 0.034 0.022 0.220 0.212 

Locus 19 : 
2 alleles
0.8% missing data
   4   (0.872) 0.887 0.983 0.992 0.983 0.819 
   2   (0.128) 0.113 0.017 0.008 0.017 0.181 

Locus 20 : 
2 alleles
0.0% missing data
   2   (0.669) 0.649 0.947 0.926 0.546 0.659 
   3   (0.331) 0.351 0.053 0.074 0.454 0.341 

Locus 21 : 
2 alleles
0.8% missing data
   2   (0.344) 0.329 0.259 0.084 0.215 0.448 
   3   (0.656) 0.671 0.741 0.916 0.785 0.552 

Locus 22 : 
2 alleles
0.0% missing data
   4   (0.814) 0.875 0.693 0.903 0.869 0.726 
   2   (0.186) 0.125 0.307 0.097 0.131 0.274 

Locus 23 : 
2 alleles
2.4% missing data
   1   (0.358) 0.312 0.473 0.220 0.577 0.398 
   4   (0.642) 0.688 0.527 0.780 0.423 0.602 

Locus 24 : 
2 alleles
0.0% missing data
   3   (0.748) 0.691 0.963 0.979 0.991 0.610 
   2   (0.252) 0.309 0.037 0.021 0.009 0.390 

Locus 25 : 
2 alleles
0.0% missing data
   3   (0.706) 0.703 0.957 0.772 0.480 0.715 
   2   (0.294) 0.297 0.043 0.228 0.520 0.285 

Locus 26 : 
2 alleles
0.8% missing data
   2   (0.579) 0.520 0.936 0.960 0.707 0.549 
   4   (0.421) 0.480 0.064 0.040 0.293 0.451 

Locus 27 : 
2 alleles
1.6% missing data
   1   (0.589) 0.620 0.191 0.638 0.757 0.628 
   4   (0.411) 0.380 0.809 0.362 0.243 0.372 

Locus 28 : 
2 alleles
3.9% missing data
   3   (0.522) 0.513 0.284 0.675 0.582 0.660 
   2   (0.478) 0.487 0.716 0.325 0.418 0.340 

Locus 29 : 
2 alleles
0.0% missing data
   4   (0.206) 0.121 0.343 0.443 0.435 0.352 
   1   (0.794) 0.879 0.657 0.557 0.565 0.648 

Locus 30 : 
2 alleles
0.0% missing data
   1   (0.425) 0.393 0.492 0.332 0.586 0.460 
   4   (0.575) 0.607 0.508 0.668 0.414 0.540 

Locus 31 : 
2 alleles
3.1% missing data
   2   (0.289) 0.291 0.046 0.072 0.521 0.302 
   4   (0.711) 0.709 0.954 0.928 0.479 0.698 

Locus 32 : 
2 alleles
0.0% missing data
   4   (0.523) 0.524 0.350 0.026 0.684 0.660 
   3   (0.477) 0.476 0.650 0.974 0.316 0.340 

Locus 33 : 
2 alleles
0.8% missing data
   2   (0.543) 0.530 0.446 0.922 0.547 0.616 
   3   (0.457) 0.470 0.554 0.078 0.453 0.384 

Locus 34 : 
2 alleles
0.0% missing data
   3   (0.496) 0.485 0.452 0.309 0.616 0.567 
   2   (0.504) 0.515 0.548 0.691 0.384 0.433 

Locus 35 : 
2 alleles
0.0% missing data
   4   (0.664) 0.578 0.685 0.985 0.989 0.794 
   1   (0.336) 0.422 0.315 0.015 0.011 0.206 

Locus 36 : 
2 alleles
0.0% missing data
   4   (0.653) 0.649 0.949 0.720 0.785 0.416 
   1   (0.347) 0.351 0.051 0.280 0.215 0.584 

Locus 37 : 
2 alleles
0.8% missing data
   2   (0.567) 0.560 0.737 0.311 0.834 0.450 
   3   (0.433) 0.440 0.263 0.689 0.166 0.550 

Locus 38 : 
2 alleles
0.8% missing data
   1   (0.910) 0.920 0.789 0.995 0.997 0.987 
   2   (0.090) 0.080 0.211 0.005 0.003 0.013 

Locus 39 : 
2 alleles
1.6% missing data
   2   (0.610) 0.617 0.530 0.954 0.961 0.345 
   4   (0.390) 0.383 0.470 0.046 0.039 0.655 

Locus 40 : 
2 alleles
0.0% missing data
   1   (0.384) 0.292 0.491 0.023 0.428 0.815 
   4   (0.616) 0.708 0.509 0.977 0.572 0.185 

Locus 41 : 
2 alleles
0.0% missing data
   2   (0.913) 0.960 0.987 0.997 0.930 0.621 
   1   (0.087) 0.040 0.013 0.003 0.070 0.379 

Locus 42 : 
2 alleles
0.0% missing data
   2   (0.541) 0.531 0.530 0.808 0.512 0.606 
   4   (0.459) 0.469 0.470 0.192 0.488 0.394 

Locus 43 : 
2 alleles
0.0% missing data
   2   (0.402) 0.351 0.441 0.038 0.386 0.681 
   4   (0.598) 0.649 0.559 0.962 0.614 0.319 

Locus 44 : 
3 alleles
1.6% missing data
   3   (0.850) 0.884 0.977 0.994 0.825 0.918 
   2   (0.115) 0.086 0.018 0.005 0.174 0.079 
   0   (0.034) 0.030 0.005 0.001 0.001 0.003 

Locus 45 : 
2 alleles
0.0% missing data
   1   (0.807) 0.784 0.970 0.984 0.983 0.789 
   2   (0.193) 0.216 0.030 0.016 0.017 0.211 

Locus 46 : 
2 alleles
0.0% missing data
   4   (0.882) 0.894 0.776 0.989 0.996 0.954 
   2   (0.118) 0.106 0.224 0.011 0.004 0.046 

Locus 47 : 
2 alleles
0.0% missing data
   2   (0.869) 0.912 0.693 0.930 0.957 0.949 
   1   (0.131) 0.088 0.307 0.070 0.043 0.051 

Locus 48 : 
2 alleles
1.6% missing data
   2   (0.573) 0.569 0.846 0.680 0.414 0.523 
   4   (0.427) 0.431 0.154 0.320 0.586 0.477 

Locus 49 : 
2 alleles
0.0% missing data
   1   (0.743) 0.769 0.788 0.976 0.909 0.649 
   2   (0.257) 0.231 0.212 0.024 0.091 0.351 

Locus 50 : 
2 alleles
0.0% missing data
   4   (0.733) 0.786 0.638 0.919 0.419 0.738 
   1   (0.267) 0.214 0.362 0.081 0.581 0.262 

Locus 51 : 
2 alleles
0.0% missing data
   3   (0.505) 0.463 0.553 0.567 0.570 0.671 
   2   (0.495) 0.537 0.447 0.433 0.430 0.329 

Locus 52 : 
2 alleles
0.8% missing data
   4   (0.915) 0.927 0.989 0.986 0.997 0.877 
   2   (0.085) 0.073 0.011 0.014 0.003 0.123 

Locus 53 : 
2 alleles
0.0% missing data
   4   (0.930) 0.975 0.746 0.997 0.998 0.629 
   2   (0.070) 0.025 0.254 0.003 0.002 0.371 

Locus 54 : 
2 alleles
3.1% missing data
   3   (0.590) 0.545 0.661 0.927 0.828 0.708 
   4   (0.410) 0.455 0.339 0.073 0.172 0.292 

Locus 55 : 
2 alleles
0.0% missing data
   2   (0.614) 0.577 0.778 0.902 0.584 0.773 
   1   (0.386) 0.423 0.222 0.098 0.416 0.227 

Locus 56 : 
3 alleles
2.4% missing data
   1   (0.774) 0.820 0.618 0.987 0.993 0.729 
   0   (0.085) 0.069 0.115 0.007 0.003 0.024 
   4   (0.141) 0.111 0.268 0.006 0.005 0.246 

Locus 57 : 
2 alleles
0.0% missing data
   4   (0.895) 0.915 0.985 0.996 0.996 0.646 
   1   (0.105) 0.085 0.015 0.004 0.004 0.354 

Locus 58 : 
2 alleles
0.0% missing data
   4   (0.876) 0.852 0.981 0.961 0.986 0.970 
   2   (0.124) 0.148 0.019 0.039 0.014 0.030 

Locus 59 : 
2 alleles
0.0% missing data
   3   (0.866) 0.884 0.981 0.526 0.898 0.952 
   2   (0.134) 0.116 0.019 0.474 0.102 0.048 

Locus 60 : 
2 alleles
0.0% missing data
   4   (0.761) 0.750 0.764 0.954 0.992 0.681 
   2   (0.239) 0.250 0.236 0.046 0.008 0.319 

Locus 61 : 
2 alleles
0.0% missing data
   4   (0.873) 0.905 0.828 0.993 0.996 0.778 
   2   (0.127) 0.095 0.172 0.007 0.004 0.222 

Locus 62 : 
2 alleles
0.0% missing data
   2   (0.746) 0.769 0.965 0.057 0.962 0.467 
   1   (0.254) 0.231 0.035 0.943 0.038 0.533 

Locus 63 : 
2 alleles
0.0% missing data
   2   (0.420) 0.408 0.710 0.298 0.655 0.218 
   1   (0.580) 0.592 0.290 0.702 0.345 0.782 

Locus 64 : 
2 alleles
0.0% missing data
   4   (0.832) 0.840 0.756 0.985 0.994 0.841 
   2   (0.168) 0.160 0.244 0.015 0.006 0.159 

Locus 65 : 
2 alleles
0.8% missing data
   1   (0.885) 0.896 0.979 0.995 0.996 0.745 
   4   (0.115) 0.104 0.021 0.005 0.004 0.255 

Locus 66 : 
3 alleles
1.6% missing data
   3   (0.599) 0.617 0.537 0.648 0.661 0.691 
   2   (0.371) 0.373 0.459 0.350 0.338 0.266 
   0   (0.030) 0.010 0.004 0.001 0.001 0.043 

Locus 67 : 
2 alleles
0.0% missing data
   1   (0.125) 0.093 0.242 0.008 0.031 0.038 
   3   (0.875) 0.907 0.758 0.992 0.969 0.962 

Locus 68 : 
2 alleles
0.0% missing data
   2   (0.516) 0.575 0.185 0.203 0.759 0.334 
   3   (0.484) 0.425 0.815 0.797 0.241 0.666 

Locus 69 : 
2 alleles
0.0% missing data
   4   (0.800) 0.830 0.692 0.989 0.994 0.509 
   2   (0.200) 0.170 0.308 0.011 0.006 0.491 

Locus 70 : 
3 alleles
0.0% missing data
   1   (0.336) 0.364 0.798 0.006 0.790 0.028 
   3   (0.619) 0.619 0.196 0.095 0.160 0.970 
   0   (0.044) 0.017 0.006 0.899 0.049 0.002 

Locus 71 : 
2 alleles
3.1% missing data
   2   (0.553) 0.568 0.508 0.132 0.222 0.743 
   4   (0.447) 0.432 0.492 0.868 0.778 0.257 

Locus 72 : 
2 alleles
1.6% missing data
   3   (0.558) 0.537 0.323 0.941 0.698 0.700 
   1   (0.442) 0.463 0.677 0.059 0.302 0.300 

Locus 73 : 
2 alleles
0.0% missing data
   1   (0.320) 0.249 0.490 0.715 0.528 0.349 
   2   (0.680) 0.751 0.510 0.285 0.472 0.651 

Locus 74 : 
2 alleles
1.6% missing data
   2   (0.832) 0.783 0.975 0.993 0.981 0.938 
   3   (0.168) 0.217 0.025 0.007 0.019 0.062 

Locus 75 : 
2 alleles
0.0% missing data
   3   (0.490) 0.467 0.158 0.726 0.788 0.659 
   1   (0.510) 0.533 0.842 0.274 0.212 0.341 

Locus 76 : 
2 alleles
0.0% missing data
   2   (0.446) 0.410 0.650 0.790 0.923 0.183 
   1   (0.554) 0.590 0.350 0.210 0.077 0.817 

Locus 77 : 
2 alleles
0.0% missing data
   4   (0.306) 0.318 0.311 0.015 0.513 0.103 
   1   (0.694) 0.682 0.689 0.985 0.487 0.897 

Locus 78 : 
2 alleles
0.0% missing data
   3   (0.721) 0.683 0.525 0.986 0.989 0.824 
   2   (0.279) 0.317 0.475 0.014 0.011 0.176 

Locus 79 : 
2 alleles
0.0% missing data
   2   (0.564) 0.551 0.839 0.116 0.751 0.523 
   3   (0.436) 0.449 0.161 0.884 0.249 0.477 

Locus 80 : 
2 alleles
0.0% missing data
   4   (0.807) 0.855 0.714 0.984 0.869 0.786 
   2   (0.193) 0.145 0.286 0.016 0.131 0.214 

Locus 81 : 
2 alleles
0.0% missing data
   3   (0.480) 0.520 0.070 0.979 0.294 0.582 
   2   (0.520) 0.480 0.930 0.021 0.706 0.418 

Locus 82 : 
2 alleles
0.0% missing data
   2   (0.746) 0.789 0.753 0.925 0.707 0.688 
   3   (0.254) 0.211 0.247 0.075 0.293 0.312 

Locus 83 : 
2 alleles
0.0% missing data
   3   (0.738) 0.747 0.960 0.986 0.876 0.467 
   2   (0.262) 0.253 0.040 0.014 0.124 0.533 

Locus 84 : 
2 alleles
0.0% missing data
   3   (0.525) 0.585 0.308 0.119 0.459 0.416 
   2   (0.475) 0.415 0.692 0.881 0.541 0.584 

Locus 85 : 
2 alleles
0.0% missing data
   3   (0.754) 0.778 0.638 0.916 0.870 0.818 
   4   (0.246) 0.222 0.362 0.084 0.130 0.182 

Locus 86 : 
2 alleles
0.0% missing data
   3   (0.528) 0.539 0.081 0.355 0.448 0.847 
   2   (0.472) 0.461 0.919 0.645 0.552 0.153 

Locus 87 : 
3 alleles
4.7% missing data
   1   (0.552) 0.579 0.487 0.966 0.701 0.428 
   4   (0.417) 0.408 0.479 0.032 0.298 0.557 
   0   (0.032) 0.013 0.034 0.001 0.001 0.015 

Locus 88 : 
2 alleles
1.6% missing data
   3   (0.818) 0.795 0.975 0.971 0.994 0.671 
   1   (0.182) 0.205 0.025 0.029 0.006 0.329 

Locus 89 : 
2 alleles
0.0% missing data
   1   (0.564) 0.576 0.490 0.242 0.919 0.426 
   4   (0.436) 0.424 0.510 0.758 0.081 0.574 

Locus 90 : 
2 alleles
0.8% missing data
   3   (0.736) 0.804 0.539 0.703 0.766 0.602 
   2   (0.264) 0.196 0.461 0.297 0.234 0.398 

Locus 91 : 
2 alleles
0.0% missing data
   2   (0.680) 0.701 0.737 0.698 0.691 0.719 
   4   (0.320) 0.299 0.263 0.302 0.309 0.281 

Locus 92 : 
2 alleles
0.0% missing data
   2   (0.775) 0.801 0.747 0.978 0.954 0.736 
   4   (0.225) 0.199 0.253 0.022 0.046 0.264 

Locus 93 : 
2 alleles
0.0% missing data
   4   (0.909) 0.919 0.986 0.995 0.997 0.877 
   1   (0.091) 0.081 0.014 0.005 0.003 0.123 

Locus 94 : 
2 alleles
0.0% missing data
   3   (0.788) 0.784 0.967 0.751 0.746 0.874 
   1   (0.212) 0.216 0.033 0.249 0.254 0.126 

Locus 95 : 
2 alleles
0.0% missing data
   1   (0.062) 0.049 0.009 0.002 0.073 0.004 
   3   (0.938) 0.951 0.991 0.998 0.927 0.996 

Locus 96 : 
2 alleles
0.0% missing data
   3   (0.563) 0.559 0.536 0.837 0.800 0.486 
   2   (0.437) 0.441 0.464 0.163 0.200 0.514 

Locus 97 : 
2 alleles
0.0% missing data
   2   (0.743) 0.724 0.759 0.982 0.992 0.636 
   1   (0.257) 0.276 0.241 0.018 0.008 0.364 

Locus 98 : 
2 alleles
0.0% missing data
   4   (0.773) 0.729 0.965 0.989 0.992 0.613 
   2   (0.227) 0.271 0.035 0.011 0.008 0.387 

Locus 99 : 
2 alleles
0.8% missing data
   4   (0.840) 0.876 0.757 0.992 0.995 0.622 
   1   (0.160) 0.124 0.243 0.008 0.005 0.378 

Locus 100 : 
2 alleles
0.8% missing data
   3   (0.429) 0.413 0.659 0.072 0.218 0.508 
   2   (0.571) 0.587 0.341 0.928 0.782 0.492 

Locus 101 : 
3 alleles
0.0% missing data
   4   (0.492) 0.579 0.504 0.938 0.406 0.090 
   2   (0.429) 0.333 0.485 0.057 0.565 0.906 
   0   (0.079) 0.088 0.011 0.004 0.029 0.004 

Locus 102 : 
2 alleles
2.4% missing data
   2   (0.766) 0.769 0.699 0.983 0.893 0.891 
   4   (0.234) 0.231 0.301 0.017 0.107 0.109 

Locus 103 : 
3 alleles
0.0% missing data
   4   (0.120) 0.103 0.017 0.161 0.533 0.024 
   2   (0.792) 0.745 0.968 0.831 0.464 0.971 
   0   (0.087) 0.152 0.015 0.008 0.003 0.005 

Locus 104 : 
2 alleles
0.0% missing data
   3   (0.304) 0.306 0.150 0.110 0.587 0.178 
   2   (0.696) 0.694 0.850 0.890 0.413 0.822 

Locus 105 : 
2 alleles
0.0% missing data
   4   (0.481) 0.504 0.503 0.057 0.431 0.418 
   1   (0.519) 0.496 0.497 0.943 0.569 0.582 

Locus 106 : 
2 alleles
0.0% missing data
   1   (0.153) 0.128 0.021 0.007 0.186 0.180 
   2   (0.847) 0.872 0.979 0.993 0.814 0.820 

Locus 107 : 
2 alleles
0.0% missing data
   1   (0.593) 0.620 0.393 0.892 0.786 0.480 
   4   (0.407) 0.380 0.607 0.108 0.214 0.520 

Locus 108 : 
2 alleles
0.0% missing data
   2   (0.752) 0.763 0.700 0.892 0.927 0.826 
   4   (0.248) 0.237 0.300 0.108 0.073 0.174 

Locus 109 : 
2 alleles
0.0% missing data
   3   (0.801) 0.821 0.812 0.977 0.966 0.795 
   2   (0.199) 0.179 0.188 0.023 0.034 0.205 

Locus 110 : 
2 alleles
0.0% missing data
   2   (0.920) 0.933 0.988 0.996 0.997 0.917 
   1   (0.080) 0.067 0.012 0.004 0.003 0.083 

Locus 111 : 
2 alleles
0.0% missing data
   1   (0.852) 0.843 0.979 0.987 0.994 0.732 
   2   (0.148) 0.157 0.021 0.013 0.006 0.268 

Locus 112 : 
2 alleles
7.1% missing data
   3   (0.840) 0.847 0.750 0.994 0.994 0.877 
   2   (0.160) 0.153 0.250 0.006 0.006 0.123 

Locus 113 : 
2 alleles
0.0% missing data
   2   (0.659) 0.587 0.948 0.263 0.763 0.867 
   3   (0.341) 0.413 0.052 0.737 0.237 0.133 

Locus 114 : 
2 alleles
0.0% missing data
   4   (0.727) 0.710 0.958 0.841 0.797 0.700 
   2   (0.273) 0.290 0.042 0.159 0.203 0.300 

Locus 115 : 
2 alleles
0.0% missing data
   3   (0.464) 0.432 0.652 0.644 0.333 0.536 
   2   (0.536) 0.568 0.348 0.356 0.667 0.464 

Locus 116 : 
2 alleles
0.0% missing data
   4   (0.458) 0.403 0.483 0.857 0.679 0.572 
   3   (0.542) 0.597 0.517 0.143 0.321 0.428 

Locus 117 : 
2 alleles
0.0% missing data
   2   (0.891) 0.886 0.983 0.983 0.995 0.894 
   3   (0.109) 0.114 0.017 0.017 0.005 0.106 

Locus 118 : 
2 alleles
0.0% missing data
   2   (0.902) 0.900 0.987 0.995 0.997 0.912 
   1   (0.098) 0.100 0.013 0.005 0.003 0.088 

Locus 119 : 
3 alleles
0.0% missing data
   2   (0.911) 0.971 0.589 0.997 0.969 0.917 
   0   (0.031) 0.010 0.004 0.001 0.029 0.002 
   3   (0.058) 0.019 0.407 0.002 0.002 0.081 

Locus 120 : 
2 alleles
0.0% missing data
   1   (0.926) 0.935 0.987 0.986 0.998 0.957 
   2   (0.074) 0.065 0.013 0.014 0.002 0.043 

Locus 121 : 
2 alleles
0.0% missing data
   3   (0.721) 0.726 0.850 0.886 0.643 0.825 
   4   (0.279) 0.274 0.150 0.114 0.357 0.175 

Locus 122 : 
2 alleles
0.0% missing data
   1   (0.964) 0.986 0.996 0.020 0.995 0.998 
   0   (0.036) 0.014 0.004 0.980 0.005 0.002 

Locus 123 : 
3 alleles
1.6% missing data
   2   (0.718) 0.770 0.848 0.972 0.911 0.340 
   3   (0.253) 0.220 0.148 0.027 0.032 0.658 
   0   (0.030) 0.010 0.004 0.002 0.057 0.002 

Locus 124 : 
2 alleles
0.8% missing data
   1   (0.836) 0.812 0.977 0.985 0.994 0.750 
   3   (0.164) 0.188 0.023 0.015 0.006 0.250 

Locus 125 : 
2 alleles
0.0% missing data
   1   (0.890) 0.894 0.546 0.996 0.996 0.987 
   2   (0.110) 0.106 0.454 0.004 0.004 0.013 

Locus 126 : 
2 alleles
0.0% missing data
   4   (0.236) 0.180 0.295 0.021 0.255 0.316 
   2   (0.764) 0.820 0.705 0.979 0.745 0.684 

Locus 127 : 
2 alleles
0.0% missing data
   3   (0.692) 0.705 0.527 0.973 0.989 0.388 
   2   (0.308) 0.295 0.473 0.027 0.011 0.612 

Locus 128 : 
2 alleles
0.8% missing data
   3   (0.774) 0.786 0.664 0.497 0.813 0.948 
   2   (0.226) 0.214 0.336 0.503 0.187 0.052 

Locus 129 : 
2 alleles
0.8% missing data
   1   (0.766) 0.724 0.768 0.986 0.977 0.925 
   3   (0.234) 0.276 0.232 0.014 0.023 0.075 

Locus 130 : 
2 alleles
0.0% missing data
   3   (0.894) 0.882 0.982 0.995 0.997 0.927 
   2   (0.106) 0.118 0.018 0.005 0.003 0.073 

Locus 131 : 
2 alleles
0.0% missing data
   4   (0.651) 0.646 0.583 0.728 0.317 0.892 
   1   (0.349) 0.354 0.417 0.272 0.683 0.108 

Locus 132 : 
2 alleles
0.0% missing data
   2   (0.811) 0.779 0.827 0.984 0.994 0.906 
   4   (0.189) 0.221 0.173 0.016 0.006 0.094 

Locus 133 : 
2 alleles
0.0% missing data
   3   (0.474) 0.489 0.071 0.426 0.855 0.524 
   2   (0.526) 0.511 0.929 0.574 0.145 0.476 

Locus 134 : 
2 alleles
0.8% missing data
   3   (0.778) 0.782 0.967 0.944 0.904 0.662 
   2   (0.222) 0.218 0.033 0.056 0.096 0.338 

Locus 135 : 
2 alleles
0.0% missing data
   3   (0.631) 0.631 0.514 0.950 0.892 0.599 
   2   (0.369) 0.369 0.486 0.050 0.108 0.401 

Locus 136 : 
2 alleles
0.0% missing data
   4   (0.900) 0.929 0.983 0.996 0.996 0.557 
   2   (0.100) 0.071 0.017 0.004 0.004 0.443 

Locus 137 : 
2 alleles
0.0% missing data
   2   (0.931) 0.926 0.990 0.983 0.997 0.988 
   3   (0.069) 0.074 0.010 0.017 0.003 0.012 

Locus 138 : 
2 alleles
0.8% missing data
   1   (0.666) 0.690 0.693 0.190 0.505 0.811 
   3   (0.334) 0.310 0.307 0.810 0.495 0.189 

Locus 139 : 
2 alleles
0.8% missing data
   2   (0.638) 0.709 0.440 0.683 0.394 0.519 
   3   (0.362) 0.291 0.560 0.317 0.606 0.481 

Locus 140 : 
2 alleles
0.0% missing data
   4   (0.703) 0.691 0.644 0.865 0.906 0.824 
   3   (0.297) 0.309 0.356 0.135 0.094 0.176 

Locus 141 : 
2 alleles
0.0% missing data
   1   (0.716) 0.756 0.687 0.950 0.764 0.618 
   4   (0.284) 0.244 0.313 0.050 0.236 0.382 

Locus 142 : 
2 alleles
0.0% missing data
   3   (0.643) 0.633 0.356 0.950 0.581 0.870 
   2   (0.357) 0.367 0.644 0.050 0.419 0.130 

Locus 143 : 
2 alleles
0.0% missing data
   2   (0.936) 0.949 0.992 0.997 0.997 0.966 
   3   (0.064) 0.051 0.008 0.003 0.003 0.034 

Locus 144 : 
3 alleles
0.8% missing data
   4   (0.603) 0.597 0.725 0.276 0.963 0.462 
   1   (0.369) 0.394 0.271 0.016 0.033 0.536 
   0   (0.028) 0.009 0.004 0.708 0.004 0.002 

Locus 145 : 
2 alleles
0.0% missing data
   1   (0.170) 0.184 0.023 0.010 0.286 0.050 
   3   (0.830) 0.816 0.977 0.990 0.714 0.950 

Locus 146 : 
2 alleles
0.0% missing data
   4   (0.918) 0.933 0.987 0.996 0.997 0.876 
   1   (0.082) 0.067 0.013 0.004 0.003 0.124 

Locus 147 : 
2 alleles
0.8% missing data
   1   (0.362) 0.365 0.539 0.049 0.424 0.187 
   4   (0.638) 0.635 0.461 0.951 0.576 0.813 

Locus 148 : 
2 alleles
0.0% missing data
   3   (0.724) 0.698 0.324 0.243 0.628 0.983 
   1   (0.276) 0.302 0.676 0.757 0.372 0.017 

Locus 149 : 
3 alleles
1.6% missing data
   2   (0.497) 0.556 0.190 0.288 0.604 0.441 
   3   (0.451) 0.408 0.803 0.709 0.393 0.535 
   0   (0.052) 0.036 0.007 0.003 0.003 0.023 

Locus 150 : 
2 alleles
0.0% missing data
   1   (0.717) 0.657 0.956 0.976 0.899 0.800 
   4   (0.283) 0.343 0.044 0.024 0.101 0.200 

Locus 151 : 
2 alleles
0.0% missing data
   3   (0.720) 0.702 0.960 0.302 0.416 0.887 
   2   (0.280) 0.298 0.040 0.698 0.584 0.113 

Locus 152 : 
2 alleles
0.0% missing data
   4   (0.926) 0.930 0.830 0.997 0.997 0.995 
   2   (0.074) 0.070 0.170 0.003 0.003 0.005 

Locus 153 : 
2 alleles
0.0% missing data
   1   (0.638) 0.683 0.652 0.543 0.684 0.500 
   4   (0.362) 0.317 0.348 0.457 0.316 0.500 

Locus 154 : 
2 alleles
0.8% missing data
   1   (0.553) 0.616 0.513 0.786 0.894 0.107 
   3   (0.447) 0.384 0.487 0.214 0.106 0.893 

Locus 155 : 
2 alleles
0.0% missing data
   3   (0.570) 0.511 0.771 0.964 0.840 0.633 
   4   (0.430) 0.489 0.229 0.036 0.160 0.367 

Locus 156 : 
2 alleles
0.8% missing data
   1   (0.817) 0.863 0.973 0.990 0.971 0.216 
   2   (0.183) 0.137 0.027 0.010 0.029 0.784 

Locus 157 : 
2 alleles
0.0% missing data
   4   (0.583) 0.568 0.665 0.972 0.739 0.558 
   2   (0.417) 0.432 0.335 0.028 0.261 0.442 

Locus 158 : 
2 alleles
0.8% missing data
   1   (0.704) 0.671 0.802 0.914 0.752 0.902 
   2   (0.296) 0.329 0.198 0.086 0.248 0.098 

Locus 159 : 
3 alleles
0.8% missing data
   2   (0.839) 0.874 0.978 0.977 0.852 0.518 
   0   (0.064) 0.056 0.009 0.002 0.145 0.004 
   3   (0.097) 0.070 0.013 0.021 0.003 0.478 

Locus 160 : 
3 alleles
0.0% missing data
   1   (0.445) 0.504 0.473 0.127 0.482 0.183 
   3   (0.520) 0.465 0.519 0.872 0.517 0.815 
   0   (0.036) 0.032 0.008 0.001 0.001 0.002 

Locus 161 : 
2 alleles
0.8% missing data
   1   (0.513) 0.549 0.181 0.477 0.515 0.536 
   4   (0.487) 0.451 0.819 0.523 0.485 0.464 

Locus 162 : 
3 alleles
3.1% missing data
   1   (0.894) 0.921 0.985 0.996 0.996 0.933 
   0   (0.076) 0.069 0.010 0.003 0.003 0.044 
   2   (0.030) 0.010 0.004 0.001 0.001 0.023 

Locus 163 : 
2 alleles
0.0% missing data
   2   (0.877) 0.924 0.982 0.980 0.848 0.658 
   3   (0.123) 0.076 0.018 0.020 0.152 0.342 

Locus 164 : 
3 alleles
0.8% missing data
   4   (0.865) 0.923 0.981 0.942 0.802 0.856 
   1   (0.103) 0.066 0.014 0.056 0.197 0.123 
   0   (0.031) 0.010 0.005 0.001 0.001 0.022 

Locus 165 : 
2 alleles
0.0% missing data
   4   (0.800) 0.853 0.860 0.879 0.824 0.680 
   1   (0.200) 0.147 0.140 0.121 0.176 0.320 

Locus 166 : 
2 alleles
0.8% missing data
   2   (0.862) 0.898 0.977 0.926 0.986 0.502 
   3   (0.138) 0.102 0.023 0.074 0.014 0.498 

Locus 167 : 
2 alleles
0.0% missing data
   2   (0.644) 0.728 0.648 0.438 0.777 0.245 
   3   (0.356) 0.272 0.352 0.562 0.223 0.755 

Locus 168 : 
2 alleles
0.0% missing data
   3   (0.735) 0.740 0.740 0.955 0.907 0.786 
   2   (0.265) 0.260 0.260 0.045 0.093 0.214 

Locus 169 : 
3 alleles
2.4% missing data
   4   (0.411) 0.477 0.174 0.015 0.585 0.154 
   3   (0.558) 0.511 0.822 0.023 0.412 0.845 
   0   (0.031) 0.012 0.004 0.962 0.003 0.002 

Locus 170 : 
2 alleles
0.0% missing data
   1   (0.748) 0.823 0.536 0.573 0.551 0.692 
   3   (0.252) 0.177 0.464 0.427 0.449 0.308 

Locus 171 : 
3 alleles
3.1% missing data
   2   (0.830) 0.884 0.974 0.989 0.954 0.652 
   3   (0.138) 0.106 0.022 0.008 0.045 0.302 
   0   (0.032) 0.011 0.004 0.003 0.001 0.045 

Locus 172 : 
2 alleles
0.0% missing data
   4   (0.721) 0.718 0.958 0.709 0.613 0.724 
   1   (0.279) 0.282 0.042 0.291 0.387 0.276 

Locus 173 : 
2 alleles
0.0% missing data
   2   (0.763) 0.831 0.553 0.601 0.533 0.780 
   3   (0.237) 0.169 0.447 0.399 0.467 0.220 

Locus 174 : 
2 alleles
0.0% missing data
   4   (0.739) 0.763 0.847 0.867 0.807 0.699 
   1   (0.261) 0.237 0.153 0.133 0.193 0.301 

Locus 175 : 
2 alleles
0.0% missing data
   2   (0.732) 0.764 0.859 0.937 0.757 0.627 
   4   (0.268) 0.236 0.141 0.063 0.243 0.373 

Locus 176 : 
2 alleles
0.8% missing data
   4   (0.952) 0.944 0.993 0.998 0.998 0.997 
   1   (0.048) 0.056 0.007 0.002 0.002 0.003 

Locus 177 : 
2 alleles
0.0% missing data
   3   (0.488) 0.431 0.654 0.547 0.538 0.690 
   2   (0.512) 0.569 0.346 0.453 0.462 0.310 

Locus 178 : 
3 alleles
2.4% missing data
   3   (0.612) 0.590 0.618 0.974 0.631 0.823 
   2   (0.360) 0.401 0.281 0.026 0.369 0.175 
   0   (0.028) 0.009 0.101 0.001 0.001 0.002 

Locus 179 : 
2 alleles
0.0% missing data
   3   (0.899) 0.932 0.986 0.993 0.966 0.842 
   2   (0.101) 0.068 0.014 0.007 0.034 0.158 

Locus 180 : 
3 alleles
1.6% missing data
   3   (0.551) 0.590 0.666 0.971 0.787 0.179 
   2   (0.401) 0.353 0.327 0.027 0.212 0.818 
   0   (0.047) 0.057 0.006 0.002 0.001 0.003 

Locus 181 : 
2 alleles
0.0% missing data
   2   (0.722) 0.743 0.959 0.427 0.762 0.559 
   1   (0.278) 0.257 0.041 0.573 0.238 0.441 

Locus 182 : 
2 alleles
1.6% missing data
   4   (0.790) 0.809 0.871 0.991 0.507 0.917 
   2   (0.210) 0.191 0.129 0.009 0.493 0.083 

Locus 183 : 
2 alleles
0.0% missing data
   4   (0.884) 0.892 0.980 0.985 0.900 0.975 
   2   (0.116) 0.108 0.020 0.015 0.100 0.025 

Locus 184 : 
2 alleles
0.0% missing data
   2   (0.886) 0.923 0.785 0.995 0.970 0.964 
   3   (0.114) 0.077 0.215 0.005 0.030 0.036 

Locus 185 : 
2 alleles
0.0% missing data
   2   (0.778) 0.837 0.546 0.961 0.800 0.728 
   3   (0.222) 0.163 0.454 0.039 0.200 0.272 

Locus 186 : 
2 alleles
0.0% missing data
   2   (0.914) 0.915 0.988 0.996 0.616 0.995 
   3   (0.086) 0.085 0.012 0.004 0.384 0.005 

Locus 187 : 
2 alleles
0.0% missing data
   3   (0.904) 0.948 0.782 0.995 0.956 0.968 
   2   (0.096) 0.052 0.218 0.005 0.044 0.032 

Locus 188 : 
2 alleles
2.4% missing data
   2   (0.752) 0.770 0.965 0.955 0.731 0.569 
   3   (0.248) 0.230 0.035 0.045 0.269 0.431 

Locus 189 : 
3 alleles
3.1% missing data
   3   (0.636) 0.704 0.749 0.181 0.510 0.590 
   1   (0.308) 0.259 0.243 0.816 0.488 0.361 
   0   (0.055) 0.037 0.008 0.003 0.002 0.048 

Locus 190 : 
2 alleles
0.0% missing data
   1   (0.880) 0.850 0.983 0.985 0.995 0.954 
   5   (0.120) 0.150 0.017 0.015 0.005 0.046 

Locus 191 : 
2 alleles
0.0% missing data
   1   (0.803) 0.763 0.830 0.783 0.675 0.989 
   5   (0.197) 0.237 0.170 0.217 0.325 0.011 

Locus 192 : 
2 alleles
0.0% missing data
   2   (0.576) 0.616 0.242 0.453 0.804 0.513 
   1   (0.424) 0.384 0.758 0.547 0.196 0.487 

Locus 193 : 
2 alleles
2.4% missing data
   1   (0.934) 0.953 0.991 0.998 0.998 0.905 
   4   (0.066) 0.047 0.009 0.002 0.002 0.095 

Locus 194 : 
2 alleles
0.0% missing data
   3   (0.790) 0.753 0.969 0.992 0.992 0.678 
   2   (0.210) 0.247 0.031 0.008 0.008 0.322 

Locus 195 : 
2 alleles
6.3% missing data
   4   (0.586) 0.520 0.673 0.958 0.986 0.470 
   1   (0.414) 0.480 0.327 0.042 0.014 0.530 

Locus 196 : 
2 alleles
0.8% missing data
   3   (0.885) 0.895 0.984 0.982 0.755 0.975 
   2   (0.115) 0.105 0.016 0.018 0.245 0.025 

Locus 197 : 
2 alleles
0.8% missing data
   3   (0.673) 0.657 0.791 0.971 0.739 0.768 
   4   (0.327) 0.343 0.209 0.029 0.261 0.232 

Locus 198 : 
2 alleles
0.0% missing data
   1   (0.964) 0.988 0.995 0.998 0.999 0.898 
   2   (0.036) 0.012 0.005 0.002 0.001 0.102 

Locus 199 : 
2 alleles
0.0% missing data
   2   (0.858) 0.869 0.980 0.993 0.995 0.558 
   3   (0.142) 0.131 0.020 0.007 0.005 0.442 

Locus 200 : 
2 alleles
0.0% missing data
   2   (0.525) 0.524 0.444 0.900 0.590 0.492 
   4   (0.475) 0.476 0.556 0.100 0.410 0.508 

Locus 201 : 
2 alleles
0.8% missing data
   2   (0.704) 0.668 0.956 0.897 0.990 0.342 
   1   (0.296) 0.332 0.044 0.103 0.010 0.658 

Locus 202 : 
2 alleles
0.0% missing data
   1   (0.905) 0.932 0.825 0.991 0.736 0.995 
   3   (0.095) 0.068 0.175 0.009 0.264 0.005 

Locus 203 : 
2 alleles
0.8% missing data
   2   (0.717) 0.677 0.591 0.982 0.991 0.765 
   1   (0.283) 0.323 0.409 0.018 0.009 0.235 

Locus 204 : 
2 alleles
0.0% missing data
   2   (0.838) 0.807 0.978 0.993 0.994 0.820 
   5   (0.162) 0.193 0.022 0.007 0.006 0.180 

Locus 205 : 
2 alleles
0.0% missing data
   3   (0.678) 0.683 0.647 0.049 0.691 0.883 
   1   (0.322) 0.317 0.353 0.951 0.309 0.117 

Locus 206 : 
2 alleles
0.0% missing data
   4   (0.584) 0.576 0.890 0.477 0.323 0.600 
   1   (0.416) 0.424 0.110 0.523 0.677 0.400 

Locus 207 : 
2 alleles
0.8% missing data
   3   (0.814) 0.807 0.666 0.982 0.994 0.883 
   2   (0.186) 0.193 0.334 0.018 0.006 0.117 

Locus 208 : 
2 alleles
1.6% missing data
   1   (0.740) 0.737 0.797 0.980 0.991 0.529 
   2   (0.260) 0.263 0.203 0.020 0.009 0.471 

Locus 209 : 
3 alleles
0.0% missing data
   3   (0.940) 0.980 0.992 0.997 0.901 0.997 
   2   (0.031) 0.010 0.004 0.002 0.070 0.002 
   0   (0.029) 0.010 0.004 0.001 0.029 0.002 

Locus 210 : 
2 alleles
0.0% missing data
   2   (0.631) 0.667 0.104 0.982 0.978 0.451 
   4   (0.369) 0.333 0.896 0.018 0.022 0.549 

Locus 211 : 
2 alleles
0.0% missing data
   2   (0.893) 0.907 0.979 0.995 0.996 0.763 
   4   (0.107) 0.093 0.021 0.005 0.004 0.237 

Locus 212 : 
2 alleles
0.0% missing data
   4   (0.747) 0.777 0.845 0.745 0.776 0.748 
   1   (0.253) 0.223 0.155 0.255 0.224 0.252 

Locus 213 : 
2 alleles
0.0% missing data
   3   (0.733) 0.834 0.606 0.180 0.230 0.622 
   2   (0.267) 0.166 0.394 0.820 0.770 0.378 

Locus 214 : 
2 alleles
0.0% missing data
   1   (0.731) 0.783 0.714 0.273 0.890 0.661 
   4   (0.269) 0.217 0.286 0.727 0.110 0.339 

Locus 215 : 
2 alleles
0.0% missing data
   4   (0.334) 0.349 0.531 0.419 0.312 0.094 
   5   (0.666) 0.651 0.469 0.581 0.688 0.906 

Locus 216 : 
2 alleles
0.0% missing data
   3   (0.896) 0.938 0.985 0.996 0.899 0.803 
   1   (0.104) 0.062 0.015 0.004 0.101 0.197 

Locus 217 : 
2 alleles
0.0% missing data
   3   (0.878) 0.903 0.821 0.994 0.996 0.865 
   2   (0.122) 0.097 0.179 0.006 0.004 0.135 

Locus 218 : 
2 alleles
0.0% missing data
   3   (0.435) 0.494 0.069 0.745 0.216 0.433 
   2   (0.565) 0.506 0.931 0.255 0.784 0.567 

Locus 219 : 
2 alleles
0.0% missing data
   4   (0.751) 0.783 0.769 0.989 0.992 0.291 
   2   (0.249) 0.217 0.231 0.011 0.008 0.709 

Locus 220 : 
2 alleles
0.0% missing data
   3   (0.760) 0.793 0.696 0.944 0.952 0.664 
   2   (0.240) 0.207 0.304 0.056 0.048 0.336 

Locus 221 : 
2 alleles
0.0% missing data
   3   (0.790) 0.815 0.696 0.875 0.771 0.917 
   2   (0.210) 0.185 0.304 0.125 0.229 0.083 

Locus 222 : 
2 alleles
0.0% missing data
   2   (0.718) 0.720 0.639 0.987 0.991 0.495 
   3   (0.282) 0.280 0.361 0.013 0.009 0.505 

Locus 223 : 
2 alleles
0.8% missing data
   1   (0.945) 0.972 0.993 0.998 0.998 0.794 
   2   (0.055) 0.028 0.007 0.002 0.002 0.206 

Locus 224 : 
2 alleles
0.0% missing data
   5   (0.763) 0.820 0.867 0.974 0.878 0.425 
   1   (0.237) 0.180 0.133 0.026 0.122 0.575 

Locus 225 : 
2 alleles
0.8% missing data
   2   (0.744) 0.776 0.759 0.966 0.628 0.787 
   3   (0.256) 0.224 0.241 0.034 0.372 0.213 

Locus 226 : 
2 alleles
0.0% missing data
   3   (0.923) 0.874 0.988 0.997 0.998 0.995 
   1   (0.077) 0.126 0.012 0.003 0.002 0.005 

Values of parameters used in structure:
DATAFILE=/Users/ddayan/FRA/small_omy_projects/sf_crooked_river_2021/structure_SFGL_Omy269/project_data,	OUTFILE=/Users/ddayan/FRA/small_omy_projects/sf_crooked_river_2021/structure_SFGL_Omy269/5k10kadmcorr/Results/5k10kadmcorr_run_48,	NUMINDS=127,	NUMLOCI=226,	MISSING=-9,	LABEL=0,	POPDATA=1,	POPFLAG=0,	PHENOTYPE=0,	EXTRACOLS=0,	MAXPOPS=5,	BURNIN=5000,	NUMREPS=10000,	USEPOPINFO=0,	INFERALPHA=1,	INFERLAMBDA=0,	POPSPECIFICLAMBDA=0,	POPALPHAS=0,	COMPUTEPROB=1,	NOADMIX=0,	ADMBURNIN=2500,	UPDATEFREQ=1,	PRINTLIKES=0,	INTERMEDSAVE=0,	PRINTKLD=0,	PRINTNET=0,	PRINTLAMBDA=0,	ANCESTDIST=0,	NUMBOXES=1000,	ANCESTPINT=0.90000,	GENSBACK=2,	MIGRPRIOR=0.05000,	PRINTQHAT=0,	PRINTQSUM=0,	ALPHA=1.0000,	FREQSCORR=1,	FPRIORMEAN=0.0100,	FPRIORSD=0.0500,	ONEFST=0,	LAMBDA=1.0000,	UNIFPRIORALPHA=1,	ALPHAMAX=10.0000,	ALPHAPRIORA=1.0000,	ALPHAPRIORB=2.0000,	ALPHAPROPSD=0.0250,	STARTATPOPINFO=0,	RANDOMIZE=1,	LINKAGE=0,	METROFREQ=10,	REPORTHITRATE=0,	MARKOVPHASE=-1,	PHASED=0,	PLOIDY=2,	PHASEINFO=0	LOCPRIOR=0, 	LOCPRIORINIT=1.000000, 	LOCDATA=0, 	LOCISPOP=0, 	LOCPRIORSTEP=0.100000, 	MAXLOCPRIOR=20.000000, 	SEED=1642737520,	
[STRAT parameters]:    NUMSIMSTATS=1000,	PHENOTYPECOL=-9,	POOLFREQ=10,	LOCUSxONLY=0,	EMERROR=0.00100,	MISSINGPHENO=-9,	