

----------------------------------------------------
STRUCTURE by Pritchard, Stephens and Donnelly (2000)
     and Falush, Stephens and Pritchard (2003)
       Code by Pritchard, Falush and Hubisz
             Version 2.3.4 (Jul 2012)
----------------------------------------------------



Command line arguments:   bin/structure -m "/Users/ddayan/FRA/small_omy_projects/sf_crooked_river_2021/structure_SFGL_Omy269/5k10kadmcorr/mainparams" -e "/Users/ddayan/FRA/small_omy_projects/sf_crooked_river_2021/structure_SFGL_Omy269/5k10kadmcorr/extraparams" 
Input File:    /Users/ddayan/FRA/small_omy_projects/sf_crooked_river_2021/structure_SFGL_Omy269/project_data

Run parameters:
   127 individuals
   226 loci
   6 populations assumed
   5000 Burn-in period
   10000 Reps


--------------------------------------------
Proportion of membership of each pre-defined
 population in each of the 6 clusters

Given    Inferred Clusters                            Number of
 Pop       1      2      3      4      5      6      Individuals

  1:     0.003  0.002  0.003  0.003  0.004  0.986       35
  2:     0.035  0.778  0.084  0.093  0.005  0.004       17
  3:     0.306  0.010  0.251  0.177  0.200  0.057       41
  4:     0.006  0.969  0.008  0.007  0.005  0.005       34
--------------------------------------------

Allele-freq. divergence among pops (Net nucleotide distance),
computed using point estimates of P.

      1       2       3       4       5       6      
 1      -    0.0413  0.0175  0.0146  0.0371  0.0390  
 2   0.0413     -    0.0418  0.0336  0.0659  0.0789  
 3   0.0175  0.0418     -    0.0158  0.0390  0.0401  
 4   0.0146  0.0336  0.0158     -    0.0427  0.0374  
 5   0.0371  0.0659  0.0390  0.0427     -    0.0589  
 6   0.0390  0.0789  0.0401  0.0374  0.0589     -    

Average distances (expected heterozygosity) between individuals in same cluster:
cluster  1  : 0.3275 
cluster  2  : 0.3339 
cluster  3  : 0.3225 
cluster  4  : 0.3428 
cluster  5  : 0.2744 
cluster  6  : 0.2449 

--------------------------------------------
Estimated Ln Prob of Data   = -26497.2
Mean value of ln likelihood = -25981.9
Variance of ln likelihood   = 1030.7
Mean value of alpha         = 0.0310

Mean value of Fst_1         = 0.0837
Mean value of Fst_2         = 0.1547
Mean value of Fst_3         = 0.0996
Mean value of Fst_4         = 0.0746
Mean value of Fst_5         = 0.2728
Mean value of Fst_6         = 0.2971


Inferred ancestry of individuals:
     (%Miss) Pop:  Inferred clusters
  1    (0)    1 :  0.002 0.001 0.001 0.002 0.002 0.992 
  2    (0)    1 :  0.006 0.006 0.006 0.009 0.005 0.968 
  3    (0)    1 :  0.001 0.001 0.002 0.001 0.001 0.994 
  4    (0)    1 :  0.002 0.001 0.002 0.002 0.001 0.992 
  5    (0)    1 :  0.001 0.003 0.002 0.001 0.001 0.992 
  6    (0)    1 :  0.002 0.001 0.003 0.003 0.002 0.989 
  7    (0)    1 :  0.001 0.001 0.001 0.001 0.002 0.995 
  8    (0)    1 :  0.006 0.002 0.006 0.002 0.003 0.982 
  9    (0)    1 :  0.002 0.001 0.001 0.001 0.001 0.994 
 10    (0)    1 :  0.002 0.001 0.002 0.002 0.002 0.991 
 11    (0)    1 :  0.008 0.004 0.009 0.004 0.056 0.920 
 12    (0)    1 :  0.007 0.008 0.006 0.007 0.003 0.969 
 13    (0)    1 :  0.001 0.000 0.001 0.001 0.003 0.994 
 14    (0)    1 :  0.003 0.001 0.002 0.002 0.002 0.991 
 15    (0)    1 :  0.001 0.001 0.002 0.002 0.001 0.992 
 16    (0)    1 :  0.004 0.001 0.003 0.001 0.006 0.985 
 17    (0)    1 :  0.010 0.001 0.010 0.007 0.002 0.969 
 18    (0)    1 :  0.007 0.012 0.014 0.036 0.001 0.929 
 19    (0)    1 :  0.000 0.001 0.001 0.001 0.005 0.991 
 20    (0)    1 :  0.001 0.000 0.002 0.002 0.002 0.993 
 21    (0)    1 :  0.003 0.002 0.002 0.002 0.002 0.989 
 22    (0)    1 :  0.006 0.002 0.003 0.004 0.002 0.985 
 23    (0)    1 :  0.001 0.001 0.001 0.001 0.001 0.995 
 24    (0)    1 :  0.002 0.001 0.001 0.001 0.002 0.992 
 25    (0)    1 :  0.004 0.002 0.002 0.002 0.002 0.988 
 26    (0)    1 :  0.001 0.001 0.001 0.001 0.001 0.995 
 27    (0)    1 :  0.001 0.001 0.001 0.001 0.001 0.995 
 28    (0)    1 :  0.003 0.001 0.002 0.004 0.002 0.987 
 29    (0)    1 :  0.001 0.001 0.002 0.001 0.001 0.993 
 30    (0)    1 :  0.001 0.001 0.001 0.001 0.001 0.995 
 31    (0)    1 :  0.002 0.002 0.002 0.001 0.003 0.990 
 32    (0)    1 :  0.001 0.001 0.002 0.002 0.003 0.991 
 33    (0)    1 :  0.001 0.001 0.001 0.001 0.001 0.995 
 34    (0)    1 :  0.001 0.000 0.001 0.001 0.001 0.995 
 35    (0)    1 :  0.003 0.001 0.003 0.002 0.001 0.989 
 36    (0)    2 :  0.027 0.790 0.064 0.115 0.001 0.003 
 37    (0)    2 :  0.007 0.963 0.003 0.015 0.002 0.010 
 38    (0)    3 :  0.961 0.001 0.018 0.003 0.014 0.003 
 39    (0)    3 :  0.003 0.001 0.002 0.985 0.001 0.009 
 40    (0)    3 :  0.003 0.002 0.013 0.928 0.003 0.050 
 41    (0)    3 :  0.341 0.026 0.030 0.591 0.007 0.005 
 42    (0)    3 :  0.909 0.034 0.002 0.019 0.033 0.003 
 43    (0)    2 :  0.002 0.993 0.001 0.002 0.001 0.001 
 44    (0)    2 :  0.412 0.084 0.422 0.055 0.015 0.012 
 45    (0)    2 :  0.004 0.985 0.003 0.004 0.001 0.002 
 46    (0)    2 :  0.005 0.982 0.005 0.002 0.002 0.003 
 47    (0)    2 :  0.023 0.537 0.003 0.417 0.018 0.002 
 48    (0)    2 :  0.005 0.115 0.011 0.861 0.006 0.003 
 49    (0)    2 :  0.062 0.412 0.471 0.021 0.007 0.027 
 50    (0)    2 :  0.006 0.983 0.003 0.004 0.002 0.001 
 51    (0)    2 :  0.003 0.947 0.004 0.037 0.007 0.002 
 52    (0)    3 :  0.817 0.006 0.132 0.009 0.019 0.017 
 53    (0)    3 :  0.047 0.004 0.138 0.782 0.003 0.026 
 54    (0)    3 :  0.017 0.007 0.902 0.063 0.008 0.003 
 55    (0)    3 :  0.753 0.163 0.060 0.011 0.004 0.009 
 56    (0)    3 :  0.002 0.001 0.001 0.001 0.991 0.003 
 57    (0)    3 :  0.834 0.005 0.018 0.004 0.005 0.134 
 58    (0)    3 :  0.002 0.002 0.989 0.002 0.003 0.002 
 59    (0)    3 :  0.005 0.011 0.034 0.947 0.001 0.002 
 60    (0)    3 :  0.001 0.001 0.002 0.001 0.993 0.002 
 61    (0)    3 :  0.001 0.001 0.002 0.002 0.993 0.001 
 62    (0)    3 :  0.967 0.007 0.004 0.011 0.009 0.002 
 63    (0)    3 :  0.989 0.002 0.002 0.002 0.002 0.003 
 64    (0)    3 :  0.365 0.002 0.113 0.037 0.004 0.478 
 65    (0)    3 :  0.315 0.011 0.177 0.025 0.002 0.470 
 66    (0)    3 :  0.033 0.002 0.050 0.532 0.002 0.382 
 67    (0)    3 :  0.143 0.009 0.029 0.565 0.025 0.229 
 68    (0)    3 :  0.001 0.001 0.002 0.001 0.994 0.001 
 69    (0)    3 :  0.028 0.042 0.029 0.518 0.001 0.382 
 70    (0)    3 :  0.006 0.002 0.003 0.004 0.983 0.002 
 71    (0)    3 :  0.002 0.001 0.004 0.002 0.987 0.004 
 72    (0)    3 :  0.002 0.001 0.003 0.002 0.989 0.003 
 73    (0)    3 :  0.001 0.002 0.950 0.004 0.040 0.004 
 74    (0)    3 :  0.049 0.002 0.898 0.046 0.002 0.004 
 75    (0)    3 :  0.977 0.001 0.015 0.002 0.002 0.004 
 76    (0)    3 :  0.007 0.005 0.962 0.019 0.002 0.005 
 77    (0)    3 :  0.001 0.001 0.992 0.002 0.003 0.002 
 78    (0)    3 :  0.922 0.003 0.017 0.006 0.030 0.023 
 79    (0)    3 :  0.046 0.005 0.905 0.029 0.004 0.012 
 80    (0)    3 :  0.989 0.001 0.004 0.001 0.001 0.004 
 81    (0)    3 :  0.987 0.001 0.001 0.004 0.005 0.003 
 82    (0)    3 :  0.043 0.023 0.906 0.015 0.004 0.010 
 83    (0)    3 :  0.002 0.003 0.983 0.003 0.003 0.006 
 84    (0)    3 :  0.956 0.001 0.014 0.004 0.017 0.008 
 85    (0)    3 :  0.001 0.001 0.001 0.001 0.995 0.001 
 86    (0)    3 :  0.003 0.005 0.005 0.984 0.001 0.001 
 87    (0)    3 :  0.016 0.008 0.871 0.088 0.001 0.015 
 88    (0)    2 :  0.002 0.991 0.003 0.002 0.001 0.001 
 89    (0)    2 :  0.003 0.987 0.002 0.003 0.002 0.002 
 90    (0)    2 :  0.002 0.987 0.002 0.006 0.002 0.001 
 91    (0)    2 :  0.028 0.520 0.422 0.017 0.011 0.002 
 92    (0)    2 :  0.003 0.965 0.003 0.013 0.013 0.003 
 93    (0)    2 :  0.002 0.991 0.001 0.005 0.001 0.001 
 94    (0)    4 :  0.001 0.990 0.003 0.001 0.002 0.003 
 95    (0)    4 :  0.002 0.988 0.005 0.002 0.001 0.002 
 96    (2)    4 :  0.015 0.971 0.004 0.005 0.004 0.002 
 97    (0)    4 :  0.011 0.941 0.020 0.011 0.008 0.009 
 98    (1)    4 :  0.020 0.942 0.019 0.011 0.005 0.004 
 99    (0)    4 :  0.003 0.969 0.013 0.005 0.005 0.006 
100    (1)    4 :  0.012 0.972 0.002 0.003 0.010 0.002 
101    (0)    4 :  0.010 0.966 0.014 0.007 0.002 0.002 
102    (0)    4 :  0.002 0.989 0.004 0.001 0.003 0.001 
103    (0)    4 :  0.009 0.958 0.009 0.006 0.010 0.008 
104    (1)    4 :  0.005 0.971 0.005 0.002 0.015 0.001 
105    (1)    4 :  0.002 0.993 0.002 0.001 0.001 0.001 
106    (2)    4 :  0.006 0.964 0.010 0.006 0.008 0.005 
107    (1)    4 :  0.002 0.991 0.002 0.002 0.002 0.002 
108    (0)    4 :  0.004 0.976 0.005 0.005 0.007 0.003 
109    (1)    4 :  0.005 0.964 0.003 0.003 0.001 0.024 
110    (3)    4 :  0.002 0.989 0.003 0.003 0.002 0.001 
111    (0)    4 :  0.011 0.956 0.008 0.013 0.004 0.009 
112    (1)    4 :  0.005 0.979 0.006 0.005 0.002 0.002 
113    (1)    4 :  0.001 0.992 0.002 0.002 0.001 0.002 
114    (0)    4 :  0.001 0.996 0.001 0.001 0.001 0.001 
115    (1)    4 :  0.002 0.990 0.001 0.002 0.001 0.003 
116    (1)    4 :  0.013 0.887 0.064 0.024 0.006 0.006 
117    (0)    4 :  0.004 0.964 0.013 0.005 0.001 0.013 
118    (3)    4 :  0.003 0.982 0.006 0.005 0.002 0.002 
119    (2)    4 :  0.003 0.897 0.007 0.064 0.004 0.025 
120    (2)    4 :  0.004 0.977 0.005 0.006 0.005 0.002 
121    (0)    4 :  0.004 0.965 0.007 0.009 0.003 0.012 
122    (1)    4 :  0.002 0.979 0.003 0.003 0.009 0.003 
123    (0)    4 :  0.001 0.994 0.001 0.001 0.002 0.001 
124   (15)    4 :  0.009 0.956 0.017 0.008 0.007 0.003 
125    (1)    4 :  0.014 0.950 0.006 0.013 0.006 0.011 
126    (0)    4 :  0.007 0.960 0.002 0.006 0.021 0.005 
127    (2)    4 :  0.002 0.975 0.003 0.012 0.003 0.005 


Estimated Allele Frequencies in each cluster
First column gives estimated ancestral frequencies


Locus 1 : 
2 alleles
0.0% missing data
   3   (0.932) 0.979 0.911 0.980 0.854 0.990 0.998 
   2   (0.068) 0.021 0.089 0.020 0.146 0.010 0.002 

Locus 2 : 
2 alleles
0.0% missing data
   2   (0.339) 0.510 0.365 0.269 0.328 0.049 0.169 
   3   (0.661) 0.490 0.635 0.731 0.672 0.951 0.831 

Locus 3 : 
2 alleles
0.0% missing data
   2   (0.347) 0.521 0.340 0.207 0.304 0.213 0.252 
   4   (0.653) 0.479 0.660 0.793 0.696 0.787 0.748 

Locus 4 : 
2 alleles
0.0% missing data
   1   (0.685) 0.737 0.928 0.681 0.581 0.368 0.888 
   4   (0.315) 0.263 0.072 0.319 0.419 0.632 0.112 

Locus 5 : 
2 alleles
3.1% missing data
   2   (0.805) 0.800 0.739 0.891 0.771 0.972 0.952 
   1   (0.195) 0.200 0.261 0.109 0.229 0.028 0.048 

Locus 6 : 
2 alleles
2.4% missing data
   1   (0.221) 0.180 0.193 0.214 0.203 0.033 0.385 
   3   (0.779) 0.820 0.807 0.786 0.797 0.967 0.615 

Locus 7 : 
2 alleles
0.0% missing data
   2   (0.630) 0.693 0.413 0.553 0.671 0.947 0.457 
   3   (0.370) 0.307 0.587 0.447 0.329 0.053 0.543 

Locus 8 : 
2 alleles
2.4% missing data
   1   (0.251) 0.246 0.166 0.208 0.201 0.250 0.263 
   2   (0.749) 0.754 0.834 0.792 0.799 0.750 0.737 

Locus 9 : 
2 alleles
0.8% missing data
   4   (0.962) 0.989 0.822 0.989 0.983 0.994 0.999 
   1   (0.038) 0.011 0.178 0.011 0.017 0.006 0.001 

Locus 10 : 
2 alleles
0.0% missing data
   3   (0.730) 0.887 0.519 0.776 0.536 0.644 0.991 
   2   (0.270) 0.113 0.481 0.224 0.464 0.356 0.009 

Locus 11 : 
2 alleles
0.0% missing data
   2   (0.949) 0.985 0.772 0.986 0.954 0.993 0.998 
   1   (0.051) 0.015 0.228 0.014 0.046 0.007 0.002 

Locus 12 : 
2 alleles
0.0% missing data
   1   (0.486) 0.623 0.278 0.639 0.336 0.229 0.825 
   4   (0.514) 0.377 0.722 0.361 0.664 0.771 0.175 

Locus 13 : 
2 alleles
0.8% missing data
   2   (0.694) 0.611 0.585 0.834 0.737 0.797 0.799 
   4   (0.306) 0.389 0.415 0.166 0.263 0.203 0.201 

Locus 14 : 
2 alleles
0.0% missing data
   4   (0.696) 0.715 0.575 0.695 0.816 0.531 0.799 
   2   (0.304) 0.285 0.425 0.305 0.184 0.469 0.201 

Locus 15 : 
2 alleles
0.0% missing data
   4   (0.875) 0.955 0.885 0.904 0.697 0.982 0.996 
   2   (0.125) 0.045 0.115 0.096 0.303 0.018 0.004 

Locus 16 : 
2 alleles
0.0% missing data
   1   (0.404) 0.286 0.385 0.351 0.448 0.480 0.690 
   4   (0.596) 0.714 0.615 0.649 0.552 0.520 0.310 

Locus 17 : 
2 alleles
0.0% missing data
   4   (0.917) 0.975 0.937 0.851 0.963 0.884 0.997 
   3   (0.083) 0.025 0.063 0.149 0.037 0.116 0.003 

Locus 18 : 
2 alleles
0.0% missing data
   2   (0.784) 0.719 0.786 0.851 0.821 0.969 0.786 
   3   (0.216) 0.281 0.214 0.149 0.179 0.031 0.214 

Locus 19 : 
2 alleles
0.8% missing data
   4   (0.868) 0.959 0.819 0.876 0.801 0.981 0.984 
   2   (0.132) 0.041 0.181 0.124 0.199 0.019 0.016 

Locus 20 : 
2 alleles
0.0% missing data
   2   (0.659) 0.584 0.662 0.738 0.640 0.950 0.562 
   3   (0.341) 0.416 0.338 0.262 0.360 0.050 0.438 

Locus 21 : 
2 alleles
0.8% missing data
   2   (0.352) 0.341 0.453 0.293 0.340 0.261 0.207 
   3   (0.648) 0.659 0.547 0.707 0.660 0.739 0.793 

Locus 22 : 
2 alleles
0.0% missing data
   4   (0.802) 0.881 0.727 0.926 0.773 0.704 0.874 
   2   (0.198) 0.119 0.273 0.074 0.227 0.296 0.126 

Locus 23 : 
2 alleles
2.4% missing data
   1   (0.353) 0.392 0.402 0.204 0.299 0.481 0.567 
   4   (0.647) 0.608 0.598 0.796 0.701 0.519 0.433 

Locus 24 : 
2 alleles
0.0% missing data
   3   (0.763) 0.797 0.609 0.498 0.813 0.966 0.992 
   2   (0.237) 0.203 0.391 0.502 0.187 0.034 0.008 

Locus 25 : 
2 alleles
0.0% missing data
   3   (0.707) 0.670 0.714 0.750 0.725 0.957 0.489 
   2   (0.293) 0.330 0.286 0.250 0.275 0.043 0.511 

Locus 26 : 
2 alleles
0.8% missing data
   2   (0.563) 0.629 0.553 0.462 0.445 0.937 0.724 
   4   (0.437) 0.371 0.447 0.538 0.555 0.063 0.276 

Locus 27 : 
2 alleles
1.6% missing data
   1   (0.593) 0.603 0.627 0.575 0.697 0.186 0.747 
   4   (0.407) 0.397 0.373 0.425 0.303 0.814 0.253 

Locus 28 : 
2 alleles
3.9% missing data
   3   (0.539) 0.483 0.661 0.432 0.668 0.288 0.581 
   2   (0.461) 0.517 0.339 0.568 0.332 0.712 0.419 

Locus 29 : 
2 alleles
0.0% missing data
   4   (0.195) 0.063 0.356 0.192 0.123 0.347 0.436 
   1   (0.805) 0.937 0.644 0.808 0.877 0.653 0.564 

Locus 30 : 
2 alleles
0.0% missing data
   1   (0.428) 0.352 0.464 0.427 0.409 0.497 0.570 
   4   (0.572) 0.648 0.536 0.573 0.591 0.503 0.430 

Locus 31 : 
2 alleles
3.1% missing data
   2   (0.306) 0.264 0.301 0.259 0.364 0.044 0.501 
   4   (0.694) 0.736 0.699 0.741 0.636 0.956 0.499 

Locus 32 : 
2 alleles
0.0% missing data
   4   (0.520) 0.657 0.665 0.449 0.413 0.346 0.646 
   3   (0.480) 0.343 0.335 0.551 0.587 0.654 0.354 

Locus 33 : 
2 alleles
0.8% missing data
   2   (0.538) 0.621 0.617 0.395 0.574 0.450 0.565 
   3   (0.462) 0.379 0.383 0.605 0.426 0.550 0.435 

Locus 34 : 
2 alleles
0.0% missing data
   3   (0.494) 0.538 0.566 0.452 0.439 0.448 0.607 
   2   (0.506) 0.462 0.434 0.548 0.561 0.552 0.393 

Locus 35 : 
2 alleles
0.0% missing data
   4   (0.663) 0.465 0.795 0.632 0.684 0.689 0.989 
   1   (0.337) 0.535 0.205 0.368 0.316 0.311 0.011 

Locus 36 : 
2 alleles
0.0% missing data
   4   (0.635) 0.666 0.415 0.655 0.593 0.948 0.787 
   1   (0.365) 0.334 0.585 0.345 0.407 0.052 0.213 

Locus 37 : 
2 alleles
0.8% missing data
   2   (0.567) 0.685 0.449 0.417 0.558 0.728 0.814 
   3   (0.433) 0.315 0.551 0.583 0.442 0.272 0.186 

Locus 38 : 
2 alleles
0.8% missing data
   1   (0.912) 0.952 0.989 0.969 0.824 0.779 0.997 
   2   (0.088) 0.048 0.011 0.031 0.176 0.221 0.003 

Locus 39 : 
2 alleles
1.6% missing data
   2   (0.602) 0.597 0.339 0.623 0.638 0.514 0.963 
   4   (0.398) 0.403 0.661 0.377 0.362 0.486 0.037 

Locus 40 : 
2 alleles
0.0% missing data
   1   (0.389) 0.170 0.816 0.431 0.330 0.485 0.400 
   4   (0.611) 0.830 0.184 0.569 0.670 0.515 0.600 

Locus 41 : 
2 alleles
0.0% missing data
   2   (0.904) 0.971 0.620 0.966 0.912 0.986 0.934 
   1   (0.096) 0.029 0.380 0.034 0.088 0.014 0.066 

Locus 42 : 
2 alleles
0.0% missing data
   2   (0.546) 0.630 0.604 0.431 0.558 0.509 0.526 
   4   (0.454) 0.370 0.396 0.569 0.442 0.491 0.474 

Locus 43 : 
2 alleles
0.0% missing data
   2   (0.423) 0.401 0.686 0.195 0.494 0.437 0.368 
   4   (0.577) 0.599 0.314 0.805 0.506 0.563 0.632 

Locus 44 : 
3 alleles
1.6% missing data
   3   (0.850) 0.905 0.921 0.957 0.766 0.978 0.837 
   2   (0.119) 0.086 0.077 0.034 0.156 0.018 0.162 
   0   (0.031) 0.009 0.002 0.009 0.078 0.004 0.001 

Locus 45 : 
2 alleles
0.0% missing data
   1   (0.789) 0.807 0.792 0.800 0.708 0.969 0.984 
   2   (0.211) 0.193 0.208 0.200 0.292 0.031 0.016 

Locus 46 : 
2 alleles
0.0% missing data
   4   (0.888) 0.819 0.955 0.964 0.918 0.773 0.996 
   2   (0.112) 0.181 0.045 0.036 0.082 0.227 0.004 

Locus 47 : 
2 alleles
0.0% missing data
   2   (0.877) 0.835 0.950 0.963 0.933 0.712 0.958 
   1   (0.123) 0.165 0.050 0.037 0.067 0.288 0.042 

Locus 48 : 
2 alleles
1.6% missing data
   2   (0.569) 0.630 0.525 0.565 0.515 0.835 0.428 
   4   (0.431) 0.370 0.475 0.435 0.485 0.165 0.572 

Locus 49 : 
2 alleles
0.0% missing data
   1   (0.734) 0.728 0.648 0.766 0.794 0.802 0.914 
   2   (0.266) 0.272 0.352 0.234 0.206 0.198 0.086 

Locus 50 : 
2 alleles
0.0% missing data
   4   (0.729) 0.859 0.738 0.694 0.786 0.642 0.437 
   1   (0.271) 0.141 0.262 0.306 0.214 0.358 0.563 

Locus 51 : 
2 alleles
0.0% missing data
   3   (0.546) 0.301 0.668 0.454 0.759 0.559 0.568 
   2   (0.454) 0.699 0.332 0.546 0.241 0.441 0.432 

Locus 52 : 
2 alleles
0.8% missing data
   4   (0.913) 0.900 0.874 0.963 0.936 0.988 0.997 
   2   (0.087) 0.100 0.126 0.037 0.064 0.012 0.003 

Locus 53 : 
2 alleles
0.0% missing data
   4   (0.930) 0.979 0.624 0.978 0.970 0.729 0.998 
   2   (0.070) 0.021 0.376 0.022 0.030 0.271 0.002 

Locus 54 : 
2 alleles
3.1% missing data
   3   (0.577) 0.469 0.704 0.659 0.515 0.666 0.838 
   4   (0.423) 0.531 0.296 0.341 0.485 0.334 0.162 

Locus 55 : 
2 alleles
0.0% missing data
   2   (0.606) 0.579 0.779 0.589 0.572 0.783 0.594 
   1   (0.394) 0.421 0.221 0.411 0.428 0.217 0.406 

Locus 56 : 
3 alleles
2.4% missing data
   1   (0.810) 0.942 0.733 0.750 0.771 0.605 0.994 
   0   (0.076) 0.023 0.020 0.022 0.178 0.117 0.002 
   4   (0.114) 0.035 0.246 0.228 0.051 0.278 0.004 

Locus 57 : 
2 alleles
0.0% missing data
   4   (0.885) 0.960 0.645 0.905 0.845 0.984 0.996 
   1   (0.115) 0.040 0.355 0.095 0.155 0.016 0.004 

Locus 58 : 
2 alleles
0.0% missing data
   4   (0.869) 0.843 0.970 0.842 0.878 0.980 0.987 
   2   (0.131) 0.157 0.030 0.158 0.122 0.020 0.013 

Locus 59 : 
2 alleles
0.0% missing data
   3   (0.858) 0.875 0.953 0.909 0.836 0.980 0.891 
   2   (0.142) 0.125 0.047 0.091 0.164 0.020 0.109 

Locus 60 : 
2 alleles
0.0% missing data
   4   (0.759) 0.817 0.680 0.630 0.805 0.758 0.992 
   2   (0.241) 0.183 0.320 0.370 0.195 0.242 0.008 

Locus 61 : 
2 alleles
0.0% missing data
   4   (0.876) 0.860 0.774 0.953 0.922 0.823 0.996 
   2   (0.124) 0.140 0.226 0.047 0.078 0.177 0.004 

Locus 62 : 
2 alleles
0.0% missing data
   2   (0.735) 0.841 0.464 0.795 0.624 0.961 0.913 
   1   (0.265) 0.159 0.536 0.205 0.376 0.039 0.087 

Locus 63 : 
2 alleles
0.0% missing data
   2   (0.404) 0.447 0.217 0.481 0.265 0.705 0.644 
   1   (0.596) 0.553 0.783 0.519 0.735 0.295 0.356 

Locus 64 : 
2 alleles
0.0% missing data
   4   (0.823) 0.803 0.845 0.942 0.746 0.763 0.994 
   2   (0.177) 0.197 0.155 0.058 0.254 0.237 0.006 

Locus 65 : 
2 alleles
0.8% missing data
   1   (0.898) 0.932 0.742 0.822 0.955 0.985 0.997 
   4   (0.102) 0.068 0.258 0.178 0.045 0.015 0.003 

Locus 66 : 
3 alleles
1.6% missing data
   3   (0.592) 0.572 0.691 0.718 0.564 0.515 0.663 
   2   (0.376) 0.419 0.265 0.273 0.422 0.480 0.336 
   0   (0.032) 0.009 0.044 0.009 0.014 0.005 0.001 

Locus 67 : 
2 alleles
0.0% missing data
   1   (0.118) 0.168 0.037 0.036 0.070 0.230 0.029 
   3   (0.882) 0.832 0.963 0.964 0.930 0.770 0.971 

Locus 68 : 
2 alleles
0.0% missing data
   2   (0.535) 0.642 0.328 0.384 0.695 0.181 0.737 
   3   (0.465) 0.358 0.672 0.616 0.305 0.819 0.263 

Locus 69 : 
2 alleles
0.0% missing data
   4   (0.796) 0.832 0.506 0.761 0.884 0.704 0.993 
   2   (0.204) 0.168 0.494 0.239 0.116 0.296 0.007 

Locus 70 : 
3 alleles
0.0% missing data
   1   (0.322) 0.290 0.026 0.535 0.238 0.799 0.705 
   3   (0.640) 0.694 0.972 0.453 0.745 0.196 0.144 
   0   (0.038) 0.015 0.002 0.012 0.017 0.005 0.152 

Locus 71 : 
2 alleles
3.1% missing data
   2   (0.549) 0.661 0.747 0.558 0.444 0.506 0.214 
   4   (0.451) 0.339 0.253 0.442 0.556 0.494 0.786 

Locus 72 : 
2 alleles
1.6% missing data
   3   (0.535) 0.662 0.710 0.365 0.489 0.336 0.713 
   1   (0.465) 0.338 0.290 0.635 0.511 0.664 0.287 

Locus 73 : 
2 alleles
0.0% missing data
   1   (0.314) 0.212 0.355 0.322 0.230 0.473 0.541 
   2   (0.686) 0.788 0.645 0.678 0.770 0.527 0.459 

Locus 74 : 
2 alleles
1.6% missing data
   2   (0.817) 0.866 0.939 0.752 0.709 0.974 0.983 
   3   (0.183) 0.134 0.061 0.248 0.291 0.026 0.017 

Locus 75 : 
2 alleles
0.0% missing data
   3   (0.494) 0.409 0.667 0.338 0.620 0.173 0.791 
   1   (0.506) 0.591 0.333 0.662 0.380 0.827 0.209 

Locus 76 : 
2 alleles
0.0% missing data
   2   (0.438) 0.302 0.179 0.509 0.438 0.648 0.926 
   1   (0.562) 0.698 0.821 0.491 0.562 0.352 0.074 

Locus 77 : 
2 alleles
0.0% missing data
   4   (0.306) 0.397 0.102 0.270 0.252 0.311 0.483 
   1   (0.694) 0.603 0.898 0.730 0.748 0.689 0.517 

Locus 78 : 
2 alleles
0.0% missing data
   3   (0.704) 0.631 0.826 0.712 0.683 0.531 0.989 
   2   (0.296) 0.369 0.174 0.288 0.317 0.469 0.011 

Locus 79 : 
2 alleles
0.0% missing data
   2   (0.573) 0.588 0.522 0.540 0.546 0.835 0.717 
   3   (0.427) 0.412 0.478 0.460 0.454 0.165 0.283 

Locus 80 : 
2 alleles
0.0% missing data
   4   (0.820) 0.878 0.784 0.796 0.920 0.704 0.872 
   2   (0.180) 0.122 0.216 0.204 0.080 0.296 0.128 

Locus 81 : 
2 alleles
0.0% missing data
   3   (0.478) 0.415 0.581 0.595 0.553 0.070 0.340 
   2   (0.522) 0.585 0.419 0.405 0.447 0.930 0.660 

Locus 82 : 
2 alleles
0.0% missing data
   2   (0.745) 0.909 0.688 0.739 0.690 0.751 0.720 
   3   (0.255) 0.091 0.312 0.261 0.310 0.249 0.280 

Locus 83 : 
2 alleles
0.0% missing data
   3   (0.707) 0.766 0.470 0.814 0.589 0.957 0.884 
   2   (0.293) 0.234 0.530 0.186 0.411 0.043 0.116 

Locus 84 : 
2 alleles
0.0% missing data
   3   (0.547) 0.528 0.406 0.647 0.641 0.295 0.438 
   2   (0.453) 0.472 0.594 0.353 0.359 0.705 0.562 

Locus 85 : 
2 alleles
0.0% missing data
   3   (0.763) 0.902 0.818 0.665 0.759 0.644 0.872 
   4   (0.237) 0.098 0.182 0.335 0.241 0.356 0.128 

Locus 86 : 
2 alleles
0.0% missing data
   3   (0.530) 0.596 0.851 0.459 0.536 0.077 0.446 
   2   (0.470) 0.404 0.149 0.541 0.464 0.923 0.554 

Locus 87 : 
3 alleles
4.7% missing data
   1   (0.549) 0.528 0.430 0.592 0.608 0.507 0.714 
   4   (0.417) 0.460 0.565 0.399 0.328 0.485 0.285 
   0   (0.033) 0.011 0.005 0.009 0.064 0.007 0.001 

Locus 88 : 
2 alleles
1.6% missing data
   3   (0.803) 0.771 0.671 0.813 0.796 0.972 0.993 
   1   (0.197) 0.229 0.329 0.187 0.204 0.028 0.007 

Locus 89 : 
2 alleles
0.0% missing data
   1   (0.570) 0.639 0.423 0.432 0.632 0.509 0.895 
   4   (0.430) 0.361 0.577 0.568 0.368 0.491 0.105 

Locus 90 : 
2 alleles
0.8% missing data
   3   (0.742) 0.744 0.597 0.872 0.822 0.532 0.760 
   2   (0.258) 0.256 0.403 0.128 0.178 0.468 0.240 

Locus 91 : 
2 alleles
0.0% missing data
   2   (0.701) 0.539 0.719 0.849 0.771 0.743 0.692 
   4   (0.299) 0.461 0.281 0.151 0.229 0.257 0.308 

Locus 92 : 
2 alleles
0.0% missing data
   2   (0.775) 0.779 0.735 0.754 0.871 0.754 0.957 
   4   (0.225) 0.221 0.265 0.246 0.129 0.246 0.043 

Locus 93 : 
2 alleles
0.0% missing data
   4   (0.909) 0.950 0.875 0.969 0.827 0.987 0.997 
   1   (0.091) 0.050 0.125 0.031 0.173 0.013 0.003 

Locus 94 : 
2 alleles
0.0% missing data
   3   (0.783) 0.759 0.874 0.811 0.785 0.968 0.748 
   1   (0.217) 0.241 0.126 0.189 0.215 0.032 0.252 

Locus 95 : 
2 alleles
0.0% missing data
   1   (0.056) 0.017 0.003 0.016 0.122 0.008 0.067 
   3   (0.944) 0.983 0.997 0.984 0.878 0.992 0.933 

Locus 96 : 
2 alleles
0.0% missing data
   3   (0.569) 0.385 0.481 0.818 0.536 0.513 0.803 
   2   (0.431) 0.615 0.519 0.182 0.464 0.487 0.197 

Locus 97 : 
2 alleles
0.0% missing data
   2   (0.733) 0.733 0.634 0.685 0.754 0.753 0.992 
   1   (0.267) 0.267 0.366 0.315 0.246 0.247 0.008 

Locus 98 : 
2 alleles
0.0% missing data
   4   (0.766) 0.672 0.609 0.753 0.788 0.966 0.992 
   2   (0.234) 0.328 0.391 0.247 0.212 0.034 0.008 

Locus 99 : 
2 alleles
0.8% missing data
   4   (0.849) 0.941 0.618 0.786 0.898 0.766 0.995 
   1   (0.151) 0.059 0.382 0.214 0.102 0.234 0.005 

Locus 100 : 
2 alleles
0.8% missing data
   3   (0.426) 0.468 0.511 0.449 0.309 0.652 0.209 
   2   (0.574) 0.532 0.489 0.551 0.691 0.348 0.791 

Locus 101 : 
3 alleles
0.0% missing data
   4   (0.461) 0.534 0.085 0.741 0.391 0.492 0.436 
   2   (0.461) 0.336 0.910 0.178 0.572 0.497 0.539 
   0   (0.078) 0.129 0.005 0.081 0.036 0.011 0.025 

Locus 102 : 
2 alleles
2.4% missing data
   2   (0.762) 0.841 0.894 0.661 0.793 0.700 0.899 
   4   (0.238) 0.159 0.106 0.339 0.207 0.300 0.101 

Locus 103 : 
3 alleles
0.0% missing data
   4   (0.102) 0.130 0.025 0.047 0.054 0.015 0.527 
   2   (0.835) 0.806 0.972 0.630 0.915 0.976 0.471 
   0   (0.064) 0.064 0.004 0.323 0.031 0.009 0.002 

Locus 104 : 
2 alleles
0.0% missing data
   3   (0.300) 0.365 0.177 0.307 0.209 0.150 0.563 
   2   (0.700) 0.635 0.823 0.693 0.791 0.850 0.437 

Locus 105 : 
2 alleles
0.0% missing data
   4   (0.490) 0.471 0.417 0.536 0.509 0.499 0.414 
   1   (0.510) 0.529 0.583 0.464 0.491 0.501 0.586 

Locus 106 : 
2 alleles
0.0% missing data
   1   (0.151) 0.153 0.181 0.150 0.070 0.021 0.176 
   2   (0.849) 0.847 0.819 0.850 0.930 0.979 0.824 

Locus 107 : 
2 alleles
0.0% missing data
   1   (0.582) 0.551 0.477 0.726 0.576 0.391 0.793 
   4   (0.418) 0.449 0.523 0.274 0.424 0.609 0.207 

Locus 108 : 
2 alleles
0.0% missing data
   2   (0.774) 0.715 0.824 0.718 0.899 0.702 0.928 
   4   (0.226) 0.285 0.176 0.282 0.101 0.298 0.072 

Locus 109 : 
2 alleles
0.0% missing data
   3   (0.794) 0.899 0.794 0.768 0.782 0.811 0.966 
   2   (0.206) 0.101 0.206 0.232 0.218 0.189 0.034 

Locus 110 : 
2 alleles
0.0% missing data
   2   (0.933) 0.871 0.917 0.980 0.971 0.990 0.998 
   1   (0.067) 0.129 0.083 0.020 0.029 0.010 0.002 

Locus 111 : 
2 alleles
0.0% missing data
   1   (0.849) 0.932 0.733 0.777 0.806 0.978 0.994 
   2   (0.151) 0.068 0.267 0.223 0.194 0.022 0.006 

Locus 112 : 
2 alleles
7.1% missing data
   3   (0.844) 0.763 0.873 0.898 0.902 0.765 0.995 
   2   (0.156) 0.237 0.127 0.102 0.098 0.235 0.005 

Locus 113 : 
2 alleles
0.0% missing data
   2   (0.671) 0.649 0.868 0.469 0.658 0.953 0.742 
   3   (0.329) 0.351 0.132 0.531 0.342 0.047 0.258 

Locus 114 : 
2 alleles
0.0% missing data
   4   (0.704) 0.726 0.707 0.750 0.612 0.957 0.804 
   2   (0.296) 0.274 0.293 0.250 0.388 0.043 0.196 

Locus 115 : 
2 alleles
0.0% missing data
   3   (0.463) 0.479 0.537 0.361 0.456 0.654 0.343 
   2   (0.537) 0.521 0.463 0.639 0.544 0.346 0.657 

Locus 116 : 
2 alleles
0.0% missing data
   4   (0.449) 0.275 0.577 0.455 0.475 0.492 0.692 
   3   (0.551) 0.725 0.423 0.545 0.525 0.508 0.308 

Locus 117 : 
2 alleles
0.0% missing data
   2   (0.895) 0.812 0.895 0.955 0.918 0.985 0.995 
   3   (0.105) 0.188 0.105 0.045 0.082 0.015 0.005 

Locus 118 : 
2 alleles
0.0% missing data
   2   (0.907) 0.958 0.915 0.960 0.766 0.987 0.997 
   1   (0.093) 0.042 0.085 0.040 0.234 0.013 0.003 

Locus 119 : 
3 alleles
0.0% missing data
   2   (0.917) 0.975 0.916 0.976 0.964 0.570 0.972 
   0   (0.029) 0.009 0.002 0.008 0.012 0.004 0.026 
   3   (0.054) 0.016 0.082 0.015 0.024 0.426 0.002 

Locus 120 : 
2 alleles
0.0% missing data
   1   (0.919) 0.959 0.958 0.900 0.938 0.988 0.997 
   2   (0.081) 0.041 0.042 0.100 0.062 0.012 0.003 

Locus 121 : 
2 alleles
0.0% missing data
   3   (0.739) 0.756 0.828 0.604 0.848 0.855 0.656 
   4   (0.261) 0.244 0.172 0.396 0.152 0.145 0.344 

Locus 122 : 
2 alleles
0.0% missing data
   1   (0.965) 0.985 0.998 0.988 0.985 0.995 0.899 
   0   (0.035) 0.015 0.002 0.012 0.015 0.005 0.101 

Locus 123 : 
3 alleles
1.6% missing data
   2   (0.721) 0.855 0.336 0.664 0.782 0.848 0.916 
   3   (0.251) 0.136 0.662 0.328 0.206 0.148 0.031 
   0   (0.028) 0.008 0.002 0.008 0.012 0.004 0.054 

Locus 124 : 
2 alleles
0.8% missing data
   1   (0.815) 0.864 0.753 0.794 0.739 0.973 0.993 
   3   (0.185) 0.136 0.247 0.206 0.261 0.027 0.007 

Locus 125 : 
2 alleles
0.0% missing data
   1   (0.911) 0.773 0.988 0.968 0.961 0.557 0.997 
   2   (0.089) 0.227 0.012 0.032 0.039 0.443 0.003 

Locus 126 : 
2 alleles
0.0% missing data
   4   (0.227) 0.259 0.318 0.084 0.171 0.296 0.243 
   2   (0.773) 0.741 0.682 0.916 0.829 0.704 0.757 

Locus 127 : 
2 alleles
0.0% missing data
   3   (0.683) 0.581 0.386 0.837 0.695 0.527 0.989 
   2   (0.317) 0.419 0.614 0.163 0.305 0.473 0.011 

Locus 128 : 
2 alleles
0.8% missing data
   3   (0.780) 0.732 0.948 0.902 0.741 0.653 0.798 
   2   (0.220) 0.268 0.052 0.098 0.259 0.347 0.202 

Locus 129 : 
2 alleles
0.8% missing data
   1   (0.759) 0.665 0.927 0.797 0.727 0.757 0.979 
   3   (0.241) 0.335 0.073 0.203 0.273 0.243 0.021 

Locus 130 : 
2 alleles
0.0% missing data
   3   (0.879) 0.937 0.935 0.838 0.821 0.982 0.996 
   2   (0.121) 0.063 0.065 0.162 0.179 0.018 0.004 

Locus 131 : 
2 alleles
0.0% missing data
   4   (0.637) 0.638 0.896 0.749 0.534 0.573 0.331 
   1   (0.363) 0.362 0.104 0.251 0.466 0.427 0.669 

Locus 132 : 
2 alleles
0.0% missing data
   2   (0.794) 0.773 0.903 0.844 0.717 0.815 0.993 
   4   (0.206) 0.227 0.097 0.156 0.283 0.185 0.007 

Locus 133 : 
2 alleles
0.0% missing data
   3   (0.480) 0.471 0.520 0.480 0.537 0.067 0.841 
   2   (0.520) 0.529 0.480 0.520 0.463 0.933 0.159 

Locus 134 : 
2 alleles
0.8% missing data
   3   (0.790) 0.924 0.664 0.664 0.750 0.970 0.908 
   2   (0.210) 0.076 0.336 0.336 0.250 0.030 0.092 

Locus 135 : 
2 alleles
0.0% missing data
   3   (0.619) 0.535 0.600 0.713 0.630 0.515 0.898 
   2   (0.381) 0.465 0.400 0.287 0.370 0.485 0.102 

Locus 136 : 
2 alleles
0.0% missing data
   4   (0.891) 0.927 0.557 0.962 0.867 0.984 0.996 
   2   (0.109) 0.073 0.443 0.038 0.133 0.016 0.004 

Locus 137 : 
2 alleles
0.0% missing data
   2   (0.922) 0.919 0.988 0.931 0.927 0.989 0.997 
   3   (0.078) 0.081 0.012 0.069 0.073 0.011 0.003 

Locus 138 : 
2 alleles
0.8% missing data
   1   (0.679) 0.741 0.815 0.578 0.743 0.693 0.489 
   3   (0.321) 0.259 0.185 0.422 0.257 0.307 0.511 

Locus 139 : 
2 alleles
0.8% missing data
   2   (0.616) 0.652 0.521 0.829 0.556 0.456 0.408 
   3   (0.384) 0.348 0.479 0.171 0.444 0.544 0.592 

Locus 140 : 
2 alleles
0.0% missing data
   4   (0.703) 0.795 0.828 0.528 0.730 0.638 0.910 
   3   (0.297) 0.205 0.172 0.472 0.270 0.362 0.090 

Locus 141 : 
2 alleles
0.0% missing data
   1   (0.704) 0.715 0.618 0.834 0.716 0.690 0.770 
   4   (0.296) 0.285 0.382 0.166 0.284 0.310 0.230 

Locus 142 : 
2 alleles
0.0% missing data
   3   (0.641) 0.651 0.874 0.542 0.703 0.360 0.596 
   2   (0.359) 0.349 0.126 0.458 0.297 0.640 0.404 

Locus 143 : 
2 alleles
0.0% missing data
   2   (0.941) 0.918 0.966 0.975 0.974 0.992 0.997 
   3   (0.059) 0.082 0.034 0.025 0.026 0.008 0.003 

Locus 144 : 
3 alleles
0.8% missing data
   4   (0.608) 0.571 0.458 0.553 0.694 0.721 0.944 
   1   (0.363) 0.420 0.540 0.438 0.293 0.275 0.030 
   0   (0.029) 0.009 0.002 0.008 0.013 0.004 0.026 

Locus 145 : 
2 alleles
0.0% missing data
   1   (0.174) 0.190 0.049 0.192 0.143 0.025 0.277 
   3   (0.826) 0.810 0.951 0.808 0.857 0.975 0.723 

Locus 146 : 
2 alleles
0.0% missing data
   4   (0.912) 0.961 0.876 0.932 0.897 0.987 0.997 
   1   (0.088) 0.039 0.124 0.068 0.103 0.013 0.003 

Locus 147 : 
2 alleles
0.8% missing data
   1   (0.384) 0.385 0.182 0.285 0.472 0.535 0.402 
   4   (0.616) 0.615 0.818 0.715 0.528 0.465 0.598 

Locus 148 : 
2 alleles
0.0% missing data
   3   (0.722) 0.654 0.984 0.757 0.675 0.321 0.610 
   1   (0.278) 0.346 0.016 0.243 0.325 0.679 0.390 

Locus 149 : 
3 alleles
1.6% missing data
   2   (0.496) 0.547 0.441 0.619 0.488 0.178 0.588 
   3   (0.456) 0.437 0.536 0.364 0.438 0.815 0.410 
   0   (0.049) 0.016 0.023 0.017 0.075 0.007 0.003 

Locus 150 : 
2 alleles
0.0% missing data
   1   (0.703) 0.683 0.806 0.626 0.664 0.957 0.902 
   4   (0.297) 0.317 0.194 0.374 0.336 0.043 0.098 

Locus 151 : 
2 alleles
0.0% missing data
   3   (0.720) 0.747 0.889 0.733 0.635 0.960 0.405 
   2   (0.280) 0.253 0.111 0.267 0.365 0.040 0.595 

Locus 152 : 
2 alleles
0.0% missing data
   4   (0.917) 0.934 0.994 0.937 0.916 0.826 0.997 
   2   (0.083) 0.066 0.006 0.063 0.084 0.174 0.003 

Locus 153 : 
2 alleles
0.0% missing data
   1   (0.642) 0.636 0.496 0.651 0.749 0.678 0.683 
   4   (0.358) 0.364 0.504 0.349 0.251 0.322 0.317 

Locus 154 : 
2 alleles
0.8% missing data
   1   (0.536) 0.680 0.106 0.550 0.560 0.508 0.894 
   3   (0.464) 0.320 0.894 0.450 0.440 0.492 0.106 

Locus 155 : 
2 alleles
0.0% missing data
   3   (0.548) 0.590 0.638 0.487 0.414 0.775 0.850 
   4   (0.452) 0.410 0.362 0.513 0.586 0.225 0.150 

Locus 156 : 
2 alleles
0.8% missing data
   1   (0.802) 0.913 0.207 0.842 0.803 0.971 0.973 
   2   (0.198) 0.087 0.793 0.158 0.197 0.029 0.027 

Locus 157 : 
2 alleles
0.0% missing data
   4   (0.577) 0.504 0.560 0.600 0.615 0.670 0.751 
   2   (0.423) 0.496 0.440 0.400 0.385 0.330 0.249 

Locus 158 : 
2 alleles
0.8% missing data
   1   (0.701) 0.630 0.900 0.740 0.689 0.798 0.758 
   2   (0.299) 0.370 0.100 0.260 0.311 0.202 0.242 

Locus 159 : 
3 alleles
0.8% missing data
   2   (0.825) 0.902 0.513 0.887 0.804 0.974 0.863 
   0   (0.071) 0.066 0.004 0.027 0.081 0.011 0.134 
   3   (0.104) 0.032 0.483 0.085 0.115 0.015 0.003 

Locus 160 : 
3 alleles
0.0% missing data
   1   (0.456) 0.468 0.180 0.478 0.546 0.493 0.470 
   3   (0.514) 0.471 0.818 0.513 0.441 0.502 0.529 
   0   (0.030) 0.061 0.002 0.009 0.013 0.005 0.001 

Locus 161 : 
2 alleles
0.8% missing data
   1   (0.514) 0.538 0.537 0.507 0.581 0.180 0.512 
   4   (0.486) 0.462 0.463 0.493 0.419 0.820 0.488 

Locus 162 : 
3 alleles
3.1% missing data
   1   (0.907) 0.971 0.940 0.972 0.802 0.986 0.997 
   0   (0.065) 0.021 0.037 0.020 0.185 0.010 0.002 
   2   (0.029) 0.009 0.024 0.008 0.013 0.004 0.001 

Locus 163 : 
2 alleles
0.0% missing data
   2   (0.882) 0.933 0.654 0.921 0.938 0.983 0.853 
   3   (0.118) 0.067 0.346 0.079 0.062 0.017 0.147 

Locus 164 : 
3 alleles
0.8% missing data
   4   (0.872) 0.959 0.855 0.956 0.844 0.982 0.812 
   1   (0.100) 0.032 0.124 0.036 0.143 0.014 0.187 
   0   (0.028) 0.009 0.022 0.008 0.013 0.004 0.001 

Locus 165 : 
2 alleles
0.0% missing data
   4   (0.808) 0.924 0.678 0.759 0.872 0.867 0.830 
   1   (0.192) 0.076 0.322 0.241 0.128 0.133 0.170 

Locus 166 : 
2 alleles
0.8% missing data
   2   (0.884) 0.955 0.495 0.815 0.950 0.983 0.985 
   3   (0.116) 0.045 0.505 0.185 0.050 0.017 0.015 

Locus 167 : 
2 alleles
0.0% missing data
   2   (0.652) 0.697 0.236 0.781 0.731 0.634 0.760 
   3   (0.348) 0.303 0.764 0.219 0.269 0.366 0.240 

Locus 168 : 
2 alleles
0.0% missing data
   3   (0.754) 0.600 0.779 0.877 0.824 0.748 0.910 
   2   (0.246) 0.400 0.221 0.123 0.176 0.252 0.090 

Locus 169 : 
3 alleles
2.4% missing data
   4   (0.413) 0.333 0.144 0.492 0.600 0.161 0.557 
   3   (0.536) 0.652 0.853 0.441 0.375 0.833 0.388 
   0   (0.050) 0.015 0.003 0.067 0.025 0.007 0.054 

Locus 170 : 
2 alleles
0.0% missing data
   1   (0.751) 0.798 0.686 0.881 0.800 0.535 0.548 
   3   (0.249) 0.202 0.314 0.119 0.200 0.465 0.452 

Locus 171 : 
3 alleles
3.1% missing data
   2   (0.820) 0.889 0.651 0.921 0.813 0.972 0.957 
   3   (0.148) 0.101 0.305 0.070 0.169 0.023 0.042 
   0   (0.032) 0.010 0.044 0.009 0.019 0.004 0.001 

Locus 172 : 
2 alleles
0.0% missing data
   4   (0.723) 0.789 0.725 0.664 0.724 0.960 0.606 
   1   (0.277) 0.211 0.275 0.336 0.276 0.040 0.394 

Locus 173 : 
2 alleles
0.0% missing data
   2   (0.769) 0.916 0.780 0.762 0.797 0.542 0.533 
   3   (0.231) 0.084 0.220 0.238 0.203 0.458 0.467 

Locus 174 : 
2 alleles
0.0% missing data
   4   (0.724) 0.775 0.698 0.777 0.712 0.851 0.812 
   1   (0.276) 0.225 0.302 0.223 0.288 0.149 0.188 

Locus 175 : 
2 alleles
0.0% missing data
   2   (0.735) 0.679 0.622 0.822 0.817 0.859 0.768 
   4   (0.265) 0.321 0.378 0.178 0.183 0.141 0.232 

Locus 176 : 
2 alleles
0.8% missing data
   4   (0.951) 0.981 0.997 0.897 0.958 0.993 0.998 
   1   (0.049) 0.019 0.003 0.103 0.042 0.007 0.002 

Locus 177 : 
2 alleles
0.0% missing data
   3   (0.505) 0.422 0.693 0.376 0.552 0.663 0.534 
   2   (0.495) 0.578 0.307 0.624 0.448 0.337 0.466 

Locus 178 : 
3 alleles
2.4% missing data
   3   (0.601) 0.503 0.830 0.651 0.616 0.623 0.652 
   2   (0.370) 0.488 0.169 0.340 0.371 0.271 0.347 
   0   (0.029) 0.009 0.002 0.008 0.012 0.106 0.001 

Locus 179 : 
2 alleles
0.0% missing data
   3   (0.904) 0.935 0.836 0.951 0.937 0.986 0.967 
   2   (0.096) 0.065 0.164 0.049 0.063 0.014 0.033 

Locus 180 : 
3 alleles
1.6% missing data
   3   (0.519) 0.592 0.172 0.706 0.414 0.665 0.799 
   2   (0.427) 0.372 0.825 0.223 0.519 0.328 0.200 
   0   (0.054) 0.036 0.003 0.071 0.067 0.008 0.002 

Locus 181 : 
2 alleles
0.0% missing data
   2   (0.735) 0.800 0.553 0.682 0.783 0.962 0.743 
   1   (0.265) 0.200 0.447 0.318 0.217 0.038 0.257 

Locus 182 : 
2 alleles
1.6% missing data
   4   (0.802) 0.722 0.916 0.931 0.825 0.866 0.535 
   2   (0.198) 0.278 0.084 0.069 0.175 0.134 0.465 

Locus 183 : 
2 alleles
0.0% missing data
   4   (0.898) 0.806 0.976 0.946 0.956 0.984 0.906 
   2   (0.102) 0.194 0.024 0.054 0.044 0.016 0.094 

Locus 184 : 
2 alleles
0.0% missing data
   2   (0.891) 0.959 0.968 0.967 0.828 0.773 0.973 
   3   (0.109) 0.041 0.032 0.033 0.172 0.227 0.027 

Locus 185 : 
2 alleles
0.0% missing data
   2   (0.794) 0.727 0.725 0.927 0.883 0.543 0.811 
   3   (0.206) 0.273 0.275 0.073 0.117 0.457 0.189 

Locus 186 : 
2 alleles
0.0% missing data
   2   (0.908) 0.894 0.995 0.974 0.867 0.987 0.639 
   3   (0.092) 0.106 0.005 0.026 0.133 0.013 0.361 

Locus 187 : 
2 alleles
0.0% missing data
   3   (0.903) 0.947 0.968 0.943 0.955 0.768 0.958 
   2   (0.097) 0.053 0.032 0.057 0.045 0.232 0.042 

Locus 188 : 
2 alleles
2.4% missing data
   2   (0.745) 0.787 0.564 0.885 0.628 0.964 0.744 
   3   (0.255) 0.213 0.436 0.115 0.372 0.036 0.256 

Locus 189 : 
3 alleles
3.1% missing data
   3   (0.637) 0.819 0.593 0.662 0.580 0.735 0.499 
   1   (0.309) 0.151 0.360 0.321 0.356 0.258 0.500 
   0   (0.054) 0.030 0.048 0.017 0.065 0.008 0.002 

Locus 190 : 
2 alleles
0.0% missing data
   1   (0.868) 0.855 0.953 0.835 0.864 0.980 0.995 
   5   (0.132) 0.145 0.047 0.165 0.136 0.020 0.005 

Locus 191 : 
2 alleles
0.0% missing data
   1   (0.789) 0.732 0.988 0.826 0.735 0.816 0.680 
   5   (0.211) 0.268 0.012 0.174 0.265 0.184 0.320 

Locus 192 : 
2 alleles
0.0% missing data
   2   (0.588) 0.644 0.512 0.491 0.703 0.243 0.791 
   1   (0.412) 0.356 0.488 0.509 0.297 0.757 0.209 

Locus 193 : 
2 alleles
2.4% missing data
   1   (0.936) 0.980 0.903 0.976 0.904 0.991 0.998 
   4   (0.064) 0.020 0.097 0.024 0.096 0.009 0.002 

Locus 194 : 
2 alleles
0.0% missing data
   3   (0.767) 0.784 0.684 0.822 0.601 0.967 0.992 
   2   (0.233) 0.216 0.316 0.178 0.399 0.033 0.008 

Locus 195 : 
2 alleles
6.3% missing data
   4   (0.576) 0.603 0.473 0.418 0.517 0.678 0.985 
   1   (0.424) 0.397 0.527 0.582 0.483 0.322 0.015 

Locus 196 : 
2 alleles
0.8% missing data
   3   (0.885) 0.954 0.975 0.839 0.891 0.984 0.767 
   2   (0.115) 0.046 0.025 0.161 0.109 0.016 0.233 

Locus 197 : 
2 alleles
0.8% missing data
   3   (0.677) 0.552 0.764 0.726 0.755 0.789 0.747 
   4   (0.323) 0.448 0.236 0.274 0.245 0.211 0.253 

Locus 198 : 
2 alleles
0.0% missing data
   1   (0.965) 0.990 0.897 0.990 0.986 0.995 0.999 
   2   (0.035) 0.010 0.103 0.010 0.014 0.005 0.001 

Locus 199 : 
2 alleles
0.0% missing data
   2   (0.847) 0.926 0.557 0.891 0.753 0.978 0.995 
   3   (0.153) 0.074 0.443 0.109 0.247 0.022 0.005 

Locus 200 : 
2 alleles
0.0% missing data
   2   (0.518) 0.615 0.496 0.413 0.518 0.443 0.605 
   4   (0.482) 0.385 0.504 0.587 0.482 0.557 0.395 

Locus 201 : 
2 alleles
0.8% missing data
   2   (0.715) 0.705 0.339 0.521 0.806 0.960 0.990 
   1   (0.285) 0.295 0.661 0.479 0.194 0.040 0.010 

Locus 202 : 
2 alleles
0.0% missing data
   1   (0.901) 0.943 0.994 0.909 0.940 0.829 0.747 
   3   (0.099) 0.057 0.006 0.091 0.060 0.171 0.253 

Locus 203 : 
2 alleles
0.8% missing data
   2   (0.715) 0.597 0.764 0.681 0.765 0.586 0.991 
   1   (0.285) 0.403 0.236 0.319 0.235 0.414 0.009 

Locus 204 : 
2 alleles
0.0% missing data
   2   (0.827) 0.774 0.819 0.856 0.801 0.975 0.994 
   5   (0.173) 0.226 0.181 0.144 0.199 0.025 0.006 

Locus 205 : 
2 alleles
0.0% missing data
   3   (0.676) 0.797 0.882 0.698 0.525 0.637 0.651 
   1   (0.324) 0.203 0.118 0.302 0.475 0.363 0.349 

Locus 206 : 
2 alleles
0.0% missing data
   4   (0.591) 0.499 0.600 0.686 0.586 0.888 0.323 
   1   (0.409) 0.501 0.400 0.314 0.414 0.112 0.677 

Locus 207 : 
2 alleles
0.8% missing data
   3   (0.812) 0.760 0.880 0.818 0.866 0.655 0.994 
   2   (0.188) 0.240 0.120 0.182 0.134 0.345 0.006 

Locus 208 : 
2 alleles
1.6% missing data
   1   (0.719) 0.735 0.527 0.809 0.624 0.800 0.990 
   2   (0.281) 0.265 0.473 0.191 0.376 0.200 0.010 

Locus 209 : 
3 alleles
0.0% missing data
   3   (0.941) 0.982 0.997 0.984 0.975 0.992 0.907 
   2   (0.031) 0.009 0.002 0.008 0.013 0.004 0.066 
   0   (0.028) 0.008 0.002 0.008 0.012 0.004 0.027 

Locus 210 : 
2 alleles
0.0% missing data
   2   (0.621) 0.700 0.441 0.615 0.668 0.093 0.980 
   4   (0.379) 0.300 0.559 0.385 0.332 0.907 0.020 

Locus 211 : 
2 alleles
0.0% missing data
   2   (0.886) 0.911 0.760 0.875 0.926 0.982 0.996 
   4   (0.114) 0.089 0.240 0.125 0.074 0.018 0.004 

Locus 212 : 
2 alleles
0.0% missing data
   4   (0.735) 0.852 0.753 0.707 0.714 0.854 0.779 
   1   (0.265) 0.148 0.247 0.293 0.286 0.146 0.221 

Locus 213 : 
2 alleles
0.0% missing data
   3   (0.755) 0.821 0.618 0.891 0.831 0.594 0.218 
   2   (0.245) 0.179 0.382 0.109 0.169 0.406 0.782 

Locus 214 : 
2 alleles
0.0% missing data
   1   (0.735) 0.822 0.655 0.844 0.681 0.696 0.865 
   4   (0.265) 0.178 0.345 0.156 0.319 0.304 0.135 

Locus 215 : 
2 alleles
0.0% missing data
   4   (0.321) 0.324 0.094 0.439 0.255 0.528 0.320 
   5   (0.679) 0.676 0.906 0.561 0.745 0.472 0.680 

Locus 216 : 
2 alleles
0.0% missing data
   3   (0.898) 0.966 0.807 0.970 0.852 0.985 0.905 
   1   (0.102) 0.034 0.193 0.030 0.148 0.015 0.095 

Locus 217 : 
2 alleles
0.0% missing data
   3   (0.880) 0.833 0.863 0.937 0.947 0.823 0.996 
   2   (0.120) 0.167 0.137 0.063 0.053 0.177 0.004 

Locus 218 : 
2 alleles
0.0% missing data
   3   (0.437) 0.531 0.432 0.447 0.498 0.065 0.241 
   2   (0.563) 0.469 0.568 0.553 0.502 0.935 0.759 

Locus 219 : 
2 alleles
0.0% missing data
   4   (0.736) 0.870 0.287 0.774 0.663 0.752 0.992 
   2   (0.264) 0.130 0.713 0.226 0.337 0.248 0.008 

Locus 220 : 
2 alleles
0.0% missing data
   3   (0.748) 0.742 0.660 0.836 0.783 0.698 0.954 
   2   (0.252) 0.258 0.340 0.164 0.217 0.302 0.046 

Locus 221 : 
2 alleles
0.0% missing data
   3   (0.792) 0.802 0.917 0.806 0.861 0.701 0.769 
   2   (0.208) 0.198 0.083 0.194 0.139 0.299 0.231 

Locus 222 : 
2 alleles
0.0% missing data
   2   (0.739) 0.518 0.490 0.856 0.840 0.643 0.992 
   3   (0.261) 0.482 0.510 0.144 0.160 0.357 0.008 

Locus 223 : 
2 alleles
0.8% missing data
   1   (0.953) 0.976 0.787 0.984 0.980 0.994 0.999 
   2   (0.047) 0.024 0.213 0.016 0.020 0.006 0.001 

Locus 224 : 
2 alleles
0.0% missing data
   5   (0.777) 0.849 0.418 0.752 0.891 0.864 0.885 
   1   (0.223) 0.151 0.582 0.248 0.109 0.136 0.115 

Locus 225 : 
2 alleles
0.8% missing data
   2   (0.761) 0.693 0.783 0.857 0.855 0.754 0.639 
   3   (0.239) 0.307 0.217 0.143 0.145 0.246 0.361 

Locus 226 : 
2 alleles
0.0% missing data
   3   (0.933) 0.927 0.996 0.753 0.969 0.991 0.998 
   1   (0.067) 0.073 0.004 0.247 0.031 0.009 0.002 

Values of parameters used in structure:
DATAFILE=/Users/ddayan/FRA/small_omy_projects/sf_crooked_river_2021/structure_SFGL_Omy269/project_data,	OUTFILE=/Users/ddayan/FRA/small_omy_projects/sf_crooked_river_2021/structure_SFGL_Omy269/5k10kadmcorr/Results/5k10kadmcorr_run_51,	NUMINDS=127,	NUMLOCI=226,	MISSING=-9,	LABEL=0,	POPDATA=1,	POPFLAG=0,	PHENOTYPE=0,	EXTRACOLS=0,	MAXPOPS=6,	BURNIN=5000,	NUMREPS=10000,	USEPOPINFO=0,	INFERALPHA=1,	INFERLAMBDA=0,	POPSPECIFICLAMBDA=0,	POPALPHAS=0,	COMPUTEPROB=1,	NOADMIX=0,	ADMBURNIN=2500,	UPDATEFREQ=1,	PRINTLIKES=0,	INTERMEDSAVE=0,	PRINTKLD=0,	PRINTNET=0,	PRINTLAMBDA=0,	ANCESTDIST=0,	NUMBOXES=1000,	ANCESTPINT=0.90000,	GENSBACK=2,	MIGRPRIOR=0.05000,	PRINTQHAT=0,	PRINTQSUM=0,	ALPHA=1.0000,	FREQSCORR=1,	FPRIORMEAN=0.0100,	FPRIORSD=0.0500,	ONEFST=0,	LAMBDA=1.0000,	UNIFPRIORALPHA=1,	ALPHAMAX=10.0000,	ALPHAPRIORA=1.0000,	ALPHAPRIORB=2.0000,	ALPHAPROPSD=0.0250,	STARTATPOPINFO=0,	RANDOMIZE=1,	LINKAGE=0,	METROFREQ=10,	REPORTHITRATE=0,	MARKOVPHASE=-1,	PHASED=0,	PLOIDY=2,	PHASEINFO=0	LOCPRIOR=0, 	LOCPRIORINIT=1.000000, 	LOCDATA=0, 	LOCISPOP=0, 	LOCPRIORSTEP=0.100000, 	MAXLOCPRIOR=20.000000, 	SEED=1642737720,	
[STRAT parameters]:    NUMSIMSTATS=1000,	PHENOTYPECOL=-9,	POOLFREQ=10,	LOCUSxONLY=0,	EMERROR=0.00100,	MISSINGPHENO=-9,	