

----------------------------------------------------
STRUCTURE by Pritchard, Stephens and Donnelly (2000)
     and Falush, Stephens and Pritchard (2003)
       Code by Pritchard, Falush and Hubisz
             Version 2.3.4 (Jul 2012)
----------------------------------------------------



Command line arguments:   bin/structure -m "/Users/ddayan/FRA/small_omy_projects/sf_crooked_river_2021/structure_SFGL_Omy269/5k10kadmcorr/mainparams" -e "/Users/ddayan/FRA/small_omy_projects/sf_crooked_river_2021/structure_SFGL_Omy269/5k10kadmcorr/extraparams" 
Input File:    /Users/ddayan/FRA/small_omy_projects/sf_crooked_river_2021/structure_SFGL_Omy269/project_data

Run parameters:
   127 individuals
   226 loci
   4 populations assumed
   5000 Burn-in period
   10000 Reps


--------------------------------------------
Proportion of membership of each pre-defined
 population in each of the 4 clusters

Given    Inferred Clusters              Number of
 Pop       1      2      3      4      Individuals

  1:     0.004  0.990  0.004  0.002       35
  2:     0.185  0.005  0.009  0.802       17
  3:     0.723  0.055  0.215  0.008       41
  4:     0.009  0.006  0.006  0.980       34
--------------------------------------------

Allele-freq. divergence among pops (Net nucleotide distance),
computed using point estimates of P.

      1       2       3       4      
 1      -    0.0334  0.0343  0.0329  
 2   0.0334     -    0.0586  0.0776  
 3   0.0343  0.0586     -    0.0651  
 4   0.0329  0.0776  0.0651     -    

Average distances (expected heterozygosity) between individuals in same cluster:
cluster  1  : 0.3419 
cluster  2  : 0.2452 
cluster  3  : 0.2746 
cluster  4  : 0.3348 

--------------------------------------------
Estimated Ln Prob of Data   = -26594.4
Mean value of ln likelihood = -26331.4
Variance of ln likelihood   = 526.1
Mean value of alpha         = 0.0322

Mean value of Fst_1         = 0.0291
Mean value of Fst_2         = 0.2987
Mean value of Fst_3         = 0.2694
Mean value of Fst_4         = 0.1512


Inferred ancestry of individuals:
     (%Miss) Pop:  Inferred clusters
  1    (0)    1 :  0.002 0.995 0.002 0.001 
  2    (0)    1 :  0.010 0.978 0.006 0.006 
  3    (0)    1 :  0.001 0.996 0.001 0.001 
  4    (0)    1 :  0.002 0.995 0.001 0.001 
  5    (0)    1 :  0.002 0.993 0.001 0.003 
  6    (0)    1 :  0.002 0.994 0.003 0.001 
  7    (0)    1 :  0.001 0.998 0.001 0.001 
  8    (0)    1 :  0.003 0.994 0.002 0.001 
  9    (0)    1 :  0.001 0.996 0.002 0.001 
 10    (0)    1 :  0.002 0.993 0.004 0.001 
 11    (0)    1 :  0.013 0.913 0.068 0.005 
 12    (0)    1 :  0.011 0.974 0.008 0.007 
 13    (0)    1 :  0.001 0.997 0.002 0.000 
 14    (0)    1 :  0.001 0.997 0.001 0.001 
 15    (0)    1 :  0.001 0.997 0.001 0.001 
 16    (0)    1 :  0.002 0.992 0.004 0.001 
 17    (0)    1 :  0.025 0.972 0.002 0.001 
 18    (0)    1 :  0.027 0.953 0.003 0.017 
 19    (0)    1 :  0.001 0.996 0.002 0.001 
 20    (0)    1 :  0.001 0.997 0.001 0.001 
 21    (0)    1 :  0.003 0.995 0.001 0.001 
 22    (0)    1 :  0.001 0.995 0.003 0.001 
 23    (0)    1 :  0.001 0.997 0.001 0.001 
 24    (0)    1 :  0.001 0.995 0.002 0.001 
 25    (0)    1 :  0.004 0.991 0.001 0.003 
 26    (0)    1 :  0.001 0.996 0.001 0.002 
 27    (0)    1 :  0.001 0.997 0.001 0.001 
 28    (0)    1 :  0.001 0.995 0.003 0.001 
 29    (0)    1 :  0.001 0.997 0.001 0.001 
 30    (0)    1 :  0.001 0.997 0.001 0.001 
 31    (0)    1 :  0.001 0.995 0.002 0.001 
 32    (0)    1 :  0.004 0.991 0.003 0.002 
 33    (0)    1 :  0.001 0.997 0.001 0.001 
 34    (0)    1 :  0.001 0.997 0.001 0.001 
 35    (0)    1 :  0.002 0.995 0.002 0.001 
 36    (0)    2 :  0.095 0.009 0.003 0.893 
 37    (0)    2 :  0.003 0.004 0.002 0.991 
 38    (0)    3 :  0.912 0.004 0.083 0.001 
 39    (0)    3 :  0.967 0.026 0.002 0.006 
 40    (0)    3 :  0.924 0.069 0.004 0.004 
 41    (0)    3 :  0.960 0.005 0.008 0.027 
 42    (0)    3 :  0.805 0.008 0.150 0.037 
 43    (0)    2 :  0.002 0.001 0.001 0.996 
 44    (0)    2 :  0.942 0.011 0.018 0.029 
 45    (0)    2 :  0.003 0.001 0.002 0.994 
 46    (0)    2 :  0.006 0.002 0.002 0.990 
 47    (0)    2 :  0.205 0.008 0.074 0.713 
 48    (0)    2 :  0.745 0.012 0.004 0.239 
 49    (0)    2 :  0.592 0.019 0.009 0.379 
 50    (0)    2 :  0.009 0.001 0.002 0.989 
 51    (0)    2 :  0.011 0.002 0.006 0.981 
 52    (0)    3 :  0.955 0.019 0.022 0.003 
 53    (0)    3 :  0.959 0.035 0.001 0.005 
 54    (0)    3 :  0.976 0.005 0.014 0.004 
 55    (0)    3 :  0.944 0.011 0.002 0.043 
 56    (0)    3 :  0.002 0.004 0.994 0.001 
 57    (0)    3 :  0.879 0.112 0.004 0.005 
 58    (0)    3 :  0.984 0.003 0.009 0.005 
 59    (0)    3 :  0.942 0.004 0.002 0.052 
 60    (0)    3 :  0.002 0.001 0.996 0.001 
 61    (0)    3 :  0.001 0.001 0.997 0.001 
 62    (0)    3 :  0.977 0.003 0.018 0.002 
 63    (0)    3 :  0.982 0.007 0.008 0.003 
 64    (0)    3 :  0.541 0.456 0.002 0.001 
 65    (0)    3 :  0.573 0.422 0.002 0.003 
 66    (0)    3 :  0.680 0.307 0.002 0.011 
 67    (0)    3 :  0.790 0.188 0.012 0.011 
 68    (0)    3 :  0.001 0.001 0.998 0.001 
 69    (0)    3 :  0.565 0.413 0.001 0.021 
 70    (0)    3 :  0.004 0.003 0.991 0.002 
 71    (0)    3 :  0.003 0.004 0.992 0.001 
 72    (0)    3 :  0.002 0.003 0.993 0.002 
 73    (0)    3 :  0.720 0.005 0.268 0.006 
 74    (0)    3 :  0.989 0.006 0.002 0.004 
 75    (0)    3 :  0.992 0.003 0.003 0.003 
 76    (0)    3 :  0.993 0.002 0.003 0.002 
 77    (0)    3 :  0.958 0.007 0.029 0.006 
 78    (0)    3 :  0.936 0.025 0.037 0.002 
 79    (0)    3 :  0.985 0.006 0.005 0.004 
 80    (0)    3 :  0.982 0.005 0.011 0.002 
 81    (0)    3 :  0.976 0.009 0.012 0.004 
 82    (0)    3 :  0.974 0.009 0.006 0.011 
 83    (0)    3 :  0.961 0.011 0.024 0.004 
 84    (0)    3 :  0.891 0.009 0.097 0.002 
 85    (0)    3 :  0.001 0.002 0.996 0.001 
 86    (0)    3 :  0.985 0.002 0.003 0.010 
 87    (0)    3 :  0.966 0.024 0.003 0.007 
 88    (0)    2 :  0.002 0.001 0.002 0.996 
 89    (0)    2 :  0.003 0.001 0.004 0.992 
 90    (0)    2 :  0.003 0.001 0.002 0.995 
 91    (0)    2 :  0.515 0.003 0.008 0.474 
 92    (0)    2 :  0.004 0.001 0.009 0.986 
 93    (0)    2 :  0.002 0.001 0.001 0.996 
 94    (0)    4 :  0.003 0.003 0.002 0.992 
 95    (0)    4 :  0.005 0.001 0.002 0.992 
 96    (2)    4 :  0.006 0.004 0.008 0.982 
 97    (0)    4 :  0.020 0.008 0.011 0.961 
 98    (1)    4 :  0.028 0.002 0.004 0.966 
 99    (0)    4 :  0.010 0.006 0.003 0.981 
100    (1)    4 :  0.004 0.001 0.008 0.987 
101    (0)    4 :  0.013 0.004 0.002 0.981 
102    (0)    4 :  0.002 0.001 0.002 0.995 
103    (0)    4 :  0.009 0.006 0.009 0.976 
104    (1)    4 :  0.008 0.002 0.017 0.973 
105    (1)    4 :  0.002 0.001 0.001 0.996 
106    (2)    4 :  0.006 0.005 0.007 0.981 
107    (1)    4 :  0.002 0.001 0.001 0.996 
108    (0)    4 :  0.004 0.004 0.007 0.984 
109    (1)    4 :  0.006 0.019 0.002 0.974 
110    (3)    4 :  0.002 0.001 0.005 0.992 
111    (0)    4 :  0.015 0.006 0.004 0.975 
112    (1)    4 :  0.005 0.003 0.002 0.990 
113    (1)    4 :  0.002 0.002 0.002 0.994 
114    (0)    4 :  0.001 0.001 0.001 0.997 
115    (1)    4 :  0.001 0.002 0.001 0.996 
116    (1)    4 :  0.063 0.006 0.013 0.918 
117    (0)    4 :  0.009 0.014 0.002 0.975 
118    (3)    4 :  0.004 0.002 0.002 0.992 
119    (2)    4 :  0.007 0.035 0.005 0.954 
120    (2)    4 :  0.011 0.003 0.006 0.980 
121    (0)    4 :  0.013 0.013 0.002 0.972 
122    (1)    4 :  0.003 0.006 0.005 0.986 
123    (0)    4 :  0.001 0.001 0.001 0.997 
124   (15)    4 :  0.012 0.003 0.032 0.953 
125    (1)    4 :  0.008 0.011 0.006 0.974 
126    (0)    4 :  0.005 0.006 0.018 0.971 
127    (2)    4 :  0.003 0.003 0.004 0.990 


Estimated Allele Frequencies in each cluster
First column gives estimated ancestral frequencies


Locus 1 : 
2 alleles
0.0% missing data
   3   (0.930) 0.949 0.998 0.990 0.904 
   2   (0.070) 0.051 0.002 0.010 0.096 

Locus 2 : 
2 alleles
0.0% missing data
   2   (0.345) 0.382 0.170 0.051 0.367 
   3   (0.655) 0.618 0.830 0.949 0.633 

Locus 3 : 
2 alleles
0.0% missing data
   2   (0.354) 0.354 0.253 0.225 0.338 
   4   (0.646) 0.646 0.747 0.775 0.662 

Locus 4 : 
2 alleles
0.0% missing data
   1   (0.703) 0.682 0.887 0.377 0.926 
   4   (0.297) 0.318 0.113 0.623 0.074 

Locus 5 : 
2 alleles
3.1% missing data
   2   (0.810) 0.818 0.952 0.975 0.741 
   1   (0.190) 0.182 0.048 0.025 0.259 

Locus 6 : 
2 alleles
2.4% missing data
   1   (0.216) 0.203 0.382 0.032 0.193 
   3   (0.784) 0.797 0.618 0.968 0.807 

Locus 7 : 
2 alleles
0.0% missing data
   2   (0.625) 0.635 0.458 0.946 0.417 
   3   (0.375) 0.365 0.542 0.054 0.583 

Locus 8 : 
2 alleles
2.4% missing data
   1   (0.243) 0.215 0.262 0.253 0.169 
   2   (0.757) 0.785 0.738 0.747 0.831 

Locus 9 : 
2 alleles
0.8% missing data
   4   (0.961) 0.987 0.999 0.995 0.824 
   1   (0.039) 0.013 0.001 0.005 0.176 

Locus 10 : 
2 alleles
0.0% missing data
   3   (0.732) 0.744 0.991 0.664 0.519 
   2   (0.268) 0.256 0.009 0.336 0.481 

Locus 11 : 
2 alleles
0.0% missing data
   2   (0.955) 0.981 0.999 0.994 0.772 
   1   (0.045) 0.019 0.001 0.006 0.228 

Locus 12 : 
2 alleles
0.0% missing data
   1   (0.513) 0.554 0.822 0.244 0.282 
   4   (0.487) 0.446 0.178 0.756 0.718 

Locus 13 : 
2 alleles
0.8% missing data
   2   (0.686) 0.713 0.799 0.795 0.588 
   4   (0.314) 0.287 0.201 0.205 0.412 

Locus 14 : 
2 alleles
0.0% missing data
   4   (0.686) 0.733 0.800 0.543 0.579 
   2   (0.314) 0.267 0.200 0.457 0.421 

Locus 15 : 
2 alleles
0.0% missing data
   4   (0.874) 0.860 0.996 0.983 0.882 
   2   (0.126) 0.140 0.004 0.017 0.118 

Locus 16 : 
2 alleles
0.0% missing data
   1   (0.399) 0.358 0.689 0.453 0.387 
   4   (0.601) 0.642 0.311 0.547 0.613 

Locus 17 : 
2 alleles
0.0% missing data
   4   (0.904) 0.932 0.997 0.868 0.936 
   3   (0.096) 0.068 0.003 0.132 0.064 

Locus 18 : 
2 alleles
0.0% missing data
   2   (0.783) 0.787 0.786 0.967 0.788 
   3   (0.217) 0.213 0.214 0.033 0.212 

Locus 19 : 
2 alleles
0.8% missing data
   4   (0.868) 0.885 0.984 0.982 0.819 
   2   (0.132) 0.115 0.016 0.018 0.181 

Locus 20 : 
2 alleles
0.0% missing data
   2   (0.667) 0.651 0.561 0.949 0.662 
   3   (0.333) 0.349 0.439 0.051 0.338 

Locus 21 : 
2 alleles
0.8% missing data
   2   (0.350) 0.330 0.208 0.261 0.447 
   3   (0.650) 0.670 0.792 0.739 0.553 

Locus 22 : 
2 alleles
0.0% missing data
   4   (0.812) 0.870 0.871 0.711 0.727 
   2   (0.188) 0.130 0.129 0.289 0.273 

Locus 23 : 
2 alleles
2.4% missing data
   1   (0.358) 0.308 0.565 0.470 0.399 
   4   (0.642) 0.692 0.435 0.530 0.601 

Locus 24 : 
2 alleles
0.0% missing data
   3   (0.739) 0.689 0.991 0.961 0.613 
   2   (0.261) 0.311 0.009 0.039 0.387 

Locus 25 : 
2 alleles
0.0% missing data
   3   (0.709) 0.708 0.489 0.958 0.714 
   2   (0.291) 0.292 0.511 0.042 0.286 

Locus 26 : 
2 alleles
0.8% missing data
   2   (0.572) 0.519 0.723 0.935 0.550 
   4   (0.428) 0.481 0.277 0.065 0.450 

Locus 27 : 
2 alleles
1.6% missing data
   1   (0.589) 0.621 0.752 0.190 0.628 
   4   (0.411) 0.379 0.248 0.810 0.372 

Locus 28 : 
2 alleles
3.9% missing data
   3   (0.521) 0.519 0.584 0.282 0.660 
   2   (0.479) 0.481 0.416 0.718 0.340 

Locus 29 : 
2 alleles
0.0% missing data
   4   (0.197) 0.119 0.438 0.346 0.352 
   1   (0.803) 0.881 0.562 0.654 0.648 

Locus 30 : 
2 alleles
0.0% missing data
   1   (0.426) 0.393 0.572 0.494 0.461 
   4   (0.574) 0.607 0.428 0.506 0.539 

Locus 31 : 
2 alleles
3.1% missing data
   2   (0.289) 0.285 0.502 0.045 0.300 
   4   (0.711) 0.715 0.498 0.955 0.700 

Locus 32 : 
2 alleles
0.0% missing data
   4   (0.535) 0.526 0.646 0.351 0.659 
   3   (0.465) 0.474 0.354 0.649 0.341 

Locus 33 : 
2 alleles
0.8% missing data
   2   (0.535) 0.532 0.569 0.436 0.618 
   3   (0.465) 0.468 0.431 0.564 0.382 

Locus 34 : 
2 alleles
0.0% missing data
   3   (0.497) 0.482 0.606 0.456 0.566 
   2   (0.503) 0.518 0.394 0.544 0.434 

Locus 35 : 
2 alleles
0.0% missing data
   4   (0.655) 0.577 0.989 0.687 0.794 
   1   (0.345) 0.423 0.011 0.313 0.206 

Locus 36 : 
2 alleles
0.0% missing data
   4   (0.642) 0.641 0.786 0.947 0.418 
   1   (0.358) 0.359 0.214 0.053 0.582 

Locus 37 : 
2 alleles
0.8% missing data
   2   (0.565) 0.557 0.814 0.733 0.450 
   3   (0.435) 0.443 0.186 0.267 0.550 

Locus 38 : 
2 alleles
0.8% missing data
   1   (0.909) 0.918 0.997 0.788 0.988 
   2   (0.091) 0.082 0.003 0.212 0.012 

Locus 39 : 
2 alleles
1.6% missing data
   2   (0.595) 0.610 0.961 0.522 0.345 
   4   (0.405) 0.390 0.039 0.478 0.655 

Locus 40 : 
2 alleles
0.0% missing data
   1   (0.394) 0.299 0.399 0.486 0.813 
   4   (0.606) 0.701 0.601 0.514 0.187 

Locus 41 : 
2 alleles
0.0% missing data
   2   (0.910) 0.957 0.934 0.988 0.622 
   1   (0.090) 0.043 0.066 0.012 0.378 

Locus 42 : 
2 alleles
0.0% missing data
   2   (0.540) 0.537 0.526 0.523 0.606 
   4   (0.460) 0.463 0.474 0.477 0.394 

Locus 43 : 
2 alleles
0.0% missing data
   2   (0.413) 0.356 0.365 0.445 0.680 
   4   (0.587) 0.644 0.635 0.555 0.320 

Locus 44 : 
3 alleles
1.6% missing data
   3   (0.851) 0.884 0.836 0.978 0.918 
   2   (0.113) 0.086 0.163 0.017 0.079 
   0   (0.036) 0.031 0.001 0.005 0.003 

Locus 45 : 
2 alleles
0.0% missing data
   1   (0.802) 0.782 0.984 0.967 0.790 
   2   (0.198) 0.218 0.016 0.033 0.210 

Locus 46 : 
2 alleles
0.0% missing data
   4   (0.881) 0.896 0.996 0.771 0.954 
   2   (0.119) 0.104 0.004 0.229 0.046 

Locus 47 : 
2 alleles
0.0% missing data
   2   (0.870) 0.909 0.957 0.706 0.949 
   1   (0.130) 0.091 0.043 0.294 0.051 

Locus 48 : 
2 alleles
1.6% missing data
   2   (0.568) 0.568 0.429 0.847 0.523 
   4   (0.432) 0.432 0.571 0.153 0.477 

Locus 49 : 
2 alleles
0.0% missing data
   1   (0.739) 0.767 0.914 0.791 0.649 
   2   (0.261) 0.233 0.086 0.209 0.351 

Locus 50 : 
2 alleles
0.0% missing data
   4   (0.732) 0.788 0.439 0.644 0.737 
   1   (0.268) 0.212 0.561 0.356 0.263 

Locus 51 : 
2 alleles
0.0% missing data
   3   (0.506) 0.471 0.567 0.547 0.669 
   2   (0.494) 0.529 0.433 0.453 0.331 

Locus 52 : 
2 alleles
0.8% missing data
   4   (0.913) 0.927 0.997 0.988 0.877 
   2   (0.087) 0.073 0.003 0.012 0.123 

Locus 53 : 
2 alleles
0.0% missing data
   4   (0.929) 0.975 0.998 0.745 0.630 
   2   (0.071) 0.025 0.002 0.255 0.370 

Locus 54 : 
2 alleles
3.1% missing data
   3   (0.583) 0.546 0.836 0.657 0.707 
   4   (0.417) 0.454 0.164 0.343 0.293 

Locus 55 : 
2 alleles
0.0% missing data
   2   (0.609) 0.582 0.594 0.783 0.774 
   1   (0.391) 0.418 0.406 0.217 0.226 

Locus 56 : 
3 alleles
2.4% missing data
   1   (0.772) 0.819 0.993 0.620 0.729 
   0   (0.087) 0.070 0.003 0.113 0.025 
   4   (0.141) 0.111 0.004 0.267 0.247 

Locus 57 : 
2 alleles
0.0% missing data
   4   (0.893) 0.913 0.997 0.985 0.648 
   1   (0.107) 0.087 0.003 0.015 0.352 

Locus 58 : 
2 alleles
0.0% missing data
   4   (0.875) 0.852 0.985 0.981 0.969 
   2   (0.125) 0.148 0.015 0.019 0.031 

Locus 59 : 
2 alleles
0.0% missing data
   3   (0.869) 0.878 0.890 0.982 0.952 
   2   (0.131) 0.122 0.110 0.018 0.048 

Locus 60 : 
2 alleles
0.0% missing data
   4   (0.755) 0.746 0.992 0.769 0.682 
   2   (0.245) 0.254 0.008 0.231 0.318 

Locus 61 : 
2 alleles
0.0% missing data
   4   (0.871) 0.905 0.996 0.829 0.778 
   2   (0.129) 0.095 0.004 0.171 0.222 

Locus 62 : 
2 alleles
0.0% missing data
   2   (0.750) 0.767 0.913 0.966 0.467 
   1   (0.250) 0.233 0.087 0.034 0.533 

Locus 63 : 
2 alleles
0.0% missing data
   2   (0.419) 0.402 0.640 0.717 0.218 
   1   (0.581) 0.598 0.360 0.283 0.782 

Locus 64 : 
2 alleles
0.0% missing data
   4   (0.829) 0.839 0.994 0.764 0.842 
   2   (0.171) 0.161 0.006 0.236 0.158 

Locus 65 : 
2 alleles
0.8% missing data
   1   (0.884) 0.897 0.996 0.978 0.746 
   4   (0.116) 0.103 0.004 0.022 0.254 

Locus 66 : 
3 alleles
1.6% missing data
   3   (0.598) 0.617 0.662 0.536 0.691 
   2   (0.370) 0.372 0.337 0.459 0.266 
   0   (0.033) 0.011 0.001 0.004 0.044 

Locus 67 : 
2 alleles
0.0% missing data
   1   (0.124) 0.093 0.030 0.231 0.040 
   3   (0.876) 0.907 0.970 0.769 0.960 

Locus 68 : 
2 alleles
0.0% missing data
   2   (0.522) 0.575 0.737 0.180 0.333 
   3   (0.478) 0.425 0.263 0.820 0.667 

Locus 69 : 
2 alleles
0.0% missing data
   4   (0.795) 0.829 0.993 0.689 0.509 
   2   (0.205) 0.171 0.007 0.311 0.491 

Locus 70 : 
3 alleles
0.0% missing data
   1   (0.335) 0.362 0.700 0.802 0.028 
   3   (0.628) 0.622 0.148 0.193 0.970 
   0   (0.037) 0.015 0.153 0.005 0.002 

Locus 71 : 
2 alleles
3.1% missing data
   2   (0.560) 0.568 0.217 0.511 0.742 
   4   (0.440) 0.432 0.783 0.489 0.258 

Locus 72 : 
2 alleles
1.6% missing data
   3   (0.546) 0.533 0.711 0.326 0.701 
   1   (0.454) 0.467 0.289 0.674 0.299 

Locus 73 : 
2 alleles
0.0% missing data
   1   (0.313) 0.251 0.538 0.486 0.350 
   2   (0.687) 0.749 0.462 0.514 0.650 

Locus 74 : 
2 alleles
1.6% missing data
   2   (0.828) 0.781 0.983 0.974 0.938 
   3   (0.172) 0.219 0.017 0.026 0.062 

Locus 75 : 
2 alleles
0.0% missing data
   3   (0.489) 0.465 0.789 0.160 0.659 
   1   (0.511) 0.535 0.211 0.840 0.341 

Locus 76 : 
2 alleles
0.0% missing data
   2   (0.429) 0.402 0.922 0.647 0.184 
   1   (0.571) 0.598 0.078 0.353 0.816 

Locus 77 : 
2 alleles
0.0% missing data
   4   (0.312) 0.319 0.482 0.315 0.103 
   1   (0.688) 0.681 0.518 0.685 0.897 

Locus 78 : 
2 alleles
0.0% missing data
   3   (0.719) 0.685 0.990 0.527 0.823 
   2   (0.281) 0.315 0.010 0.473 0.177 

Locus 79 : 
2 alleles
0.0% missing data
   2   (0.571) 0.551 0.718 0.840 0.522 
   3   (0.429) 0.449 0.282 0.160 0.478 

Locus 80 : 
2 alleles
0.0% missing data
   4   (0.808) 0.859 0.872 0.707 0.786 
   2   (0.192) 0.141 0.128 0.293 0.214 

Locus 81 : 
2 alleles
0.0% missing data
   3   (0.475) 0.520 0.339 0.072 0.582 
   2   (0.525) 0.480 0.661 0.928 0.418 

Locus 82 : 
2 alleles
0.0% missing data
   2   (0.743) 0.787 0.719 0.749 0.689 
   3   (0.257) 0.213 0.281 0.251 0.311 

Locus 83 : 
2 alleles
0.0% missing data
   3   (0.729) 0.741 0.883 0.961 0.470 
   2   (0.271) 0.259 0.117 0.039 0.530 

Locus 84 : 
2 alleles
0.0% missing data
   3   (0.537) 0.590 0.440 0.302 0.415 
   2   (0.463) 0.410 0.560 0.698 0.585 

Locus 85 : 
2 alleles
0.0% missing data
   3   (0.753) 0.778 0.874 0.635 0.818 
   4   (0.247) 0.222 0.126 0.365 0.182 

Locus 86 : 
2 alleles
0.0% missing data
   3   (0.532) 0.537 0.446 0.082 0.846 
   2   (0.468) 0.463 0.554 0.918 0.154 

Locus 87 : 
3 alleles
4.7% missing data
   1   (0.548) 0.580 0.714 0.500 0.429 
   4   (0.419) 0.402 0.285 0.485 0.557 
   0   (0.033) 0.018 0.001 0.016 0.013 

Locus 88 : 
2 alleles
1.6% missing data
   3   (0.815) 0.794 0.994 0.975 0.672 
   1   (0.185) 0.206 0.006 0.025 0.328 

Locus 89 : 
2 alleles
0.0% missing data
   1   (0.565) 0.571 0.894 0.494 0.426 
   4   (0.435) 0.429 0.106 0.506 0.574 

Locus 90 : 
2 alleles
0.8% missing data
   3   (0.744) 0.810 0.761 0.539 0.603 
   2   (0.256) 0.190 0.239 0.461 0.397 

Locus 91 : 
2 alleles
0.0% missing data
   2   (0.682) 0.704 0.691 0.740 0.719 
   4   (0.318) 0.296 0.309 0.260 0.281 

Locus 92 : 
2 alleles
0.0% missing data
   2   (0.775) 0.804 0.957 0.733 0.736 
   4   (0.225) 0.196 0.043 0.267 0.264 

Locus 93 : 
2 alleles
0.0% missing data
   4   (0.907) 0.917 0.997 0.986 0.877 
   1   (0.093) 0.083 0.003 0.014 0.123 

Locus 94 : 
2 alleles
0.0% missing data
   3   (0.789) 0.785 0.748 0.966 0.873 
   1   (0.211) 0.215 0.252 0.034 0.127 

Locus 95 : 
2 alleles
0.0% missing data
   1   (0.061) 0.050 0.069 0.008 0.004 
   3   (0.939) 0.950 0.931 0.992 0.996 

Locus 96 : 
2 alleles
0.0% missing data
   3   (0.558) 0.560 0.801 0.532 0.487 
   2   (0.442) 0.440 0.199 0.468 0.513 

Locus 97 : 
2 alleles
0.0% missing data
   2   (0.734) 0.722 0.992 0.757 0.637 
   1   (0.266) 0.278 0.008 0.243 0.363 

Locus 98 : 
2 alleles
0.0% missing data
   4   (0.764) 0.727 0.992 0.964 0.614 
   2   (0.236) 0.273 0.008 0.036 0.386 

Locus 99 : 
2 alleles
0.8% missing data
   4   (0.838) 0.874 0.995 0.760 0.622 
   1   (0.162) 0.126 0.005 0.240 0.378 

Locus 100 : 
2 alleles
0.8% missing data
   3   (0.434) 0.410 0.212 0.664 0.508 
   2   (0.566) 0.590 0.788 0.336 0.492 

Locus 101 : 
3 alleles
0.0% missing data
   4   (0.481) 0.571 0.434 0.512 0.091 
   2   (0.439) 0.340 0.540 0.477 0.904 
   0   (0.080) 0.089 0.026 0.011 0.004 

Locus 102 : 
2 alleles
2.4% missing data
   2   (0.760) 0.768 0.898 0.697 0.891 
   4   (0.240) 0.232 0.102 0.303 0.109 

Locus 103 : 
3 alleles
0.0% missing data
   4   (0.117) 0.094 0.523 0.016 0.026 
   2   (0.794) 0.756 0.474 0.968 0.969 
   0   (0.089) 0.151 0.003 0.017 0.005 

Locus 104 : 
2 alleles
0.0% missing data
   3   (0.311) 0.306 0.565 0.151 0.178 
   2   (0.689) 0.694 0.435 0.849 0.822 

Locus 105 : 
2 alleles
0.0% missing data
   4   (0.491) 0.506 0.412 0.501 0.418 
   1   (0.509) 0.494 0.588 0.499 0.582 

Locus 106 : 
2 alleles
0.0% missing data
   1   (0.156) 0.129 0.176 0.022 0.181 
   2   (0.844) 0.871 0.824 0.978 0.819 

Locus 107 : 
2 alleles
0.0% missing data
   1   (0.586) 0.615 0.794 0.398 0.480 
   4   (0.414) 0.385 0.206 0.602 0.520 

Locus 108 : 
2 alleles
0.0% missing data
   2   (0.751) 0.765 0.927 0.691 0.826 
   4   (0.249) 0.235 0.073 0.309 0.174 

Locus 109 : 
2 alleles
0.0% missing data
   3   (0.797) 0.822 0.966 0.813 0.794 
   2   (0.203) 0.178 0.034 0.187 0.206 

Locus 110 : 
2 alleles
0.0% missing data
   2   (0.921) 0.933 0.997 0.988 0.917 
   1   (0.079) 0.067 0.003 0.012 0.083 

Locus 111 : 
2 alleles
0.0% missing data
   1   (0.845) 0.840 0.994 0.979 0.733 
   2   (0.155) 0.160 0.006 0.021 0.267 

Locus 112 : 
2 alleles
7.1% missing data
   3   (0.839) 0.847 0.994 0.754 0.877 
   2   (0.161) 0.153 0.006 0.246 0.123 

Locus 113 : 
2 alleles
0.0% missing data
   2   (0.662) 0.584 0.741 0.949 0.866 
   3   (0.338) 0.416 0.259 0.051 0.134 

Locus 114 : 
2 alleles
0.0% missing data
   4   (0.717) 0.702 0.804 0.960 0.703 
   2   (0.283) 0.298 0.196 0.040 0.297 

Locus 115 : 
2 alleles
0.0% missing data
   3   (0.462) 0.435 0.342 0.658 0.535 
   2   (0.538) 0.565 0.658 0.342 0.465 

Locus 116 : 
2 alleles
0.0% missing data
   4   (0.447) 0.401 0.691 0.481 0.573 
   3   (0.553) 0.599 0.309 0.519 0.427 

Locus 117 : 
2 alleles
0.0% missing data
   2   (0.886) 0.882 0.995 0.984 0.897 
   3   (0.114) 0.118 0.005 0.016 0.103 

Locus 118 : 
2 alleles
0.0% missing data
   2   (0.899) 0.898 0.997 0.986 0.913 
   1   (0.101) 0.102 0.003 0.014 0.087 

Locus 119 : 
3 alleles
0.0% missing data
   2   (0.913) 0.970 0.971 0.592 0.916 
   0   (0.029) 0.010 0.027 0.004 0.002 
   3   (0.058) 0.020 0.002 0.404 0.082 

Locus 120 : 
2 alleles
0.0% missing data
   1   (0.925) 0.935 0.997 0.986 0.958 
   2   (0.075) 0.065 0.003 0.014 0.042 

Locus 121 : 
2 alleles
0.0% missing data
   3   (0.720) 0.727 0.657 0.846 0.826 
   4   (0.280) 0.273 0.343 0.154 0.174 

Locus 122 : 
2 alleles
0.0% missing data
   1   (0.964) 0.985 0.900 0.995 0.998 
   0   (0.036) 0.015 0.100 0.005 0.002 

Locus 123 : 
3 alleles
1.6% missing data
   2   (0.708) 0.767 0.914 0.841 0.340 
   3   (0.263) 0.223 0.032 0.156 0.658 
   0   (0.030) 0.010 0.054 0.004 0.002 

Locus 124 : 
2 alleles
0.8% missing data
   1   (0.829) 0.809 0.994 0.977 0.751 
   3   (0.171) 0.191 0.006 0.023 0.249 

Locus 125 : 
2 alleles
0.0% missing data
   1   (0.892) 0.896 0.997 0.545 0.987 
   2   (0.108) 0.104 0.003 0.455 0.013 

Locus 126 : 
2 alleles
0.0% missing data
   4   (0.235) 0.181 0.242 0.290 0.316 
   2   (0.765) 0.819 0.758 0.710 0.684 

Locus 127 : 
2 alleles
0.0% missing data
   3   (0.679) 0.699 0.989 0.533 0.390 
   2   (0.321) 0.301 0.011 0.467 0.610 

Locus 128 : 
2 alleles
0.8% missing data
   3   (0.783) 0.790 0.798 0.662 0.948 
   2   (0.217) 0.210 0.202 0.338 0.052 

Locus 129 : 
2 alleles
0.8% missing data
   1   (0.760) 0.723 0.978 0.768 0.926 
   3   (0.240) 0.277 0.022 0.232 0.074 

Locus 130 : 
2 alleles
0.0% missing data
   3   (0.891) 0.879 0.996 0.984 0.929 
   2   (0.109) 0.121 0.004 0.016 0.071 

Locus 131 : 
2 alleles
0.0% missing data
   4   (0.653) 0.648 0.330 0.592 0.891 
   1   (0.347) 0.352 0.670 0.408 0.109 

Locus 132 : 
2 alleles
0.0% missing data
   2   (0.807) 0.779 0.994 0.826 0.906 
   4   (0.193) 0.221 0.006 0.174 0.094 

Locus 133 : 
2 alleles
0.0% missing data
   3   (0.472) 0.487 0.843 0.071 0.522 
   2   (0.528) 0.513 0.157 0.929 0.478 

Locus 134 : 
2 alleles
0.8% missing data
   3   (0.771) 0.777 0.908 0.966 0.665 
   2   (0.229) 0.223 0.092 0.034 0.335 

Locus 135 : 
2 alleles
0.0% missing data
   3   (0.622) 0.628 0.896 0.518 0.599 
   2   (0.378) 0.372 0.104 0.482 0.401 

Locus 136 : 
2 alleles
0.0% missing data
   4   (0.897) 0.925 0.996 0.984 0.559 
   2   (0.103) 0.075 0.004 0.016 0.441 

Locus 137 : 
2 alleles
0.0% missing data
   2   (0.930) 0.926 0.997 0.990 0.988 
   3   (0.070) 0.074 0.003 0.010 0.012 

Locus 138 : 
2 alleles
0.8% missing data
   1   (0.675) 0.689 0.491 0.687 0.810 
   3   (0.325) 0.311 0.509 0.313 0.190 

Locus 139 : 
2 alleles
0.8% missing data
   2   (0.635) 0.702 0.405 0.455 0.518 
   3   (0.365) 0.298 0.595 0.545 0.482 

Locus 140 : 
2 alleles
0.0% missing data
   4   (0.699) 0.690 0.910 0.632 0.825 
   3   (0.301) 0.310 0.090 0.368 0.175 

Locus 141 : 
2 alleles
0.0% missing data
   1   (0.713) 0.756 0.771 0.694 0.618 
   4   (0.287) 0.244 0.229 0.306 0.382 

Locus 142 : 
2 alleles
0.0% missing data
   3   (0.638) 0.637 0.596 0.355 0.870 
   2   (0.362) 0.363 0.404 0.645 0.130 

Locus 143 : 
2 alleles
0.0% missing data
   2   (0.934) 0.949 0.998 0.992 0.966 
   3   (0.066) 0.051 0.002 0.008 0.034 

Locus 144 : 
3 alleles
0.8% missing data
   4   (0.601) 0.595 0.942 0.718 0.463 
   1   (0.370) 0.395 0.031 0.278 0.535 
   0   (0.029) 0.010 0.027 0.004 0.002 

Locus 145 : 
2 alleles
0.0% missing data
   1   (0.171) 0.180 0.273 0.023 0.051 
   3   (0.829) 0.820 0.727 0.977 0.949 

Locus 146 : 
2 alleles
0.0% missing data
   4   (0.917) 0.932 0.997 0.988 0.877 
   1   (0.083) 0.068 0.003 0.012 0.123 

Locus 147 : 
2 alleles
0.8% missing data
   1   (0.367) 0.364 0.402 0.537 0.188 
   4   (0.633) 0.636 0.598 0.463 0.812 

Locus 148 : 
2 alleles
0.0% missing data
   3   (0.733) 0.699 0.608 0.329 0.984 
   1   (0.267) 0.301 0.392 0.671 0.016 

Locus 149 : 
3 alleles
1.6% missing data
   2   (0.499) 0.553 0.588 0.190 0.440 
   3   (0.448) 0.410 0.409 0.803 0.536 
   0   (0.053) 0.037 0.003 0.007 0.024 

Locus 150 : 
2 alleles
0.0% missing data
   1   (0.710) 0.657 0.902 0.957 0.801 
   4   (0.290) 0.343 0.098 0.043 0.199 

Locus 151 : 
2 alleles
0.0% missing data
   3   (0.733) 0.709 0.405 0.962 0.887 
   2   (0.267) 0.291 0.595 0.038 0.113 

Locus 152 : 
2 alleles
0.0% missing data
   4   (0.926) 0.930 0.998 0.831 0.995 
   2   (0.074) 0.070 0.002 0.169 0.005 

Locus 153 : 
2 alleles
0.0% missing data
   1   (0.638) 0.681 0.681 0.650 0.500 
   4   (0.362) 0.319 0.319 0.350 0.500 

Locus 154 : 
2 alleles
0.8% missing data
   1   (0.541) 0.610 0.893 0.514 0.108 
   3   (0.459) 0.390 0.107 0.486 0.892 

Locus 155 : 
2 alleles
0.0% missing data
   3   (0.555) 0.504 0.848 0.772 0.635 
   4   (0.445) 0.496 0.152 0.228 0.365 

Locus 156 : 
2 alleles
0.8% missing data
   1   (0.806) 0.858 0.972 0.972 0.219 
   2   (0.194) 0.142 0.028 0.028 0.781 

Locus 157 : 
2 alleles
0.0% missing data
   4   (0.572) 0.564 0.753 0.664 0.558 
   2   (0.428) 0.436 0.247 0.336 0.442 

Locus 158 : 
2 alleles
0.8% missing data
   1   (0.705) 0.676 0.759 0.800 0.900 
   2   (0.295) 0.324 0.241 0.200 0.100 

Locus 159 : 
3 alleles
0.8% missing data
   2   (0.826) 0.865 0.862 0.976 0.518 
   0   (0.072) 0.062 0.134 0.011 0.004 
   3   (0.101) 0.073 0.003 0.014 0.478 

Locus 160 : 
3 alleles
0.0% missing data
   1   (0.446) 0.493 0.470 0.478 0.183 
   3   (0.519) 0.476 0.528 0.514 0.815 
   0   (0.035) 0.031 0.001 0.008 0.002 

Locus 161 : 
2 alleles
0.8% missing data
   1   (0.518) 0.551 0.512 0.182 0.535 
   4   (0.482) 0.449 0.488 0.818 0.465 

Locus 162 : 
3 alleles
3.1% missing data
   1   (0.895) 0.921 0.997 0.985 0.932 
   0   (0.074) 0.068 0.002 0.010 0.044 
   2   (0.031) 0.011 0.001 0.004 0.023 

Locus 163 : 
2 alleles
0.0% missing data
   2   (0.876) 0.924 0.855 0.982 0.659 
   3   (0.124) 0.076 0.145 0.018 0.341 

Locus 164 : 
3 alleles
0.8% missing data
   4   (0.866) 0.923 0.809 0.981 0.856 
   1   (0.104) 0.067 0.190 0.015 0.122 
   0   (0.030) 0.010 0.001 0.004 0.022 

Locus 165 : 
2 alleles
0.0% missing data
   4   (0.799) 0.852 0.830 0.860 0.681 
   1   (0.201) 0.148 0.170 0.140 0.319 

Locus 166 : 
2 alleles
0.8% missing data
   2   (0.859) 0.896 0.984 0.977 0.502 
   3   (0.141) 0.104 0.016 0.023 0.498 

Locus 167 : 
2 alleles
0.0% missing data
   2   (0.652) 0.731 0.759 0.644 0.246 
   3   (0.348) 0.269 0.241 0.356 0.754 

Locus 168 : 
2 alleles
0.0% missing data
   3   (0.733) 0.743 0.910 0.739 0.784 
   2   (0.267) 0.257 0.090 0.261 0.216 

Locus 169 : 
3 alleles
2.4% missing data
   4   (0.398) 0.460 0.558 0.166 0.151 
   3   (0.550) 0.503 0.386 0.827 0.846 
   0   (0.052) 0.037 0.056 0.007 0.003 

Locus 170 : 
2 alleles
0.0% missing data
   1   (0.755) 0.826 0.550 0.534 0.692 
   3   (0.245) 0.174 0.450 0.466 0.308 

Locus 171 : 
3 alleles
3.1% missing data
   2   (0.830) 0.883 0.957 0.974 0.654 
   3   (0.137) 0.106 0.042 0.022 0.301 
   0   (0.032) 0.011 0.001 0.004 0.045 

Locus 172 : 
2 alleles
0.0% missing data
   4   (0.723) 0.722 0.610 0.959 0.724 
   1   (0.277) 0.278 0.390 0.041 0.276 

Locus 173 : 
2 alleles
0.0% missing data
   2   (0.766) 0.832 0.534 0.547 0.779 
   3   (0.234) 0.168 0.466 0.453 0.221 

Locus 174 : 
2 alleles
0.0% missing data
   4   (0.735) 0.761 0.811 0.848 0.699 
   1   (0.265) 0.239 0.189 0.152 0.301 

Locus 175 : 
2 alleles
0.0% missing data
   2   (0.732) 0.765 0.767 0.857 0.627 
   4   (0.268) 0.235 0.233 0.143 0.373 

Locus 176 : 
2 alleles
0.8% missing data
   4   (0.952) 0.945 0.998 0.993 0.997 
   1   (0.048) 0.055 0.002 0.007 0.003 

Locus 177 : 
2 alleles
0.0% missing data
   3   (0.489) 0.434 0.535 0.658 0.690 
   2   (0.511) 0.566 0.465 0.342 0.310 

Locus 178 : 
3 alleles
2.4% missing data
   3   (0.608) 0.591 0.652 0.621 0.824 
   2   (0.364) 0.399 0.347 0.280 0.174 
   0   (0.028) 0.010 0.001 0.099 0.002 

Locus 179 : 
2 alleles
0.0% missing data
   3   (0.896) 0.930 0.968 0.985 0.843 
   2   (0.104) 0.070 0.032 0.015 0.157 

Locus 180 : 
3 alleles
1.6% missing data
   3   (0.531) 0.579 0.797 0.670 0.179 
   2   (0.418) 0.363 0.201 0.323 0.818 
   0   (0.051) 0.058 0.002 0.007 0.003 

Locus 181 : 
2 alleles
0.0% missing data
   2   (0.729) 0.746 0.745 0.961 0.559 
   1   (0.271) 0.254 0.255 0.039 0.441 

Locus 182 : 
2 alleles
1.6% missing data
   4   (0.786) 0.810 0.536 0.866 0.916 
   2   (0.214) 0.190 0.464 0.134 0.084 

Locus 183 : 
2 alleles
0.0% missing data
   4   (0.884) 0.892 0.905 0.979 0.974 
   2   (0.116) 0.108 0.095 0.021 0.026 

Locus 184 : 
2 alleles
0.0% missing data
   2   (0.886) 0.923 0.971 0.786 0.964 
   3   (0.114) 0.077 0.029 0.214 0.036 

Locus 185 : 
2 alleles
0.0% missing data
   2   (0.775) 0.837 0.809 0.541 0.728 
   3   (0.225) 0.163 0.191 0.459 0.272 

Locus 186 : 
2 alleles
0.0% missing data
   2   (0.910) 0.913 0.638 0.988 0.995 
   3   (0.090) 0.087 0.362 0.012 0.005 

Locus 187 : 
2 alleles
0.0% missing data
   3   (0.903) 0.947 0.958 0.783 0.968 
   2   (0.097) 0.053 0.042 0.217 0.032 

Locus 188 : 
2 alleles
2.4% missing data
   2   (0.746) 0.767 0.742 0.964 0.571 
   3   (0.254) 0.233 0.258 0.036 0.429 

Locus 189 : 
3 alleles
3.1% missing data
   3   (0.642) 0.699 0.496 0.746 0.590 
   1   (0.302) 0.263 0.503 0.246 0.363 
   0   (0.056) 0.038 0.002 0.007 0.047 

Locus 190 : 
2 alleles
0.0% missing data
   1   (0.880) 0.851 0.996 0.983 0.954 
   5   (0.120) 0.149 0.004 0.017 0.046 

Locus 191 : 
2 alleles
0.0% missing data
   1   (0.802) 0.764 0.679 0.829 0.989 
   5   (0.198) 0.236 0.321 0.171 0.011 

Locus 192 : 
2 alleles
0.0% missing data
   2   (0.575) 0.613 0.790 0.243 0.511 
   1   (0.425) 0.387 0.210 0.757 0.489 

Locus 193 : 
2 alleles
2.4% missing data
   1   (0.933) 0.953 0.998 0.991 0.905 
   4   (0.067) 0.047 0.002 0.009 0.095 

Locus 194 : 
2 alleles
0.0% missing data
   3   (0.785) 0.750 0.993 0.970 0.679 
   2   (0.215) 0.250 0.007 0.030 0.321 

Locus 195 : 
2 alleles
6.3% missing data
   4   (0.576) 0.519 0.986 0.675 0.472 
   1   (0.424) 0.481 0.014 0.325 0.528 

Locus 196 : 
2 alleles
0.8% missing data
   3   (0.883) 0.895 0.768 0.984 0.975 
   2   (0.117) 0.105 0.232 0.016 0.025 

Locus 197 : 
2 alleles
0.8% missing data
   3   (0.669) 0.660 0.750 0.787 0.766 
   4   (0.331) 0.340 0.250 0.213 0.234 

Locus 198 : 
2 alleles
0.0% missing data
   1   (0.965) 0.988 0.999 0.995 0.899 
   2   (0.035) 0.012 0.001 0.005 0.101 

Locus 199 : 
2 alleles
0.0% missing data
   2   (0.852) 0.863 0.995 0.979 0.560 
   3   (0.148) 0.137 0.005 0.021 0.440 

Locus 200 : 
2 alleles
0.0% missing data
   2   (0.519) 0.528 0.605 0.439 0.493 
   4   (0.481) 0.472 0.395 0.561 0.507 

Locus 201 : 
2 alleles
0.8% missing data
   2   (0.696) 0.665 0.989 0.956 0.343 
   1   (0.304) 0.335 0.011 0.044 0.657 

Locus 202 : 
2 alleles
0.0% missing data
   1   (0.906) 0.934 0.749 0.819 0.995 
   3   (0.094) 0.066 0.251 0.181 0.005 

Locus 203 : 
2 alleles
0.8% missing data
   2   (0.708) 0.676 0.991 0.579 0.765 
   1   (0.292) 0.324 0.009 0.421 0.235 

Locus 204 : 
2 alleles
0.0% missing data
   2   (0.835) 0.806 0.994 0.978 0.821 
   5   (0.165) 0.194 0.006 0.022 0.179 

Locus 205 : 
2 alleles
0.0% missing data
   3   (0.692) 0.683 0.653 0.648 0.883 
   1   (0.308) 0.317 0.347 0.352 0.117 

Locus 206 : 
2 alleles
0.0% missing data
   4   (0.589) 0.579 0.325 0.892 0.599 
   1   (0.411) 0.421 0.675 0.108 0.401 

Locus 207 : 
2 alleles
0.8% missing data
   3   (0.812) 0.807 0.994 0.670 0.882 
   2   (0.188) 0.193 0.006 0.330 0.118 

Locus 208 : 
2 alleles
1.6% missing data
   1   (0.737) 0.735 0.991 0.799 0.530 
   2   (0.263) 0.265 0.009 0.201 0.470 

Locus 209 : 
3 alleles
0.0% missing data
   3   (0.940) 0.980 0.907 0.992 0.997 
   2   (0.029) 0.010 0.066 0.004 0.002 
   0   (0.030) 0.010 0.027 0.004 0.002 

Locus 210 : 
2 alleles
0.0% missing data
   2   (0.623) 0.666 0.979 0.099 0.451 
   4   (0.377) 0.334 0.021 0.901 0.549 

Locus 211 : 
2 alleles
0.0% missing data
   2   (0.890) 0.905 0.997 0.980 0.763 
   4   (0.110) 0.095 0.003 0.020 0.237 

Locus 212 : 
2 alleles
0.0% missing data
   4   (0.745) 0.771 0.777 0.851 0.750 
   1   (0.255) 0.229 0.223 0.149 0.250 

Locus 213 : 
2 alleles
0.0% missing data
   3   (0.757) 0.844 0.220 0.611 0.623 
   2   (0.243) 0.156 0.780 0.389 0.377 

Locus 214 : 
2 alleles
0.0% missing data
   1   (0.738) 0.779 0.864 0.716 0.659 
   4   (0.262) 0.221 0.136 0.284 0.341 

Locus 215 : 
2 alleles
0.0% missing data
   4   (0.330) 0.343 0.319 0.535 0.096 
   5   (0.670) 0.657 0.681 0.465 0.904 

Locus 216 : 
2 alleles
0.0% missing data
   3   (0.894) 0.935 0.904 0.986 0.805 
   1   (0.106) 0.065 0.096 0.014 0.195 

Locus 217 : 
2 alleles
0.0% missing data
   3   (0.873) 0.901 0.996 0.818 0.864 
   2   (0.127) 0.099 0.004 0.182 0.136 

Locus 218 : 
2 alleles
0.0% missing data
   3   (0.438) 0.501 0.239 0.067 0.433 
   2   (0.562) 0.499 0.761 0.933 0.567 

Locus 219 : 
2 alleles
0.0% missing data
   4   (0.741) 0.777 0.992 0.769 0.293 
   2   (0.259) 0.223 0.008 0.231 0.707 

Locus 220 : 
2 alleles
0.0% missing data
   3   (0.755) 0.789 0.953 0.699 0.664 
   2   (0.245) 0.211 0.047 0.301 0.336 

Locus 221 : 
2 alleles
0.0% missing data
   3   (0.796) 0.826 0.769 0.691 0.917 
   2   (0.204) 0.174 0.231 0.309 0.083 

Locus 222 : 
2 alleles
0.0% missing data
   2   (0.716) 0.721 0.991 0.640 0.495 
   3   (0.284) 0.279 0.009 0.360 0.505 

Locus 223 : 
2 alleles
0.8% missing data
   1   (0.943) 0.971 0.998 0.993 0.794 
   2   (0.057) 0.029 0.002 0.007 0.206 

Locus 224 : 
2 alleles
0.0% missing data
   5   (0.761) 0.818 0.885 0.868 0.427 
   1   (0.239) 0.182 0.115 0.132 0.573 

Locus 225 : 
2 alleles
0.8% missing data
   2   (0.749) 0.787 0.641 0.757 0.786 
   3   (0.251) 0.213 0.359 0.243 0.214 

Locus 226 : 
2 alleles
0.0% missing data
   3   (0.922) 0.876 0.998 0.987 0.995 
   1   (0.078) 0.124 0.002 0.013 0.005 

Values of parameters used in structure:
DATAFILE=/Users/ddayan/FRA/small_omy_projects/sf_crooked_river_2021/structure_SFGL_Omy269/project_data,	OUTFILE=/Users/ddayan/FRA/small_omy_projects/sf_crooked_river_2021/structure_SFGL_Omy269/5k10kadmcorr/Results/5k10kadmcorr_run_40,	NUMINDS=127,	NUMLOCI=226,	MISSING=-9,	LABEL=0,	POPDATA=1,	POPFLAG=0,	PHENOTYPE=0,	EXTRACOLS=0,	MAXPOPS=4,	BURNIN=5000,	NUMREPS=10000,	USEPOPINFO=0,	INFERALPHA=1,	INFERLAMBDA=0,	POPSPECIFICLAMBDA=0,	POPALPHAS=0,	COMPUTEPROB=1,	NOADMIX=0,	ADMBURNIN=2500,	UPDATEFREQ=1,	PRINTLIKES=0,	INTERMEDSAVE=0,	PRINTKLD=0,	PRINTNET=0,	PRINTLAMBDA=0,	ANCESTDIST=0,	NUMBOXES=1000,	ANCESTPINT=0.90000,	GENSBACK=2,	MIGRPRIOR=0.05000,	PRINTQHAT=0,	PRINTQSUM=0,	ALPHA=1.0000,	FREQSCORR=1,	FPRIORMEAN=0.0100,	FPRIORSD=0.0500,	ONEFST=0,	LAMBDA=1.0000,	UNIFPRIORALPHA=1,	ALPHAMAX=10.0000,	ALPHAPRIORA=1.0000,	ALPHAPRIORB=2.0000,	ALPHAPROPSD=0.0250,	STARTATPOPINFO=0,	RANDOMIZE=1,	LINKAGE=0,	METROFREQ=10,	REPORTHITRATE=0,	MARKOVPHASE=-1,	PHASED=0,	PLOIDY=2,	PHASEINFO=0	LOCPRIOR=0, 	LOCPRIORINIT=1.000000, 	LOCDATA=0, 	LOCISPOP=0, 	LOCPRIORSTEP=0.100000, 	MAXLOCPRIOR=20.000000, 	SEED=1642736991,	
[STRAT parameters]:    NUMSIMSTATS=1000,	PHENOTYPECOL=-9,	POOLFREQ=10,	LOCUSxONLY=0,	EMERROR=0.00100,	MISSINGPHENO=-9,	