

----------------------------------------------------
STRUCTURE by Pritchard, Stephens and Donnelly (2000)
     and Falush, Stephens and Pritchard (2003)
       Code by Pritchard, Falush and Hubisz
             Version 2.3.4 (Jul 2012)
----------------------------------------------------



Command line arguments:   bin/structure -m "/Users/ddayan/FRA/small_omy_projects/sf_crooked_river_2021/structure_SFGL_Omy269/5k10kadmcorr/mainparams" -e "/Users/ddayan/FRA/small_omy_projects/sf_crooked_river_2021/structure_SFGL_Omy269/5k10kadmcorr/extraparams" 
Input File:    /Users/ddayan/FRA/small_omy_projects/sf_crooked_river_2021/structure_SFGL_Omy269/project_data

Run parameters:
   127 individuals
   226 loci
   5 populations assumed
   5000 Burn-in period
   10000 Reps


--------------------------------------------
Proportion of membership of each pre-defined
 population in each of the 5 clusters

Given    Inferred Clusters                     Number of
 Pop       1      2      3      4      5      Individuals

  1:     0.003  0.003  0.002  0.988  0.004       35
  2:     0.089  0.099  0.798  0.005  0.010       17
  3:     0.307  0.416  0.009  0.057  0.211       41
  4:     0.008  0.007  0.975  0.006  0.005       34
--------------------------------------------

Allele-freq. divergence among pops (Net nucleotide distance),
computed using point estimates of P.

      1       2       3       4       5      
 1      -    0.0119  0.0329  0.0363  0.0375  
 2   0.0119     -    0.0394  0.0369  0.0373  
 3   0.0329  0.0394     -    0.0780  0.0656  
 4   0.0363  0.0369  0.0780     -    0.0588  
 5   0.0375  0.0373  0.0656  0.0588     -    

Average distances (expected heterozygosity) between individuals in same cluster:
cluster  1  : 0.3408 
cluster  2  : 0.3303 
cluster  3  : 0.3345 
cluster  4  : 0.2452 
cluster  5  : 0.2748 

--------------------------------------------
Estimated Ln Prob of Data   = -26495.9
Mean value of ln likelihood = -26143.9
Variance of ln likelihood   = 704.0
Mean value of alpha         = 0.0319

Mean value of Fst_1         = 0.0476
Mean value of Fst_2         = 0.0720
Mean value of Fst_3         = 0.1512
Mean value of Fst_4         = 0.2981
Mean value of Fst_5         = 0.2715


Inferred ancestry of individuals:
     (%Miss) Pop:  Inferred clusters
  1    (0)    1 :  0.002 0.002 0.001 0.994 0.001 
  2    (0)    1 :  0.004 0.009 0.008 0.973 0.006 
  3    (0)    1 :  0.002 0.001 0.001 0.995 0.001 
  4    (0)    1 :  0.004 0.003 0.001 0.991 0.002 
  5    (0)    1 :  0.002 0.001 0.003 0.993 0.001 
  6    (0)    1 :  0.001 0.002 0.002 0.993 0.002 
  7    (0)    1 :  0.001 0.001 0.001 0.997 0.001 
  8    (0)    1 :  0.002 0.006 0.001 0.989 0.002 
  9    (0)    1 :  0.001 0.002 0.002 0.995 0.001 
 10    (0)    1 :  0.004 0.003 0.001 0.988 0.003 
 11    (0)    1 :  0.004 0.012 0.004 0.930 0.050 
 12    (0)    1 :  0.006 0.007 0.007 0.976 0.003 
 13    (0)    1 :  0.001 0.001 0.001 0.995 0.002 
 14    (0)    1 :  0.002 0.002 0.001 0.992 0.003 
 15    (0)    1 :  0.001 0.001 0.001 0.996 0.001 
 16    (0)    1 :  0.002 0.001 0.001 0.990 0.006 
 17    (0)    1 :  0.017 0.005 0.001 0.976 0.002 
 18    (0)    1 :  0.018 0.023 0.015 0.940 0.004 
 19    (0)    1 :  0.002 0.001 0.001 0.993 0.004 
 20    (0)    1 :  0.002 0.001 0.001 0.995 0.001 
 21    (0)    1 :  0.004 0.004 0.002 0.989 0.001 
 22    (0)    1 :  0.004 0.006 0.001 0.986 0.003 
 23    (0)    1 :  0.001 0.001 0.001 0.995 0.002 
 24    (0)    1 :  0.001 0.001 0.001 0.996 0.001 
 25    (0)    1 :  0.003 0.003 0.005 0.988 0.002 
 26    (0)    1 :  0.001 0.001 0.002 0.996 0.001 
 27    (0)    1 :  0.001 0.001 0.001 0.997 0.001 
 28    (0)    1 :  0.002 0.003 0.001 0.989 0.004 
 29    (0)    1 :  0.001 0.003 0.001 0.993 0.002 
 30    (0)    1 :  0.001 0.001 0.001 0.996 0.001 
 31    (0)    1 :  0.001 0.001 0.002 0.994 0.002 
 32    (0)    1 :  0.002 0.002 0.002 0.991 0.003 
 33    (0)    1 :  0.001 0.001 0.001 0.996 0.002 
 34    (0)    1 :  0.001 0.001 0.001 0.996 0.001 
 35    (0)    1 :  0.002 0.003 0.001 0.993 0.001 
 36    (0)    2 :  0.082 0.035 0.875 0.004 0.004 
 37    (0)    2 :  0.005 0.004 0.979 0.011 0.002 
 38    (0)    3 :  0.027 0.874 0.001 0.006 0.092 
 39    (0)    3 :  0.983 0.002 0.003 0.012 0.001 
 40    (0)    3 :  0.949 0.002 0.002 0.044 0.002 
 41    (0)    3 :  0.898 0.070 0.017 0.009 0.007 
 42    (0)    3 :  0.857 0.005 0.016 0.006 0.116 
 43    (0)    2 :  0.002 0.003 0.994 0.001 0.001 
 44    (0)    2 :  0.096 0.734 0.114 0.012 0.043 
 45    (0)    2 :  0.002 0.002 0.992 0.001 0.002 
 46    (0)    2 :  0.002 0.004 0.988 0.003 0.003 
 47    (0)    2 :  0.242 0.016 0.668 0.004 0.070 
 48    (0)    2 :  0.866 0.003 0.124 0.005 0.002 
 49    (0)    2 :  0.131 0.412 0.425 0.023 0.009 
 50    (0)    2 :  0.004 0.015 0.980 0.001 0.001 
 51    (0)    2 :  0.011 0.008 0.964 0.002 0.014 
 52    (0)    3 :  0.692 0.273 0.004 0.015 0.017 
 53    (0)    3 :  0.087 0.868 0.014 0.029 0.002 
 54    (0)    3 :  0.005 0.982 0.005 0.003 0.005 
 55    (0)    3 :  0.941 0.011 0.036 0.010 0.002 
 56    (0)    3 :  0.001 0.001 0.001 0.005 0.991 
 57    (0)    3 :  0.843 0.034 0.005 0.117 0.002 
 58    (0)    3 :  0.002 0.990 0.002 0.003 0.002 
 59    (0)    3 :  0.766 0.146 0.083 0.003 0.002 
 60    (0)    3 :  0.002 0.002 0.001 0.002 0.993 
 61    (0)    3 :  0.001 0.002 0.001 0.002 0.994 
 62    (0)    3 :  0.908 0.061 0.005 0.003 0.024 
 63    (0)    3 :  0.987 0.003 0.003 0.002 0.005 
 64    (0)    3 :  0.013 0.536 0.001 0.447 0.002 
 65    (0)    3 :  0.111 0.439 0.002 0.446 0.001 
 66    (0)    3 :  0.007 0.624 0.005 0.362 0.001 
 67    (0)    3 :  0.111 0.537 0.065 0.270 0.018 
 68    (0)    3 :  0.001 0.003 0.001 0.001 0.993 
 69    (0)    3 :  0.015 0.514 0.040 0.430 0.001 
 70    (0)    3 :  0.006 0.003 0.001 0.002 0.987 
 71    (0)    3 :  0.002 0.005 0.002 0.006 0.986 
 72    (0)    3 :  0.003 0.001 0.002 0.004 0.991 
 73    (0)    3 :  0.003 0.856 0.004 0.002 0.135 
 74    (0)    3 :  0.007 0.985 0.003 0.005 0.001 
 75    (0)    3 :  0.980 0.012 0.001 0.004 0.003 
 76    (0)    3 :  0.009 0.983 0.002 0.004 0.002 
 77    (0)    3 :  0.002 0.986 0.003 0.003 0.006 
 78    (0)    3 :  0.162 0.695 0.002 0.025 0.116 
 79    (0)    3 :  0.032 0.956 0.004 0.003 0.005 
 80    (0)    3 :  0.113 0.866 0.002 0.005 0.013 
 81    (0)    3 :  0.980 0.003 0.002 0.004 0.012 
 82    (0)    3 :  0.056 0.908 0.024 0.009 0.003 
 83    (0)    3 :  0.002 0.984 0.003 0.004 0.008 
 84    (0)    3 :  0.009 0.864 0.001 0.005 0.120 
 85    (0)    3 :  0.001 0.001 0.001 0.001 0.996 
 86    (0)    3 :  0.987 0.003 0.005 0.003 0.002 
 87    (0)    3 :  0.023 0.959 0.004 0.012 0.003 
 88    (0)    2 :  0.003 0.003 0.992 0.001 0.001 
 89    (0)    2 :  0.006 0.002 0.988 0.002 0.002 
 90    (0)    2 :  0.005 0.002 0.990 0.001 0.001 
 91    (0)    2 :  0.049 0.428 0.515 0.002 0.006 
 92    (0)    2 :  0.013 0.004 0.976 0.002 0.005 
 93    (0)    2 :  0.002 0.001 0.996 0.001 0.001 
 94    (0)    4 :  0.003 0.002 0.991 0.002 0.002 
 95    (0)    4 :  0.005 0.003 0.989 0.001 0.003 
 96    (2)    4 :  0.009 0.008 0.970 0.002 0.011 
 97    (0)    4 :  0.017 0.018 0.955 0.006 0.004 
 98    (1)    4 :  0.024 0.019 0.949 0.004 0.004 
 99    (0)    4 :  0.004 0.018 0.967 0.005 0.006 
100    (1)    4 :  0.009 0.005 0.979 0.003 0.004 
101    (0)    4 :  0.007 0.021 0.968 0.002 0.001 
102    (0)    4 :  0.001 0.004 0.992 0.001 0.002 
103    (0)    4 :  0.008 0.005 0.963 0.010 0.014 
104    (1)    4 :  0.004 0.004 0.976 0.002 0.014 
105    (1)    4 :  0.003 0.001 0.992 0.002 0.002 
106    (2)    4 :  0.005 0.007 0.977 0.005 0.007 
107    (1)    4 :  0.001 0.001 0.994 0.001 0.002 
108    (0)    4 :  0.011 0.004 0.973 0.003 0.009 
109    (1)    4 :  0.005 0.003 0.967 0.023 0.002 
110    (3)    4 :  0.006 0.002 0.988 0.001 0.003 
111    (0)    4 :  0.010 0.011 0.967 0.010 0.002 
112    (1)    4 :  0.006 0.009 0.980 0.002 0.003 
113    (1)    4 :  0.002 0.003 0.992 0.002 0.002 
114    (0)    4 :  0.001 0.001 0.995 0.001 0.001 
115    (1)    4 :  0.002 0.001 0.994 0.001 0.002 
116    (1)    4 :  0.041 0.029 0.918 0.003 0.009 
117    (0)    4 :  0.006 0.007 0.962 0.022 0.002 
118    (3)    4 :  0.004 0.003 0.988 0.003 0.002 
119    (2)    4 :  0.015 0.003 0.943 0.033 0.006 
120    (2)    4 :  0.013 0.006 0.974 0.002 0.005 
121    (0)    4 :  0.008 0.004 0.971 0.015 0.001 
122    (1)    4 :  0.005 0.004 0.982 0.004 0.005 
123    (0)    4 :  0.001 0.001 0.997 0.001 0.001 
124   (15)    4 :  0.008 0.014 0.964 0.004 0.010 
125    (1)    4 :  0.017 0.004 0.966 0.011 0.002 
126    (0)    4 :  0.006 0.004 0.976 0.003 0.010 
127    (2)    4 :  0.002 0.004 0.989 0.004 0.002 


Estimated Allele Frequencies in each cluster
First column gives estimated ancestral frequencies


Locus 1 : 
2 alleles
0.0% missing data
   3   (0.931) 0.910 0.981 0.907 0.998 0.991 
   2   (0.069) 0.090 0.019 0.093 0.002 0.009 

Locus 2 : 
2 alleles
0.0% missing data
   2   (0.354) 0.428 0.345 0.366 0.170 0.054 
   3   (0.646) 0.572 0.655 0.634 0.830 0.946 

Locus 3 : 
2 alleles
0.0% missing data
   2   (0.365) 0.405 0.311 0.339 0.253 0.234 
   4   (0.635) 0.595 0.689 0.661 0.747 0.766 

Locus 4 : 
2 alleles
0.0% missing data
   1   (0.694) 0.655 0.700 0.925 0.888 0.374 
   4   (0.306) 0.345 0.300 0.075 0.112 0.626 

Locus 5 : 
2 alleles
3.1% missing data
   2   (0.806) 0.757 0.884 0.739 0.951 0.973 
   1   (0.194) 0.243 0.116 0.261 0.049 0.027 

Locus 6 : 
2 alleles
2.4% missing data
   1   (0.211) 0.172 0.224 0.194 0.383 0.030 
   3   (0.789) 0.828 0.776 0.806 0.617 0.970 

Locus 7 : 
2 alleles
0.0% missing data
   2   (0.638) 0.706 0.574 0.415 0.462 0.946 
   3   (0.362) 0.294 0.426 0.585 0.538 0.054 

Locus 8 : 
2 alleles
2.4% missing data
   1   (0.248) 0.221 0.214 0.168 0.261 0.254 
   2   (0.752) 0.779 0.786 0.832 0.739 0.746 

Locus 9 : 
2 alleles
0.8% missing data
   4   (0.960) 0.983 0.990 0.823 0.999 0.995 
   1   (0.040) 0.017 0.010 0.177 0.001 0.005 

Locus 10 : 
2 alleles
0.0% missing data
   3   (0.726) 0.734 0.749 0.520 0.990 0.655 
   2   (0.274) 0.266 0.251 0.480 0.010 0.345 

Locus 11 : 
2 alleles
0.0% missing data
   2   (0.951) 0.967 0.987 0.774 0.998 0.993 
   1   (0.049) 0.033 0.013 0.226 0.002 0.007 

Locus 12 : 
2 alleles
0.0% missing data
   1   (0.490) 0.430 0.658 0.280 0.819 0.241 
   4   (0.510) 0.570 0.342 0.720 0.181 0.759 

Locus 13 : 
2 alleles
0.8% missing data
   2   (0.691) 0.741 0.699 0.587 0.799 0.790 
   4   (0.309) 0.259 0.301 0.413 0.201 0.210 

Locus 14 : 
2 alleles
0.0% missing data
   4   (0.692) 0.763 0.710 0.579 0.801 0.543 
   2   (0.308) 0.237 0.290 0.421 0.199 0.457 

Locus 15 : 
2 alleles
0.0% missing data
   4   (0.862) 0.820 0.890 0.882 0.995 0.981 
   2   (0.138) 0.180 0.110 0.118 0.005 0.019 

Locus 16 : 
2 alleles
0.0% missing data
   1   (0.409) 0.413 0.311 0.385 0.689 0.460 
   4   (0.591) 0.587 0.689 0.615 0.311 0.540 

Locus 17 : 
2 alleles
0.0% missing data
   4   (0.912) 0.962 0.901 0.936 0.997 0.882 
   3   (0.088) 0.038 0.099 0.064 0.003 0.118 

Locus 18 : 
2 alleles
0.0% missing data
   2   (0.785) 0.818 0.758 0.788 0.788 0.966 
   3   (0.215) 0.182 0.242 0.212 0.212 0.034 

Locus 19 : 
2 alleles
0.8% missing data
   4   (0.861) 0.861 0.904 0.818 0.984 0.981 
   2   (0.139) 0.139 0.096 0.182 0.016 0.019 

Locus 20 : 
2 alleles
0.0% missing data
   2   (0.656) 0.593 0.705 0.662 0.559 0.949 
   3   (0.344) 0.407 0.295 0.338 0.441 0.051 

Locus 21 : 
2 alleles
0.8% missing data
   2   (0.359) 0.383 0.279 0.450 0.210 0.258 
   3   (0.641) 0.617 0.721 0.550 0.790 0.742 

Locus 22 : 
2 alleles
0.0% missing data
   4   (0.808) 0.834 0.910 0.725 0.870 0.707 
   2   (0.192) 0.166 0.090 0.275 0.130 0.293 

Locus 23 : 
2 alleles
2.4% missing data
   1   (0.366) 0.365 0.246 0.403 0.567 0.480 
   4   (0.634) 0.635 0.754 0.597 0.433 0.520 

Locus 24 : 
2 alleles
0.0% missing data
   3   (0.771) 0.822 0.586 0.610 0.992 0.967 
   2   (0.229) 0.178 0.414 0.390 0.008 0.033 

Locus 25 : 
2 alleles
0.0% missing data
   3   (0.702) 0.709 0.702 0.716 0.489 0.956 
   2   (0.298) 0.291 0.298 0.284 0.511 0.044 

Locus 26 : 
2 alleles
0.8% missing data
   2   (0.575) 0.543 0.500 0.548 0.723 0.939 
   4   (0.425) 0.457 0.500 0.452 0.277 0.061 

Locus 27 : 
2 alleles
1.6% missing data
   1   (0.608) 0.703 0.553 0.629 0.751 0.193 
   4   (0.392) 0.297 0.447 0.371 0.249 0.807 

Locus 28 : 
2 alleles
3.9% missing data
   3   (0.533) 0.596 0.442 0.662 0.585 0.284 
   2   (0.467) 0.404 0.558 0.338 0.415 0.716 

Locus 29 : 
2 alleles
0.0% missing data
   4   (0.191) 0.094 0.141 0.354 0.436 0.338 
   1   (0.809) 0.906 0.859 0.646 0.564 0.662 

Locus 30 : 
2 alleles
0.0% missing data
   1   (0.412) 0.321 0.447 0.463 0.570 0.493 
   4   (0.588) 0.679 0.553 0.537 0.430 0.507 

Locus 31 : 
2 alleles
3.1% missing data
   2   (0.274) 0.206 0.355 0.300 0.498 0.042 
   4   (0.726) 0.794 0.645 0.700 0.502 0.958 

Locus 32 : 
2 alleles
0.0% missing data
   4   (0.539) 0.571 0.472 0.662 0.648 0.352 
   3   (0.461) 0.429 0.528 0.338 0.352 0.648 

Locus 33 : 
2 alleles
0.8% missing data
   2   (0.550) 0.611 0.462 0.617 0.570 0.454 
   3   (0.450) 0.389 0.538 0.383 0.430 0.546 

Locus 34 : 
2 alleles
0.0% missing data
   3   (0.503) 0.497 0.470 0.566 0.606 0.454 
   2   (0.497) 0.503 0.530 0.434 0.394 0.546 

Locus 35 : 
2 alleles
0.0% missing data
   4   (0.652) 0.578 0.575 0.796 0.988 0.681 
   1   (0.348) 0.422 0.425 0.204 0.012 0.319 

Locus 36 : 
2 alleles
0.0% missing data
   4   (0.663) 0.723 0.576 0.418 0.788 0.949 
   1   (0.337) 0.277 0.424 0.582 0.212 0.051 

Locus 37 : 
2 alleles
0.8% missing data
   2   (0.569) 0.597 0.514 0.451 0.815 0.741 
   3   (0.431) 0.403 0.486 0.549 0.185 0.259 

Locus 38 : 
2 alleles
0.8% missing data
   1   (0.915) 0.862 0.976 0.988 0.997 0.789 
   2   (0.085) 0.138 0.024 0.012 0.003 0.211 

Locus 39 : 
2 alleles
1.6% missing data
   2   (0.601) 0.633 0.600 0.342 0.963 0.518 
   4   (0.399) 0.367 0.400 0.658 0.037 0.482 

Locus 40 : 
2 alleles
0.0% missing data
   1   (0.390) 0.258 0.343 0.816 0.399 0.479 
   4   (0.610) 0.742 0.657 0.184 0.601 0.521 

Locus 41 : 
2 alleles
0.0% missing data
   2   (0.909) 0.944 0.972 0.620 0.934 0.987 
   1   (0.091) 0.056 0.028 0.380 0.066 0.013 

Locus 42 : 
2 alleles
0.0% missing data
   2   (0.554) 0.618 0.465 0.605 0.530 0.517 
   4   (0.446) 0.382 0.535 0.395 0.470 0.483 

Locus 43 : 
2 alleles
0.0% missing data
   2   (0.424) 0.437 0.278 0.682 0.373 0.441 
   4   (0.576) 0.563 0.722 0.318 0.627 0.559 

Locus 44 : 
3 alleles
1.6% missing data
   3   (0.856) 0.799 0.962 0.920 0.837 0.979 
   2   (0.109) 0.146 0.029 0.078 0.162 0.016 
   0   (0.034) 0.054 0.009 0.002 0.001 0.005 

Locus 45 : 
2 alleles
0.0% missing data
   1   (0.796) 0.759 0.797 0.792 0.984 0.969 
   2   (0.204) 0.241 0.203 0.208 0.016 0.031 

Locus 46 : 
2 alleles
0.0% missing data
   4   (0.882) 0.906 0.897 0.954 0.996 0.748 
   2   (0.118) 0.094 0.103 0.046 0.004 0.252 

Locus 47 : 
2 alleles
0.0% missing data
   2   (0.865) 0.863 0.946 0.950 0.958 0.704 
   1   (0.135) 0.137 0.054 0.050 0.042 0.296 

Locus 48 : 
2 alleles
1.6% missing data
   2   (0.560) 0.502 0.628 0.524 0.427 0.844 
   4   (0.440) 0.498 0.372 0.476 0.573 0.156 

Locus 49 : 
2 alleles
0.0% missing data
   1   (0.726) 0.739 0.778 0.649 0.914 0.795 
   2   (0.274) 0.261 0.222 0.351 0.086 0.205 

Locus 50 : 
2 alleles
0.0% missing data
   4   (0.733) 0.801 0.771 0.736 0.440 0.651 
   1   (0.267) 0.199 0.229 0.264 0.560 0.349 

Locus 51 : 
2 alleles
0.0% missing data
   3   (0.517) 0.527 0.426 0.669 0.570 0.543 
   2   (0.483) 0.473 0.574 0.331 0.430 0.457 

Locus 52 : 
2 alleles
0.8% missing data
   4   (0.906) 0.917 0.934 0.876 0.996 0.987 
   2   (0.094) 0.083 0.066 0.124 0.004 0.013 

Locus 53 : 
2 alleles
0.0% missing data
   4   (0.929) 0.970 0.981 0.627 0.998 0.742 
   2   (0.071) 0.030 0.019 0.373 0.002 0.258 

Locus 54 : 
2 alleles
3.1% missing data
   3   (0.575) 0.507 0.581 0.706 0.834 0.656 
   4   (0.425) 0.493 0.419 0.294 0.166 0.344 

Locus 55 : 
2 alleles
0.0% missing data
   2   (0.600) 0.531 0.621 0.775 0.595 0.782 
   1   (0.400) 0.469 0.379 0.225 0.405 0.218 

Locus 56 : 
3 alleles
2.4% missing data
   1   (0.793) 0.829 0.820 0.731 0.994 0.616 
   0   (0.083) 0.117 0.022 0.023 0.003 0.115 
   4   (0.123) 0.054 0.157 0.247 0.004 0.269 

Locus 57 : 
2 alleles
0.0% missing data
   4   (0.883) 0.892 0.927 0.645 0.996 0.984 
   1   (0.117) 0.108 0.073 0.355 0.004 0.016 

Locus 58 : 
2 alleles
0.0% missing data
   4   (0.870) 0.857 0.844 0.969 0.986 0.980 
   2   (0.130) 0.143 0.156 0.031 0.014 0.020 

Locus 59 : 
2 alleles
0.0% missing data
   3   (0.861) 0.819 0.925 0.953 0.891 0.982 
   2   (0.139) 0.181 0.075 0.047 0.109 0.018 

Locus 60 : 
2 alleles
0.0% missing data
   4   (0.764) 0.804 0.694 0.682 0.992 0.768 
   2   (0.236) 0.196 0.306 0.318 0.008 0.232 

Locus 61 : 
2 alleles
0.0% missing data
   4   (0.868) 0.904 0.910 0.777 0.996 0.817 
   2   (0.132) 0.096 0.090 0.223 0.004 0.183 

Locus 62 : 
2 alleles
0.0% missing data
   2   (0.732) 0.685 0.826 0.466 0.914 0.964 
   1   (0.268) 0.315 0.174 0.534 0.086 0.036 

Locus 63 : 
2 alleles
0.0% missing data
   2   (0.418) 0.387 0.427 0.216 0.641 0.707 
   1   (0.582) 0.613 0.573 0.784 0.359 0.293 

Locus 64 : 
2 alleles
0.0% missing data
   4   (0.817) 0.780 0.882 0.844 0.993 0.758 
   2   (0.183) 0.220 0.118 0.156 0.007 0.242 

Locus 65 : 
2 alleles
0.8% missing data
   1   (0.881) 0.909 0.881 0.744 0.996 0.980 
   4   (0.119) 0.091 0.119 0.256 0.004 0.020 

Locus 66 : 
3 alleles
1.6% missing data
   3   (0.586) 0.539 0.693 0.690 0.658 0.523 
   2   (0.381) 0.448 0.298 0.266 0.341 0.473 
   0   (0.033) 0.014 0.009 0.044 0.001 0.004 

Locus 67 : 
2 alleles
0.0% missing data
   1   (0.133) 0.128 0.068 0.038 0.030 0.237 
   3   (0.867) 0.872 0.932 0.962 0.970 0.763 

Locus 68 : 
2 alleles
0.0% missing data
   2   (0.545) 0.681 0.482 0.331 0.740 0.183 
   3   (0.455) 0.319 0.518 0.669 0.260 0.817 

Locus 69 : 
2 alleles
0.0% missing data
   4   (0.795) 0.853 0.803 0.507 0.993 0.698 
   2   (0.205) 0.147 0.197 0.493 0.007 0.302 

Locus 70 : 
3 alleles
0.0% missing data
   1   (0.288) 0.174 0.518 0.024 0.700 0.791 
   3   (0.673) 0.810 0.468 0.974 0.146 0.203 
   0   (0.038) 0.016 0.014 0.002 0.153 0.005 

Locus 71 : 
2 alleles
3.1% missing data
   2   (0.555) 0.545 0.589 0.743 0.214 0.509 
   4   (0.445) 0.455 0.411 0.257 0.786 0.491 

Locus 72 : 
2 alleles
1.6% missing data
   3   (0.556) 0.599 0.461 0.705 0.716 0.330 
   1   (0.444) 0.401 0.539 0.295 0.284 0.670 

Locus 73 : 
2 alleles
0.0% missing data
   1   (0.314) 0.244 0.261 0.353 0.539 0.474 
   2   (0.686) 0.756 0.739 0.647 0.461 0.526 

Locus 74 : 
2 alleles
1.6% missing data
   2   (0.822) 0.789 0.772 0.938 0.983 0.975 
   3   (0.178) 0.211 0.228 0.062 0.017 0.025 

Locus 75 : 
2 alleles
0.0% missing data
   3   (0.496) 0.535 0.385 0.662 0.793 0.164 
   1   (0.504) 0.465 0.615 0.338 0.207 0.836 

Locus 76 : 
2 alleles
0.0% missing data
   2   (0.424) 0.361 0.449 0.182 0.923 0.640 
   1   (0.576) 0.639 0.551 0.818 0.077 0.360 

Locus 77 : 
2 alleles
0.0% missing data
   4   (0.306) 0.293 0.331 0.103 0.483 0.315 
   1   (0.694) 0.707 0.669 0.897 0.517 0.685 

Locus 78 : 
2 alleles
0.0% missing data
   3   (0.728) 0.751 0.623 0.825 0.990 0.528 
   2   (0.272) 0.249 0.377 0.175 0.010 0.472 

Locus 79 : 
2 alleles
0.0% missing data
   2   (0.595) 0.661 0.465 0.522 0.721 0.842 
   3   (0.405) 0.339 0.535 0.478 0.279 0.158 

Locus 80 : 
2 alleles
0.0% missing data
   4   (0.832) 0.926 0.812 0.786 0.873 0.707 
   2   (0.168) 0.074 0.188 0.214 0.127 0.293 

Locus 81 : 
2 alleles
0.0% missing data
   3   (0.454) 0.419 0.605 0.581 0.338 0.065 
   2   (0.546) 0.581 0.395 0.419 0.662 0.935 

Locus 82 : 
2 alleles
0.0% missing data
   2   (0.745) 0.810 0.772 0.686 0.717 0.759 
   3   (0.255) 0.190 0.228 0.314 0.283 0.241 

Locus 83 : 
2 alleles
0.0% missing data
   3   (0.717) 0.709 0.764 0.469 0.882 0.957 
   2   (0.283) 0.291 0.236 0.531 0.118 0.043 

Locus 84 : 
2 alleles
0.0% missing data
   3   (0.545) 0.616 0.578 0.412 0.439 0.296 
   2   (0.455) 0.384 0.422 0.588 0.561 0.704 

Locus 85 : 
2 alleles
0.0% missing data
   3   (0.785) 0.889 0.689 0.818 0.875 0.653 
   4   (0.215) 0.111 0.311 0.182 0.125 0.347 

Locus 86 : 
2 alleles
0.0% missing data
   3   (0.531) 0.536 0.531 0.848 0.447 0.083 
   2   (0.469) 0.464 0.469 0.152 0.553 0.917 

Locus 87 : 
3 alleles
4.7% missing data
   1   (0.528) 0.479 0.657 0.428 0.713 0.499 
   4   (0.439) 0.489 0.333 0.561 0.286 0.488 
   0   (0.032) 0.031 0.009 0.011 0.001 0.013 

Locus 88 : 
2 alleles
1.6% missing data
   3   (0.809) 0.792 0.796 0.671 0.994 0.972 
   1   (0.191) 0.208 0.204 0.329 0.006 0.028 

Locus 89 : 
2 alleles
0.0% missing data
   1   (0.570) 0.609 0.530 0.425 0.895 0.505 
   4   (0.430) 0.391 0.470 0.575 0.105 0.495 

Locus 90 : 
2 alleles
0.8% missing data
   3   (0.740) 0.796 0.827 0.602 0.760 0.526 
   2   (0.260) 0.204 0.173 0.398 0.240 0.474 

Locus 91 : 
2 alleles
0.0% missing data
   2   (0.673) 0.608 0.794 0.717 0.689 0.734 
   4   (0.327) 0.392 0.206 0.283 0.311 0.266 

Locus 92 : 
2 alleles
0.0% missing data
   2   (0.790) 0.873 0.740 0.738 0.957 0.743 
   4   (0.210) 0.127 0.260 0.262 0.043 0.257 

Locus 93 : 
2 alleles
0.0% missing data
   4   (0.912) 0.867 0.972 0.875 0.997 0.987 
   1   (0.088) 0.133 0.028 0.125 0.003 0.013 

Locus 94 : 
2 alleles
0.0% missing data
   3   (0.785) 0.779 0.788 0.873 0.748 0.966 
   1   (0.215) 0.221 0.212 0.127 0.252 0.034 

Locus 95 : 
2 alleles
0.0% missing data
   1   (0.060) 0.085 0.016 0.004 0.067 0.008 
   3   (0.940) 0.915 0.984 0.996 0.933 0.992 

Locus 96 : 
2 alleles
0.0% missing data
   3   (0.531) 0.383 0.727 0.485 0.798 0.511 
   2   (0.469) 0.617 0.273 0.515 0.202 0.489 

Locus 97 : 
2 alleles
0.0% missing data
   2   (0.720) 0.656 0.770 0.638 0.991 0.759 
   1   (0.280) 0.344 0.230 0.362 0.009 0.241 

Locus 98 : 
2 alleles
0.0% missing data
   4   (0.754) 0.673 0.778 0.610 0.992 0.963 
   2   (0.246) 0.327 0.222 0.390 0.008 0.037 

Locus 99 : 
2 alleles
0.8% missing data
   4   (0.854) 0.917 0.852 0.617 0.995 0.768 
   1   (0.146) 0.083 0.148 0.383 0.005 0.232 

Locus 100 : 
2 alleles
0.8% missing data
   3   (0.427) 0.368 0.448 0.511 0.209 0.656 
   2   (0.573) 0.632 0.552 0.489 0.791 0.344 

Locus 101 : 
3 alleles
0.0% missing data
   4   (0.449) 0.408 0.713 0.088 0.429 0.501 
   2   (0.463) 0.469 0.226 0.907 0.545 0.487 
   0   (0.088) 0.123 0.061 0.005 0.026 0.012 

Locus 102 : 
2 alleles
2.4% missing data
   2   (0.795) 0.887 0.674 0.893 0.901 0.706 
   4   (0.205) 0.113 0.326 0.107 0.099 0.294 

Locus 103 : 
3 alleles
0.0% missing data
   4   (0.115) 0.123 0.052 0.025 0.526 0.016 
   2   (0.812) 0.822 0.713 0.971 0.471 0.973 
   0   (0.073) 0.055 0.235 0.004 0.002 0.011 

Locus 104 : 
2 alleles
0.0% missing data
   3   (0.309) 0.278 0.329 0.178 0.563 0.155 
   2   (0.691) 0.722 0.671 0.822 0.437 0.845 

Locus 105 : 
2 alleles
0.0% missing data
   4   (0.486) 0.489 0.517 0.416 0.414 0.500 
   1   (0.514) 0.511 0.483 0.584 0.586 0.500 

Locus 106 : 
2 alleles
0.0% missing data
   1   (0.162) 0.131 0.131 0.181 0.175 0.022 
   2   (0.838) 0.869 0.869 0.819 0.825 0.978 

Locus 107 : 
2 alleles
0.0% missing data
   1   (0.581) 0.570 0.670 0.476 0.790 0.394 
   4   (0.419) 0.430 0.330 0.524 0.210 0.606 

Locus 108 : 
2 alleles
0.0% missing data
   2   (0.756) 0.797 0.735 0.826 0.928 0.694 
   4   (0.244) 0.203 0.265 0.174 0.072 0.306 

Locus 109 : 
2 alleles
0.0% missing data
   3   (0.797) 0.835 0.806 0.793 0.967 0.819 
   2   (0.203) 0.165 0.194 0.207 0.033 0.181 

Locus 110 : 
2 alleles
0.0% missing data
   2   (0.914) 0.914 0.947 0.917 0.997 0.986 
   1   (0.086) 0.086 0.053 0.083 0.003 0.014 

Locus 111 : 
2 alleles
0.0% missing data
   1   (0.870) 0.925 0.781 0.730 0.995 0.982 
   2   (0.130) 0.075 0.219 0.270 0.005 0.018 

Locus 112 : 
2 alleles
7.1% missing data
   3   (0.832) 0.839 0.855 0.876 0.994 0.752 
   2   (0.168) 0.161 0.145 0.124 0.006 0.248 

Locus 113 : 
2 alleles
0.0% missing data
   2   (0.671) 0.636 0.538 0.868 0.743 0.953 
   3   (0.329) 0.364 0.462 0.132 0.257 0.047 

Locus 114 : 
2 alleles
0.0% missing data
   4   (0.709) 0.660 0.741 0.704 0.801 0.958 
   2   (0.291) 0.340 0.259 0.296 0.199 0.042 

Locus 115 : 
2 alleles
0.0% missing data
   3   (0.443) 0.367 0.480 0.538 0.343 0.655 
   2   (0.557) 0.633 0.520 0.462 0.657 0.345 

Locus 116 : 
2 alleles
0.0% missing data
   4   (0.432) 0.325 0.460 0.576 0.690 0.479 
   3   (0.568) 0.675 0.540 0.424 0.310 0.521 

Locus 117 : 
2 alleles
0.0% missing data
   2   (0.875) 0.856 0.902 0.896 0.994 0.982 
   3   (0.125) 0.144 0.098 0.104 0.006 0.018 

Locus 118 : 
2 alleles
0.0% missing data
   2   (0.899) 0.834 0.961 0.913 0.997 0.986 
   1   (0.101) 0.166 0.039 0.087 0.003 0.014 

Locus 119 : 
3 alleles
0.0% missing data
   2   (0.912) 0.963 0.978 0.917 0.971 0.582 
   0   (0.029) 0.012 0.007 0.002 0.027 0.004 
   3   (0.059) 0.025 0.015 0.081 0.002 0.414 

Locus 120 : 
2 alleles
0.0% missing data
   1   (0.933) 0.970 0.905 0.958 0.998 0.990 
   2   (0.067) 0.030 0.095 0.042 0.002 0.010 

Locus 121 : 
2 alleles
0.0% missing data
   3   (0.732) 0.788 0.675 0.826 0.658 0.852 
   4   (0.268) 0.212 0.325 0.174 0.342 0.148 

Locus 122 : 
2 alleles
0.0% missing data
   1   (0.964) 0.985 0.985 0.998 0.899 0.996 
   0   (0.036) 0.015 0.015 0.002 0.101 0.004 

Locus 123 : 
3 alleles
1.6% missing data
   2   (0.725) 0.833 0.709 0.340 0.916 0.855 
   3   (0.244) 0.154 0.283 0.658 0.031 0.141 
   0   (0.032) 0.013 0.008 0.002 0.054 0.004 

Locus 124 : 
2 alleles
0.8% missing data
   1   (0.821) 0.790 0.818 0.753 0.994 0.975 
   3   (0.179) 0.210 0.182 0.247 0.006 0.025 

Locus 125 : 
2 alleles
0.0% missing data
   1   (0.888) 0.857 0.937 0.986 0.997 0.534 
   2   (0.112) 0.143 0.063 0.014 0.003 0.466 

Locus 126 : 
2 alleles
0.0% missing data
   4   (0.242) 0.253 0.106 0.317 0.244 0.302 
   2   (0.758) 0.747 0.894 0.683 0.756 0.698 

Locus 127 : 
2 alleles
0.0% missing data
   3   (0.669) 0.627 0.763 0.389 0.988 0.519 
   2   (0.331) 0.373 0.237 0.611 0.012 0.481 

Locus 128 : 
2 alleles
0.8% missing data
   3   (0.773) 0.681 0.890 0.947 0.796 0.661 
   2   (0.227) 0.319 0.110 0.053 0.204 0.339 

Locus 129 : 
2 alleles
0.8% missing data
   1   (0.752) 0.661 0.777 0.927 0.978 0.763 
   3   (0.248) 0.339 0.223 0.073 0.022 0.237 

Locus 130 : 
2 alleles
0.0% missing data
   3   (0.881) 0.876 0.873 0.930 0.996 0.983 
   2   (0.119) 0.124 0.127 0.070 0.004 0.017 

Locus 131 : 
2 alleles
0.0% missing data
   4   (0.646) 0.595 0.708 0.890 0.328 0.581 
   1   (0.354) 0.405 0.292 0.110 0.672 0.419 

Locus 132 : 
2 alleles
0.0% missing data
   2   (0.797) 0.721 0.832 0.905 0.994 0.824 
   4   (0.203) 0.279 0.168 0.095 0.006 0.176 

Locus 133 : 
2 alleles
0.0% missing data
   3   (0.472) 0.476 0.500 0.522 0.841 0.069 
   2   (0.528) 0.524 0.500 0.478 0.159 0.931 

Locus 134 : 
2 alleles
0.8% missing data
   3   (0.792) 0.861 0.710 0.663 0.909 0.971 
   2   (0.208) 0.139 0.290 0.337 0.091 0.029 

Locus 135 : 
2 alleles
0.0% missing data
   3   (0.614) 0.577 0.670 0.601 0.897 0.510 
   2   (0.386) 0.423 0.330 0.399 0.103 0.490 

Locus 136 : 
2 alleles
0.0% missing data
   4   (0.890) 0.896 0.947 0.558 0.996 0.983 
   2   (0.110) 0.104 0.053 0.442 0.004 0.017 

Locus 137 : 
2 alleles
0.0% missing data
   2   (0.924) 0.920 0.927 0.988 0.996 0.990 
   3   (0.076) 0.080 0.073 0.012 0.004 0.010 

Locus 138 : 
2 alleles
0.8% missing data
   1   (0.695) 0.777 0.613 0.812 0.493 0.696 
   3   (0.305) 0.223 0.387 0.188 0.507 0.304 

Locus 139 : 
2 alleles
0.8% missing data
   2   (0.614) 0.549 0.827 0.521 0.403 0.453 
   3   (0.386) 0.451 0.173 0.479 0.597 0.547 

Locus 140 : 
2 alleles
0.0% missing data
   4   (0.731) 0.826 0.569 0.827 0.912 0.644 
   3   (0.269) 0.174 0.431 0.173 0.088 0.356 

Locus 141 : 
2 alleles
0.0% missing data
   1   (0.701) 0.709 0.799 0.618 0.766 0.690 
   4   (0.299) 0.291 0.201 0.382 0.234 0.310 

Locus 142 : 
2 alleles
0.0% missing data
   3   (0.641) 0.665 0.608 0.871 0.598 0.357 
   2   (0.359) 0.335 0.392 0.129 0.402 0.643 

Locus 143 : 
2 alleles
0.0% missing data
   2   (0.930) 0.926 0.969 0.966 0.997 0.991 
   3   (0.070) 0.074 0.031 0.034 0.003 0.009 

Locus 144 : 
3 alleles
0.8% missing data
   4   (0.605) 0.626 0.565 0.462 0.943 0.722 
   1   (0.365) 0.362 0.426 0.536 0.031 0.274 
   0   (0.030) 0.013 0.008 0.002 0.026 0.004 

Locus 145 : 
2 alleles
0.0% missing data
   1   (0.176) 0.193 0.166 0.051 0.274 0.024 
   3   (0.824) 0.807 0.834 0.949 0.726 0.976 

Locus 146 : 
2 alleles
0.0% missing data
   4   (0.926) 0.964 0.913 0.875 0.997 0.989 
   1   (0.074) 0.036 0.087 0.125 0.003 0.011 

Locus 147 : 
2 alleles
0.8% missing data
   1   (0.375) 0.408 0.329 0.186 0.404 0.538 
   4   (0.625) 0.592 0.671 0.814 0.596 0.462 

Locus 148 : 
2 alleles
0.0% missing data
   3   (0.723) 0.651 0.740 0.983 0.608 0.323 
   1   (0.277) 0.349 0.260 0.017 0.392 0.677 

Locus 149 : 
3 alleles
1.6% missing data
   2   (0.517) 0.631 0.501 0.441 0.588 0.186 
   3   (0.432) 0.348 0.450 0.535 0.409 0.807 
   0   (0.051) 0.021 0.049 0.024 0.003 0.007 

Locus 150 : 
2 alleles
0.0% missing data
   1   (0.717) 0.709 0.615 0.803 0.902 0.958 
   4   (0.283) 0.291 0.385 0.197 0.098 0.042 

Locus 151 : 
2 alleles
0.0% missing data
   3   (0.732) 0.729 0.685 0.889 0.407 0.961 
   2   (0.268) 0.271 0.315 0.111 0.593 0.039 

Locus 152 : 
2 alleles
0.0% missing data
   4   (0.926) 0.949 0.917 0.995 0.998 0.826 
   2   (0.074) 0.051 0.083 0.005 0.002 0.174 

Locus 153 : 
2 alleles
0.0% missing data
   1   (0.649) 0.740 0.629 0.497 0.684 0.655 
   4   (0.351) 0.260 0.371 0.503 0.316 0.345 

Locus 154 : 
2 alleles
0.8% missing data
   1   (0.536) 0.595 0.612 0.107 0.894 0.518 
   3   (0.464) 0.405 0.388 0.893 0.106 0.482 

Locus 155 : 
2 alleles
0.0% missing data
   3   (0.563) 0.539 0.471 0.637 0.850 0.778 
   4   (0.437) 0.461 0.529 0.363 0.150 0.222 

Locus 156 : 
2 alleles
0.8% missing data
   1   (0.802) 0.859 0.854 0.215 0.973 0.972 
   2   (0.198) 0.141 0.146 0.785 0.027 0.028 

Locus 157 : 
2 alleles
0.0% missing data
   4   (0.586) 0.628 0.517 0.559 0.752 0.659 
   2   (0.414) 0.372 0.483 0.441 0.248 0.341 

Locus 158 : 
2 alleles
0.8% missing data
   1   (0.697) 0.642 0.708 0.901 0.758 0.792 
   2   (0.303) 0.358 0.292 0.099 0.242 0.208 

Locus 159 : 
3 alleles
0.8% missing data
   2   (0.828) 0.869 0.874 0.516 0.858 0.976 
   0   (0.066) 0.053 0.055 0.004 0.139 0.010 
   3   (0.106) 0.078 0.070 0.480 0.003 0.014 

Locus 160 : 
3 alleles
0.0% missing data
   1   (0.441) 0.469 0.515 0.180 0.468 0.485 
   3   (0.526) 0.516 0.440 0.818 0.531 0.507 
   0   (0.033) 0.015 0.045 0.002 0.001 0.008 

Locus 161 : 
2 alleles
0.8% missing data
   1   (0.512) 0.546 0.543 0.538 0.513 0.180 
   4   (0.488) 0.454 0.457 0.462 0.487 0.820 

Locus 162 : 
3 alleles
3.1% missing data
   1   (0.901) 0.868 0.973 0.935 0.997 0.987 
   0   (0.068) 0.119 0.018 0.042 0.002 0.009 
   2   (0.031) 0.013 0.008 0.023 0.001 0.004 

Locus 163 : 
2 alleles
0.0% missing data
   2   (0.877) 0.925 0.929 0.655 0.854 0.983 
   3   (0.123) 0.075 0.071 0.345 0.146 0.017 

Locus 164 : 
3 alleles
0.8% missing data
   4   (0.866) 0.900 0.953 0.854 0.807 0.981 
   1   (0.104) 0.087 0.039 0.124 0.192 0.014 
   0   (0.030) 0.013 0.008 0.021 0.001 0.005 

Locus 165 : 
2 alleles
0.0% missing data
   4   (0.799) 0.868 0.830 0.680 0.830 0.867 
   1   (0.201) 0.132 0.170 0.320 0.170 0.133 

Locus 166 : 
2 alleles
0.8% missing data
   2   (0.865) 0.922 0.876 0.499 0.985 0.980 
   3   (0.135) 0.078 0.124 0.501 0.015 0.020 

Locus 167 : 
2 alleles
0.0% missing data
   2   (0.650) 0.720 0.743 0.244 0.757 0.643 
   3   (0.350) 0.280 0.257 0.756 0.243 0.357 

Locus 168 : 
2 alleles
0.0% missing data
   3   (0.725) 0.696 0.794 0.782 0.909 0.727 
   2   (0.275) 0.304 0.206 0.218 0.091 0.273 

Locus 169 : 
3 alleles
2.4% missing data
   4   (0.394) 0.441 0.473 0.150 0.558 0.165 
   3   (0.555) 0.537 0.477 0.847 0.388 0.828 
   0   (0.051) 0.022 0.050 0.003 0.055 0.007 

Locus 170 : 
2 alleles
0.0% missing data
   1   (0.749) 0.759 0.889 0.689 0.546 0.537 
   3   (0.251) 0.241 0.111 0.311 0.454 0.463 

Locus 171 : 
3 alleles
3.1% missing data
   2   (0.821) 0.836 0.919 0.652 0.957 0.973 
   3   (0.146) 0.150 0.072 0.303 0.042 0.022 
   0   (0.033) 0.015 0.009 0.046 0.001 0.005 

Locus 172 : 
2 alleles
0.0% missing data
   4   (0.732) 0.762 0.691 0.725 0.610 0.961 
   1   (0.268) 0.238 0.309 0.275 0.390 0.039 

Locus 173 : 
2 alleles
0.0% missing data
   2   (0.774) 0.866 0.800 0.778 0.536 0.553 
   3   (0.226) 0.134 0.200 0.222 0.464 0.447 

Locus 174 : 
2 alleles
0.0% missing data
   4   (0.735) 0.784 0.741 0.699 0.811 0.851 
   1   (0.265) 0.216 0.259 0.301 0.189 0.149 

Locus 175 : 
2 alleles
0.0% missing data
   2   (0.715) 0.711 0.802 0.627 0.767 0.853 
   4   (0.285) 0.289 0.198 0.373 0.233 0.147 

Locus 176 : 
2 alleles
0.8% missing data
   4   (0.958) 0.980 0.916 0.997 0.998 0.994 
   1   (0.042) 0.020 0.084 0.003 0.002 0.006 

Locus 177 : 
2 alleles
0.0% missing data
   3   (0.507) 0.518 0.373 0.691 0.536 0.657 
   2   (0.493) 0.482 0.627 0.309 0.464 0.343 

Locus 178 : 
3 alleles
2.4% missing data
   3   (0.612) 0.646 0.537 0.827 0.652 0.613 
   2   (0.358) 0.341 0.456 0.171 0.347 0.286 
   0   (0.030) 0.012 0.008 0.002 0.001 0.101 

Locus 179 : 
2 alleles
0.0% missing data
   3   (0.897) 0.912 0.956 0.841 0.966 0.986 
   2   (0.103) 0.088 0.044 0.159 0.034 0.014 

Locus 180 : 
3 alleles
1.6% missing data
   3   (0.509) 0.432 0.714 0.176 0.796 0.665 
   2   (0.434) 0.504 0.232 0.821 0.202 0.327 
   0   (0.057) 0.064 0.054 0.003 0.002 0.008 

Locus 181 : 
2 alleles
0.0% missing data
   2   (0.733) 0.770 0.725 0.558 0.746 0.962 
   1   (0.267) 0.230 0.275 0.442 0.254 0.038 

Locus 182 : 
2 alleles
1.6% missing data
   4   (0.784) 0.760 0.869 0.917 0.532 0.859 
   2   (0.216) 0.240 0.131 0.083 0.468 0.141 

Locus 183 : 
2 alleles
0.0% missing data
   4   (0.881) 0.904 0.880 0.975 0.905 0.976 
   2   (0.119) 0.096 0.120 0.025 0.095 0.024 

Locus 184 : 
2 alleles
0.0% missing data
   2   (0.885) 0.892 0.955 0.964 0.970 0.780 
   3   (0.115) 0.108 0.045 0.036 0.030 0.220 

Locus 185 : 
2 alleles
0.0% missing data
   2   (0.771) 0.785 0.889 0.727 0.809 0.530 
   3   (0.229) 0.215 0.111 0.273 0.191 0.470 

Locus 186 : 
2 alleles
0.0% missing data
   2   (0.917) 0.845 0.978 0.995 0.639 0.989 
   3   (0.083) 0.155 0.022 0.005 0.361 0.011 

Locus 187 : 
2 alleles
0.0% missing data
   3   (0.907) 0.956 0.945 0.968 0.958 0.773 
   2   (0.093) 0.044 0.055 0.032 0.042 0.227 

Locus 188 : 
2 alleles
2.4% missing data
   2   (0.739) 0.642 0.884 0.568 0.742 0.963 
   3   (0.261) 0.358 0.116 0.432 0.258 0.037 

Locus 189 : 
3 alleles
3.1% missing data
   3   (0.651) 0.720 0.683 0.593 0.495 0.743 
   1   (0.292) 0.219 0.300 0.360 0.503 0.249 
   0   (0.057) 0.061 0.016 0.047 0.002 0.008 

Locus 190 : 
2 alleles
0.0% missing data
   1   (0.899) 0.936 0.785 0.954 0.996 0.985 
   5   (0.101) 0.064 0.215 0.046 0.004 0.015 

Locus 191 : 
2 alleles
0.0% missing data
   1   (0.791) 0.673 0.842 0.988 0.680 0.828 
   5   (0.209) 0.327 0.158 0.012 0.320 0.172 

Locus 192 : 
2 alleles
0.0% missing data
   2   (0.580) 0.625 0.596 0.513 0.792 0.252 
   1   (0.420) 0.375 0.404 0.487 0.208 0.748 

Locus 193 : 
2 alleles
2.4% missing data
   1   (0.935) 0.930 0.980 0.904 0.998 0.991 
   4   (0.065) 0.070 0.020 0.096 0.002 0.009 

Locus 194 : 
2 alleles
0.0% missing data
   3   (0.776) 0.735 0.757 0.680 0.992 0.968 
   2   (0.224) 0.265 0.243 0.320 0.008 0.032 

Locus 195 : 
2 alleles
6.3% missing data
   4   (0.573) 0.527 0.498 0.474 0.986 0.681 
   1   (0.427) 0.473 0.502 0.526 0.014 0.319 

Locus 196 : 
2 alleles
0.8% missing data
   3   (0.900) 0.955 0.846 0.976 0.769 0.987 
   2   (0.100) 0.045 0.154 0.024 0.231 0.013 

Locus 197 : 
2 alleles
0.8% missing data
   3   (0.667) 0.659 0.664 0.765 0.750 0.783 
   4   (0.333) 0.341 0.336 0.235 0.250 0.217 

Locus 198 : 
2 alleles
0.0% missing data
   1   (0.965) 0.985 0.991 0.898 0.999 0.995 
   2   (0.035) 0.015 0.009 0.102 0.001 0.005 

Locus 199 : 
2 alleles
0.0% missing data
   2   (0.848) 0.864 0.861 0.558 0.994 0.980 
   3   (0.152) 0.136 0.139 0.442 0.006 0.020 

Locus 200 : 
2 alleles
0.0% missing data
   2   (0.523) 0.548 0.502 0.493 0.608 0.452 
   4   (0.477) 0.452 0.498 0.507 0.392 0.548 

Locus 201 : 
2 alleles
0.8% missing data
   2   (0.724) 0.774 0.581 0.341 0.990 0.961 
   1   (0.276) 0.226 0.419 0.659 0.010 0.039 

Locus 202 : 
2 alleles
0.0% missing data
   1   (0.901) 0.925 0.936 0.994 0.749 0.828 
   3   (0.099) 0.075 0.064 0.006 0.251 0.172 

Locus 203 : 
2 alleles
0.8% missing data
   2   (0.715) 0.707 0.650 0.763 0.991 0.583 
   1   (0.285) 0.293 0.350 0.237 0.009 0.417 

Locus 204 : 
2 alleles
0.0% missing data
   2   (0.827) 0.796 0.811 0.820 0.994 0.977 
   5   (0.173) 0.204 0.189 0.180 0.006 0.023 

Locus 205 : 
2 alleles
0.0% missing data
   3   (0.685) 0.672 0.694 0.882 0.648 0.647 
   1   (0.315) 0.328 0.306 0.118 0.352 0.353 

Locus 206 : 
2 alleles
0.0% missing data
   4   (0.560) 0.409 0.731 0.599 0.320 0.890 
   1   (0.440) 0.591 0.269 0.401 0.680 0.110 

Locus 207 : 
2 alleles
0.8% missing data
   3   (0.808) 0.814 0.804 0.881 0.994 0.653 
   2   (0.192) 0.186 0.196 0.119 0.006 0.347 

Locus 208 : 
2 alleles
1.6% missing data
   1   (0.716) 0.598 0.844 0.532 0.990 0.801 
   2   (0.284) 0.402 0.156 0.468 0.010 0.199 

Locus 209 : 
3 alleles
0.0% missing data
   3   (0.941) 0.975 0.985 0.997 0.907 0.992 
   2   (0.031) 0.013 0.008 0.002 0.066 0.004 
   0   (0.028) 0.012 0.007 0.002 0.027 0.004 

Locus 210 : 
2 alleles
0.0% missing data
   2   (0.619) 0.643 0.688 0.447 0.979 0.098 
   4   (0.381) 0.357 0.312 0.553 0.021 0.902 

Locus 211 : 
2 alleles
0.0% missing data
   2   (0.886) 0.911 0.898 0.763 0.996 0.981 
   4   (0.114) 0.089 0.102 0.237 0.004 0.019 

Locus 212 : 
2 alleles
0.0% missing data
   4   (0.750) 0.804 0.745 0.748 0.778 0.854 
   1   (0.250) 0.196 0.255 0.252 0.222 0.146 

Locus 213 : 
2 alleles
0.0% missing data
   3   (0.778) 0.896 0.819 0.620 0.221 0.599 
   2   (0.222) 0.104 0.181 0.380 0.779 0.401 

Locus 214 : 
2 alleles
0.0% missing data
   1   (0.737) 0.762 0.810 0.657 0.861 0.710 
   4   (0.263) 0.238 0.190 0.343 0.139 0.290 

Locus 215 : 
2 alleles
0.0% missing data
   4   (0.309) 0.240 0.434 0.095 0.317 0.525 
   5   (0.691) 0.760 0.566 0.905 0.683 0.475 

Locus 216 : 
2 alleles
0.0% missing data
   3   (0.894) 0.897 0.971 0.805 0.905 0.985 
   1   (0.106) 0.103 0.029 0.195 0.095 0.015 

Locus 217 : 
2 alleles
0.0% missing data
   3   (0.869) 0.892 0.909 0.864 0.996 0.815 
   2   (0.131) 0.108 0.091 0.136 0.004 0.185 

Locus 218 : 
2 alleles
0.0% missing data
   3   (0.427) 0.431 0.553 0.432 0.239 0.067 
   2   (0.573) 0.569 0.447 0.568 0.761 0.933 

Locus 219 : 
2 alleles
0.0% missing data
   4   (0.729) 0.711 0.828 0.291 0.991 0.764 
   2   (0.271) 0.289 0.172 0.709 0.009 0.236 

Locus 220 : 
2 alleles
0.0% missing data
   3   (0.748) 0.752 0.821 0.663 0.952 0.691 
   2   (0.252) 0.248 0.179 0.337 0.048 0.309 

Locus 221 : 
2 alleles
0.0% missing data
   3   (0.805) 0.870 0.786 0.918 0.772 0.692 
   2   (0.195) 0.130 0.214 0.082 0.228 0.308 

Locus 222 : 
2 alleles
0.0% missing data
   2   (0.701) 0.631 0.802 0.493 0.990 0.632 
   3   (0.299) 0.369 0.198 0.507 0.010 0.368 

Locus 223 : 
2 alleles
0.8% missing data
   1   (0.942) 0.958 0.984 0.793 0.998 0.992 
   2   (0.058) 0.042 0.016 0.207 0.002 0.008 

Locus 224 : 
2 alleles
0.0% missing data
   5   (0.760) 0.831 0.808 0.423 0.884 0.867 
   1   (0.240) 0.169 0.192 0.577 0.116 0.133 

Locus 225 : 
2 alleles
0.8% missing data
   2   (0.748) 0.797 0.781 0.786 0.641 0.751 
   3   (0.252) 0.203 0.219 0.214 0.359 0.249 

Locus 226 : 
2 alleles
0.0% missing data
   3   (0.923) 0.929 0.826 0.995 0.998 0.989 
   1   (0.077) 0.071 0.174 0.005 0.002 0.011 

Values of parameters used in structure:
DATAFILE=/Users/ddayan/FRA/small_omy_projects/sf_crooked_river_2021/structure_SFGL_Omy269/project_data,	OUTFILE=/Users/ddayan/FRA/small_omy_projects/sf_crooked_river_2021/structure_SFGL_Omy269/5k10kadmcorr/Results/5k10kadmcorr_run_47,	NUMINDS=127,	NUMLOCI=226,	MISSING=-9,	LABEL=0,	POPDATA=1,	POPFLAG=0,	PHENOTYPE=0,	EXTRACOLS=0,	MAXPOPS=5,	BURNIN=5000,	NUMREPS=10000,	USEPOPINFO=0,	INFERALPHA=1,	INFERLAMBDA=0,	POPSPECIFICLAMBDA=0,	POPALPHAS=0,	COMPUTEPROB=1,	NOADMIX=0,	ADMBURNIN=2500,	UPDATEFREQ=1,	PRINTLIKES=0,	INTERMEDSAVE=0,	PRINTKLD=0,	PRINTNET=0,	PRINTLAMBDA=0,	ANCESTDIST=0,	NUMBOXES=1000,	ANCESTPINT=0.90000,	GENSBACK=2,	MIGRPRIOR=0.05000,	PRINTQHAT=0,	PRINTQSUM=0,	ALPHA=1.0000,	FREQSCORR=1,	FPRIORMEAN=0.0100,	FPRIORSD=0.0500,	ONEFST=0,	LAMBDA=1.0000,	UNIFPRIORALPHA=1,	ALPHAMAX=10.0000,	ALPHAPRIORA=1.0000,	ALPHAPRIORB=2.0000,	ALPHAPROPSD=0.0250,	STARTATPOPINFO=0,	RANDOMIZE=1,	LINKAGE=0,	METROFREQ=10,	REPORTHITRATE=0,	MARKOVPHASE=-1,	PHASED=0,	PLOIDY=2,	PHASEINFO=0	LOCPRIOR=0, 	LOCPRIORINIT=1.000000, 	LOCDATA=0, 	LOCISPOP=0, 	LOCPRIORSTEP=0.100000, 	MAXLOCPRIOR=20.000000, 	SEED=1642737454,	
[STRAT parameters]:    NUMSIMSTATS=1000,	PHENOTYPECOL=-9,	POOLFREQ=10,	LOCUSxONLY=0,	EMERROR=0.00100,	MISSINGPHENO=-9,	