

----------------------------------------------------
STRUCTURE by Pritchard, Stephens and Donnelly (2000)
     and Falush, Stephens and Pritchard (2003)
       Code by Pritchard, Falush and Hubisz
             Version 2.3.4 (Jul 2012)
----------------------------------------------------



Command line arguments:   bin/structure -m "/Users/ddayan/FRA/small_omy_projects/sf_crooked_river_2021/structure_SFGL_Omy269/5k10kadmcorr/mainparams" -e "/Users/ddayan/FRA/small_omy_projects/sf_crooked_river_2021/structure_SFGL_Omy269/5k10kadmcorr/extraparams" 
Input File:    /Users/ddayan/FRA/small_omy_projects/sf_crooked_river_2021/structure_SFGL_Omy269/project_data

Run parameters:
   127 individuals
   226 loci
   6 populations assumed
   5000 Burn-in period
   10000 Reps


--------------------------------------------
Proportion of membership of each pre-defined
 population in each of the 6 clusters

Given    Inferred Clusters                            Number of
 Pop       1      2      3      4      5      6      Individuals

  1:     0.003  0.003  0.985  0.003  0.003  0.002       35
  2:     0.007  0.079  0.005  0.086  0.034  0.790       17
  3:     0.208  0.313  0.058  0.285  0.127  0.010       41
  4:     0.006  0.007  0.006  0.008  0.006  0.966       34
--------------------------------------------

Allele-freq. divergence among pops (Net nucleotide distance),
computed using point estimates of P.

      1       2       3       4       5       6      
 1      -    0.0399  0.0591  0.0370  0.0505  0.0665  
 2   0.0399     -    0.0385  0.0118  0.0337  0.0404  
 3   0.0591  0.0385     -    0.0356  0.0543  0.0790  
 4   0.0370  0.0118  0.0356     -    0.0254  0.0347  
 5   0.0505  0.0337  0.0543  0.0254     -    0.0544  
 6   0.0665  0.0404  0.0790  0.0347  0.0544     -    

Average distances (expected heterozygosity) between individuals in same cluster:
cluster  1  : 0.2742 
cluster  2  : 0.3268 
cluster  3  : 0.2447 
cluster  4  : 0.3416 
cluster  5  : 0.2988 
cluster  6  : 0.3340 

--------------------------------------------
Estimated Ln Prob of Data   = -26413.3
Mean value of ln likelihood = -25979.7
Variance of ln likelihood   = 867.2
Mean value of alpha         = 0.0325

Mean value of Fst_1         = 0.2730
Mean value of Fst_2         = 0.0881
Mean value of Fst_3         = 0.2985
Mean value of Fst_4         = 0.0458
Mean value of Fst_5         = 0.2100
Mean value of Fst_6         = 0.1565


Inferred ancestry of individuals:
     (%Miss) Pop:  Inferred clusters
  1    (0)    1 :  0.002 0.002 0.991 0.003 0.002 0.001 
  2    (0)    1 :  0.005 0.004 0.973 0.011 0.002 0.005 
  3    (0)    1 :  0.001 0.001 0.993 0.002 0.001 0.002 
  4    (0)    1 :  0.001 0.003 0.989 0.006 0.001 0.001 
  5    (0)    1 :  0.001 0.002 0.991 0.002 0.001 0.003 
  6    (0)    1 :  0.002 0.002 0.990 0.003 0.001 0.001 
  7    (0)    1 :  0.001 0.001 0.995 0.001 0.001 0.001 
  8    (0)    1 :  0.003 0.005 0.984 0.003 0.004 0.001 
  9    (0)    1 :  0.001 0.001 0.991 0.002 0.003 0.001 
 10    (0)    1 :  0.001 0.003 0.989 0.002 0.003 0.002 
 11    (0)    1 :  0.044 0.011 0.901 0.004 0.034 0.005 
 12    (0)    1 :  0.003 0.007 0.966 0.011 0.006 0.007 
 13    (0)    1 :  0.003 0.001 0.994 0.001 0.001 0.000 
 14    (0)    1 :  0.002 0.003 0.989 0.002 0.004 0.001 
 15    (0)    1 :  0.002 0.003 0.992 0.001 0.002 0.001 
 16    (0)    1 :  0.003 0.004 0.989 0.002 0.002 0.001 
 17    (0)    1 :  0.002 0.009 0.966 0.017 0.006 0.001 
 18    (0)    1 :  0.004 0.022 0.941 0.008 0.010 0.015 
 19    (0)    1 :  0.003 0.001 0.992 0.001 0.002 0.001 
 20    (0)    1 :  0.002 0.001 0.991 0.002 0.004 0.001 
 21    (0)    1 :  0.002 0.004 0.983 0.004 0.006 0.002 
 22    (0)    1 :  0.003 0.002 0.980 0.009 0.004 0.001 
 23    (0)    1 :  0.001 0.001 0.995 0.001 0.001 0.000 
 24    (0)    1 :  0.002 0.001 0.993 0.001 0.001 0.001 
 25    (0)    1 :  0.002 0.004 0.982 0.004 0.003 0.006 
 26    (0)    1 :  0.001 0.001 0.995 0.001 0.001 0.001 
 27    (0)    1 :  0.001 0.001 0.995 0.001 0.001 0.001 
 28    (0)    1 :  0.003 0.003 0.988 0.002 0.002 0.001 
 29    (0)    1 :  0.001 0.001 0.993 0.002 0.002 0.001 
 30    (0)    1 :  0.001 0.001 0.996 0.001 0.001 0.001 
 31    (0)    1 :  0.002 0.002 0.992 0.002 0.001 0.001 
 32    (0)    1 :  0.004 0.003 0.987 0.003 0.001 0.001 
 33    (0)    1 :  0.001 0.001 0.996 0.001 0.001 0.001 
 34    (0)    1 :  0.001 0.001 0.996 0.001 0.001 0.001 
 35    (0)    1 :  0.002 0.005 0.988 0.002 0.002 0.001 
 36    (0)    2 :  0.003 0.072 0.008 0.055 0.023 0.839 
 37    (0)    2 :  0.003 0.005 0.006 0.015 0.001 0.970 
 38    (0)    3 :  0.097 0.028 0.003 0.860 0.011 0.001 
 39    (0)    3 :  0.001 0.002 0.014 0.972 0.007 0.003 
 40    (0)    3 :  0.003 0.003 0.075 0.911 0.004 0.004 
 41    (0)    3 :  0.004 0.009 0.003 0.976 0.003 0.005 
 42    (0)    3 :  0.052 0.005 0.006 0.081 0.774 0.082 
 43    (0)    2 :  0.001 0.002 0.001 0.002 0.002 0.992 
 44    (0)    2 :  0.033 0.552 0.009 0.100 0.174 0.132 
 45    (0)    2 :  0.002 0.004 0.002 0.003 0.005 0.984 
 46    (0)    2 :  0.001 0.004 0.002 0.005 0.002 0.986 
 47    (0)    2 :  0.028 0.009 0.005 0.395 0.001 0.563 
 48    (0)    2 :  0.002 0.003 0.007 0.807 0.010 0.171 
 49    (0)    2 :  0.009 0.497 0.025 0.033 0.014 0.423 
 50    (0)    2 :  0.002 0.004 0.001 0.007 0.005 0.982 
 51    (0)    2 :  0.013 0.006 0.002 0.029 0.005 0.945 
 52    (0)    3 :  0.015 0.343 0.008 0.003 0.629 0.002 
 53    (0)    3 :  0.003 0.836 0.045 0.015 0.094 0.008 
 54    (0)    3 :  0.019 0.937 0.004 0.030 0.005 0.005 
 55    (0)    3 :  0.002 0.008 0.004 0.938 0.003 0.046 
 56    (0)    3 :  0.988 0.002 0.005 0.002 0.002 0.001 
 57    (0)    3 :  0.002 0.004 0.083 0.901 0.007 0.004 
 58    (0)    3 :  0.004 0.987 0.002 0.002 0.001 0.003 
 59    (0)    3 :  0.003 0.122 0.006 0.779 0.013 0.077 
 60    (0)    3 :  0.993 0.001 0.001 0.001 0.002 0.002 
 61    (0)    3 :  0.990 0.003 0.003 0.003 0.001 0.001 
 62    (0)    3 :  0.007 0.036 0.004 0.558 0.393 0.003 
 63    (0)    3 :  0.001 0.002 0.002 0.002 0.991 0.001 
 64    (0)    3 :  0.005 0.306 0.471 0.207 0.008 0.002 
 65    (0)    3 :  0.001 0.041 0.440 0.509 0.003 0.006 
 66    (0)    3 :  0.001 0.618 0.358 0.014 0.003 0.005 
 67    (0)    3 :  0.011 0.199 0.307 0.299 0.126 0.058 
 68    (0)    3 :  0.995 0.001 0.002 0.002 0.001 0.000 
 69    (0)    3 :  0.002 0.529 0.421 0.012 0.008 0.027 
 70    (0)    3 :  0.974 0.003 0.003 0.010 0.008 0.002 
 71    (0)    3 :  0.986 0.003 0.003 0.003 0.004 0.001 
 72    (0)    3 :  0.992 0.001 0.003 0.001 0.001 0.001 
 73    (0)    3 :  0.122 0.868 0.003 0.002 0.003 0.003 
 74    (0)    3 :  0.001 0.967 0.004 0.011 0.014 0.002 
 75    (0)    3 :  0.002 0.061 0.003 0.009 0.919 0.005 
 76    (0)    3 :  0.002 0.982 0.003 0.008 0.003 0.003 
 77    (0)    3 :  0.010 0.982 0.002 0.002 0.002 0.003 
 78    (0)    3 :  0.061 0.007 0.042 0.855 0.034 0.002 
 79    (0)    3 :  0.008 0.934 0.005 0.040 0.008 0.004 
 80    (0)    3 :  0.007 0.013 0.006 0.926 0.047 0.002 
 81    (0)    3 :  0.004 0.001 0.002 0.001 0.990 0.002 
 82    (0)    3 :  0.004 0.935 0.018 0.020 0.007 0.016 
 83    (0)    3 :  0.004 0.978 0.008 0.006 0.002 0.003 
 84    (0)    3 :  0.143 0.091 0.014 0.704 0.047 0.001 
 85    (0)    3 :  0.994 0.001 0.001 0.001 0.002 0.001 
 86    (0)    3 :  0.003 0.004 0.002 0.979 0.006 0.007 
 87    (0)    3 :  0.003 0.960 0.010 0.013 0.007 0.006 
 88    (0)    2 :  0.001 0.004 0.001 0.002 0.001 0.991 
 89    (0)    2 :  0.003 0.003 0.002 0.005 0.003 0.984 
 90    (0)    2 :  0.003 0.003 0.001 0.005 0.002 0.986 
 91    (0)    2 :  0.010 0.164 0.003 0.003 0.317 0.503 
 92    (0)    2 :  0.008 0.003 0.002 0.005 0.003 0.979 
 93    (0)    2 :  0.001 0.002 0.001 0.002 0.001 0.994 
 94    (0)    4 :  0.003 0.003 0.003 0.001 0.001 0.989 
 95    (0)    4 :  0.004 0.002 0.003 0.001 0.004 0.987 
 96    (2)    4 :  0.010 0.003 0.004 0.010 0.006 0.968 
 97    (0)    4 :  0.013 0.014 0.006 0.037 0.005 0.925 
 98    (1)    4 :  0.007 0.009 0.006 0.045 0.007 0.927 
 99    (0)    4 :  0.004 0.013 0.009 0.004 0.003 0.966 
100    (1)    4 :  0.013 0.004 0.003 0.003 0.021 0.957 
101    (0)    4 :  0.002 0.025 0.002 0.004 0.021 0.946 
102    (0)    4 :  0.003 0.004 0.001 0.002 0.001 0.990 
103    (0)    4 :  0.012 0.006 0.013 0.009 0.007 0.954 
104    (1)    4 :  0.017 0.008 0.003 0.007 0.004 0.961 
105    (1)    4 :  0.001 0.002 0.001 0.002 0.004 0.990 
106    (2)    4 :  0.008 0.005 0.006 0.004 0.004 0.972 
107    (1)    4 :  0.001 0.003 0.001 0.002 0.002 0.992 
108    (0)    4 :  0.007 0.004 0.006 0.012 0.017 0.954 
109    (1)    4 :  0.002 0.006 0.021 0.006 0.004 0.961 
110    (3)    4 :  0.004 0.002 0.002 0.006 0.001 0.985 
111    (0)    4 :  0.003 0.010 0.007 0.006 0.015 0.959 
112    (1)    4 :  0.004 0.007 0.004 0.007 0.005 0.974 
113    (1)    4 :  0.001 0.003 0.001 0.002 0.001 0.991 
114    (0)    4 :  0.001 0.001 0.001 0.001 0.001 0.995 
115    (1)    4 :  0.001 0.001 0.002 0.001 0.001 0.994 
116    (1)    4 :  0.010 0.046 0.007 0.029 0.015 0.893 
117    (0)    4 :  0.003 0.014 0.016 0.003 0.004 0.960 
118    (3)    4 :  0.001 0.003 0.004 0.003 0.002 0.987 
119    (2)    4 :  0.004 0.009 0.022 0.009 0.007 0.949 
120    (2)    4 :  0.007 0.005 0.002 0.011 0.027 0.948 
121    (0)    4 :  0.003 0.011 0.016 0.005 0.008 0.957 
122    (1)    4 :  0.009 0.003 0.004 0.002 0.003 0.979 
123    (0)    4 :  0.001 0.002 0.001 0.001 0.001 0.995 
124   (15)    4 :  0.018 0.012 0.003 0.006 0.004 0.957 
125    (1)    4 :  0.004 0.005 0.009 0.011 0.006 0.965 
126    (0)    4 :  0.013 0.004 0.003 0.027 0.002 0.951 
127    (2)    4 :  0.003 0.003 0.003 0.003 0.003 0.985 


Estimated Allele Frequencies in each cluster
First column gives estimated ancestral frequencies


Locus 1 : 
2 alleles
0.0% missing data
   3   (0.930) 0.991 0.980 0.998 0.905 0.982 0.908 
   2   (0.070) 0.009 0.020 0.002 0.095 0.018 0.092 

Locus 2 : 
2 alleles
0.0% missing data
   2   (0.350) 0.051 0.286 0.171 0.403 0.548 0.366 
   3   (0.650) 0.949 0.714 0.829 0.597 0.452 0.634 

Locus 3 : 
2 alleles
0.0% missing data
   2   (0.359) 0.228 0.201 0.253 0.412 0.569 0.337 
   4   (0.641) 0.772 0.799 0.747 0.588 0.431 0.663 

Locus 4 : 
2 alleles
0.0% missing data
   1   (0.690) 0.373 0.697 0.887 0.667 0.664 0.928 
   4   (0.310) 0.627 0.303 0.113 0.333 0.336 0.072 

Locus 5 : 
2 alleles
3.1% missing data
   2   (0.806) 0.974 0.895 0.953 0.791 0.719 0.739 
   1   (0.194) 0.026 0.105 0.047 0.209 0.281 0.261 

Locus 6 : 
2 alleles
2.4% missing data
   1   (0.200) 0.028 0.269 0.383 0.125 0.228 0.192 
   3   (0.800) 0.972 0.731 0.617 0.875 0.772 0.808 

Locus 7 : 
2 alleles
0.0% missing data
   2   (0.633) 0.945 0.576 0.459 0.663 0.753 0.411 
   3   (0.367) 0.055 0.424 0.541 0.337 0.247 0.589 

Locus 8 : 
2 alleles
2.4% missing data
   1   (0.244) 0.257 0.211 0.261 0.186 0.313 0.167 
   2   (0.756) 0.743 0.789 0.739 0.814 0.687 0.833 

Locus 9 : 
2 alleles
0.8% missing data
   4   (0.960) 0.994 0.989 0.999 0.982 0.990 0.822 
   1   (0.040) 0.006 0.011 0.001 0.018 0.010 0.178 

Locus 10 : 
2 alleles
0.0% missing data
   3   (0.728) 0.655 0.706 0.991 0.716 0.909 0.517 
   2   (0.272) 0.345 0.294 0.009 0.284 0.091 0.483 

Locus 11 : 
2 alleles
0.0% missing data
   2   (0.952) 0.993 0.987 0.999 0.967 0.988 0.771 
   1   (0.048) 0.007 0.013 0.001 0.033 0.012 0.229 

Locus 12 : 
2 alleles
0.0% missing data
   1   (0.501) 0.245 0.619 0.823 0.485 0.555 0.278 
   4   (0.499) 0.755 0.381 0.177 0.515 0.445 0.722 

Locus 13 : 
2 alleles
0.8% missing data
   2   (0.684) 0.788 0.765 0.798 0.691 0.669 0.587 
   4   (0.316) 0.212 0.235 0.202 0.309 0.331 0.413 

Locus 14 : 
2 alleles
0.0% missing data
   4   (0.697) 0.532 0.716 0.801 0.780 0.668 0.575 
   2   (0.303) 0.468 0.284 0.199 0.220 0.332 0.425 

Locus 15 : 
2 alleles
0.0% missing data
   4   (0.863) 0.981 0.879 0.995 0.807 0.959 0.881 
   2   (0.137) 0.019 0.121 0.005 0.193 0.041 0.119 

Locus 16 : 
2 alleles
0.0% missing data
   1   (0.410) 0.467 0.315 0.689 0.478 0.130 0.387 
   4   (0.590) 0.533 0.685 0.311 0.522 0.870 0.613 

Locus 17 : 
2 alleles
0.0% missing data
   4   (0.915) 0.882 0.875 0.997 0.961 0.979 0.937 
   3   (0.085) 0.118 0.125 0.003 0.039 0.021 0.063 

Locus 18 : 
2 alleles
0.0% missing data
   2   (0.778) 0.966 0.820 0.785 0.790 0.712 0.786 
   3   (0.222) 0.034 0.180 0.215 0.210 0.288 0.214 

Locus 19 : 
2 alleles
0.8% missing data
   4   (0.865) 0.981 0.886 0.984 0.855 0.966 0.817 
   2   (0.135) 0.019 0.114 0.016 0.145 0.034 0.183 

Locus 20 : 
2 alleles
0.0% missing data
   2   (0.663) 0.951 0.723 0.560 0.652 0.452 0.661 
   3   (0.337) 0.049 0.277 0.440 0.348 0.548 0.339 

Locus 21 : 
2 alleles
0.8% missing data
   2   (0.339) 0.254 0.306 0.209 0.280 0.512 0.451 
   3   (0.661) 0.746 0.694 0.791 0.720 0.488 0.549 

Locus 22 : 
2 alleles
0.0% missing data
   4   (0.805) 0.708 0.901 0.871 0.846 0.854 0.724 
   2   (0.195) 0.292 0.099 0.129 0.154 0.146 0.276 

Locus 23 : 
2 alleles
2.4% missing data
   1   (0.363) 0.473 0.198 0.568 0.359 0.430 0.401 
   4   (0.637) 0.527 0.802 0.432 0.641 0.570 0.599 

Locus 24 : 
2 alleles
0.0% missing data
   3   (0.770) 0.966 0.515 0.992 0.809 0.860 0.609 
   2   (0.230) 0.034 0.485 0.008 0.191 0.140 0.391 

Locus 25 : 
2 alleles
0.0% missing data
   3   (0.692) 0.955 0.749 0.488 0.641 0.797 0.713 
   2   (0.308) 0.045 0.251 0.512 0.359 0.203 0.287 

Locus 26 : 
2 alleles
0.8% missing data
   2   (0.575) 0.938 0.462 0.724 0.558 0.567 0.550 
   4   (0.425) 0.062 0.538 0.276 0.442 0.433 0.450 

Locus 27 : 
2 alleles
1.6% missing data
   1   (0.583) 0.188 0.567 0.751 0.609 0.768 0.627 
   4   (0.417) 0.812 0.433 0.249 0.391 0.232 0.373 

Locus 28 : 
2 alleles
3.9% missing data
   3   (0.514) 0.276 0.470 0.586 0.504 0.640 0.661 
   2   (0.486) 0.724 0.530 0.414 0.496 0.360 0.339 

Locus 29 : 
2 alleles
0.0% missing data
   4   (0.182) 0.341 0.172 0.436 0.094 0.050 0.356 
   1   (0.818) 0.659 0.828 0.564 0.906 0.950 0.644 

Locus 30 : 
2 alleles
0.0% missing data
   1   (0.423) 0.499 0.441 0.574 0.417 0.168 0.463 
   4   (0.577) 0.501 0.559 0.426 0.583 0.832 0.537 

Locus 31 : 
2 alleles
3.1% missing data
   2   (0.291) 0.045 0.318 0.501 0.320 0.094 0.301 
   4   (0.709) 0.955 0.682 0.499 0.680 0.906 0.699 

Locus 32 : 
2 alleles
0.0% missing data
   4   (0.526) 0.348 0.449 0.649 0.447 0.875 0.664 
   3   (0.474) 0.652 0.551 0.351 0.553 0.125 0.336 

Locus 33 : 
2 alleles
0.8% missing data
   2   (0.541) 0.440 0.429 0.570 0.568 0.696 0.615 
   3   (0.459) 0.560 0.571 0.430 0.432 0.304 0.385 

Locus 34 : 
2 alleles
0.0% missing data
   3   (0.512) 0.455 0.438 0.605 0.559 0.400 0.568 
   2   (0.488) 0.545 0.562 0.395 0.441 0.600 0.432 

Locus 35 : 
2 alleles
0.0% missing data
   4   (0.640) 0.684 0.621 0.988 0.535 0.563 0.798 
   1   (0.360) 0.316 0.379 0.012 0.465 0.437 0.202 

Locus 36 : 
2 alleles
0.0% missing data
   4   (0.650) 0.946 0.580 0.788 0.652 0.800 0.414 
   1   (0.350) 0.054 0.420 0.212 0.348 0.200 0.586 

Locus 37 : 
2 alleles
0.8% missing data
   2   (0.577) 0.734 0.448 0.815 0.623 0.664 0.448 
   3   (0.423) 0.266 0.552 0.185 0.377 0.336 0.552 

Locus 38 : 
2 alleles
0.8% missing data
   1   (0.915) 0.785 0.973 0.997 0.856 0.977 0.989 
   2   (0.085) 0.215 0.027 0.003 0.144 0.023 0.011 

Locus 39 : 
2 alleles
1.6% missing data
   2   (0.594) 0.508 0.611 0.962 0.592 0.700 0.338 
   4   (0.406) 0.492 0.389 0.038 0.408 0.300 0.662 

Locus 40 : 
2 alleles
0.0% missing data
   1   (0.373) 0.477 0.416 0.398 0.245 0.163 0.819 
   4   (0.627) 0.523 0.584 0.602 0.755 0.837 0.181 

Locus 41 : 
2 alleles
0.0% missing data
   2   (0.910) 0.988 0.970 0.933 0.940 0.974 0.619 
   1   (0.090) 0.012 0.030 0.067 0.060 0.026 0.381 

Locus 42 : 
2 alleles
0.0% missing data
   2   (0.542) 0.505 0.433 0.529 0.553 0.774 0.605 
   4   (0.458) 0.495 0.567 0.471 0.447 0.226 0.395 

Locus 43 : 
2 alleles
0.0% missing data
   2   (0.419) 0.437 0.236 0.373 0.431 0.428 0.687 
   4   (0.581) 0.563 0.764 0.627 0.569 0.572 0.313 

Locus 44 : 
3 alleles
1.6% missing data
   3   (0.847) 0.979 0.957 0.838 0.831 0.841 0.918 
   2   (0.120) 0.017 0.035 0.161 0.113 0.150 0.079 
   0   (0.033) 0.004 0.009 0.001 0.055 0.009 0.002 

Locus 45 : 
2 alleles
0.0% missing data
   1   (0.795) 0.968 0.809 0.985 0.719 0.902 0.789 
   2   (0.205) 0.032 0.191 0.015 0.281 0.098 0.211 

Locus 46 : 
2 alleles
0.0% missing data
   4   (0.883) 0.757 0.955 0.996 0.837 0.955 0.954 
   2   (0.117) 0.243 0.045 0.004 0.163 0.045 0.046 

Locus 47 : 
2 alleles
0.0% missing data
   2   (0.874) 0.712 0.962 0.958 0.908 0.756 0.951 
   1   (0.126) 0.288 0.038 0.042 0.092 0.244 0.049 

Locus 48 : 
2 alleles
1.6% missing data
   2   (0.569) 0.842 0.567 0.430 0.575 0.567 0.522 
   4   (0.431) 0.158 0.433 0.570 0.425 0.433 0.478 

Locus 49 : 
2 alleles
0.0% missing data
   1   (0.735) 0.804 0.772 0.915 0.782 0.656 0.649 
   2   (0.265) 0.196 0.228 0.085 0.218 0.344 0.351 

Locus 50 : 
2 alleles
0.0% missing data
   4   (0.743) 0.650 0.718 0.437 0.843 0.793 0.738 
   1   (0.257) 0.350 0.282 0.563 0.157 0.207 0.262 

Locus 51 : 
2 alleles
0.0% missing data
   3   (0.524) 0.545 0.478 0.571 0.565 0.245 0.671 
   2   (0.476) 0.455 0.522 0.429 0.435 0.755 0.329 

Locus 52 : 
2 alleles
0.8% missing data
   4   (0.915) 0.989 0.940 0.997 0.947 0.843 0.877 
   2   (0.085) 0.011 0.060 0.003 0.053 0.157 0.123 

Locus 53 : 
2 alleles
0.0% missing data
   4   (0.928) 0.736 0.978 0.998 0.967 0.981 0.623 
   2   (0.072) 0.264 0.022 0.002 0.033 0.019 0.377 

Locus 54 : 
2 alleles
3.1% missing data
   3   (0.589) 0.664 0.632 0.837 0.590 0.246 0.708 
   4   (0.411) 0.336 0.368 0.163 0.410 0.754 0.292 

Locus 55 : 
2 alleles
0.0% missing data
   2   (0.596) 0.781 0.624 0.594 0.547 0.529 0.778 
   1   (0.404) 0.219 0.376 0.406 0.453 0.471 0.222 

Locus 56 : 
3 alleles
2.4% missing data
   1   (0.806) 0.612 0.789 0.994 0.824 0.946 0.731 
   0   (0.082) 0.118 0.022 0.002 0.124 0.022 0.021 
   4   (0.113) 0.270 0.189 0.003 0.052 0.032 0.248 

Locus 57 : 
2 alleles
0.0% missing data
   4   (0.886) 0.984 0.912 0.997 0.886 0.971 0.644 
   1   (0.114) 0.016 0.088 0.003 0.114 0.029 0.356 

Locus 58 : 
2 alleles
0.0% missing data
   4   (0.884) 0.983 0.868 0.987 0.916 0.660 0.971 
   2   (0.116) 0.017 0.132 0.013 0.084 0.340 0.029 

Locus 59 : 
2 alleles
0.0% missing data
   3   (0.863) 0.981 0.913 0.891 0.882 0.748 0.954 
   2   (0.137) 0.019 0.087 0.109 0.118 0.252 0.046 

Locus 60 : 
2 alleles
0.0% missing data
   4   (0.777) 0.769 0.628 0.993 0.841 0.817 0.681 
   2   (0.223) 0.231 0.372 0.007 0.159 0.183 0.319 

Locus 61 : 
2 alleles
0.0% missing data
   4   (0.868) 0.821 0.925 0.996 0.885 0.924 0.774 
   2   (0.132) 0.179 0.075 0.004 0.115 0.076 0.226 

Locus 62 : 
2 alleles
0.0% missing data
   2   (0.736) 0.965 0.815 0.915 0.648 0.933 0.464 
   1   (0.264) 0.035 0.185 0.085 0.352 0.067 0.536 

Locus 63 : 
2 alleles
0.0% missing data
   2   (0.414) 0.712 0.431 0.640 0.372 0.450 0.217 
   1   (0.586) 0.288 0.569 0.360 0.628 0.550 0.783 

Locus 64 : 
2 alleles
0.0% missing data
   4   (0.815) 0.763 0.913 0.993 0.741 0.899 0.843 
   2   (0.185) 0.237 0.087 0.007 0.259 0.101 0.157 

Locus 65 : 
2 alleles
0.8% missing data
   1   (0.888) 0.983 0.854 0.997 0.929 0.925 0.741 
   4   (0.112) 0.017 0.146 0.003 0.071 0.075 0.259 

Locus 66 : 
3 alleles
1.6% missing data
   3   (0.604) 0.529 0.691 0.662 0.650 0.360 0.692 
   2   (0.362) 0.467 0.300 0.337 0.334 0.632 0.264 
   0   (0.034) 0.004 0.009 0.001 0.015 0.008 0.044 

Locus 67 : 
2 alleles
0.0% missing data
   1   (0.123) 0.230 0.035 0.029 0.167 0.044 0.036 
   3   (0.877) 0.770 0.965 0.971 0.833 0.956 0.964 

Locus 68 : 
2 alleles
0.0% missing data
   2   (0.539) 0.175 0.447 0.738 0.638 0.745 0.328 
   3   (0.461) 0.825 0.553 0.262 0.362 0.255 0.672 

Locus 69 : 
2 alleles
0.0% missing data
   4   (0.804) 0.698 0.788 0.994 0.888 0.754 0.505 
   2   (0.196) 0.302 0.212 0.006 0.112 0.246 0.495 

Locus 70 : 
3 alleles
0.0% missing data
   1   (0.315) 0.802 0.539 0.703 0.253 0.192 0.025 
   3   (0.647) 0.193 0.447 0.144 0.727 0.799 0.973 
   0   (0.039) 0.005 0.014 0.153 0.020 0.010 0.002 

Locus 71 : 
2 alleles
3.1% missing data
   2   (0.556) 0.517 0.550 0.212 0.539 0.697 0.746 
   4   (0.444) 0.483 0.450 0.788 0.461 0.303 0.254 

Locus 72 : 
2 alleles
1.6% missing data
   3   (0.537) 0.332 0.437 0.713 0.502 0.802 0.705 
   1   (0.463) 0.668 0.563 0.287 0.498 0.198 0.295 

Locus 73 : 
2 alleles
0.0% missing data
   1   (0.298) 0.469 0.320 0.537 0.203 0.222 0.352 
   2   (0.702) 0.531 0.680 0.463 0.797 0.778 0.648 

Locus 74 : 
2 alleles
1.6% missing data
   2   (0.827) 0.976 0.711 0.984 0.847 0.783 0.939 
   3   (0.173) 0.024 0.289 0.016 0.153 0.217 0.061 

Locus 75 : 
2 alleles
0.0% missing data
   3   (0.492) 0.162 0.409 0.793 0.524 0.365 0.667 
   1   (0.508) 0.838 0.591 0.207 0.476 0.635 0.333 

Locus 76 : 
2 alleles
0.0% missing data
   2   (0.435) 0.642 0.464 0.927 0.450 0.153 0.180 
   1   (0.565) 0.358 0.536 0.073 0.550 0.847 0.820 

Locus 77 : 
2 alleles
0.0% missing data
   4   (0.303) 0.312 0.284 0.485 0.270 0.510 0.100 
   1   (0.697) 0.688 0.716 0.515 0.730 0.490 0.900 

Locus 78 : 
2 alleles
0.0% missing data
   3   (0.710) 0.521 0.670 0.990 0.616 0.898 0.827 
   2   (0.290) 0.479 0.330 0.010 0.384 0.102 0.173 

Locus 79 : 
2 alleles
0.0% missing data
   2   (0.582) 0.836 0.454 0.719 0.609 0.675 0.521 
   3   (0.418) 0.164 0.546 0.281 0.391 0.325 0.479 

Locus 80 : 
2 alleles
0.0% missing data
   4   (0.821) 0.699 0.817 0.872 0.886 0.939 0.783 
   2   (0.179) 0.301 0.183 0.128 0.114 0.061 0.217 

Locus 81 : 
2 alleles
0.0% missing data
   3   (0.473) 0.070 0.634 0.339 0.502 0.251 0.583 
   2   (0.527) 0.930 0.366 0.661 0.498 0.749 0.417 

Locus 82 : 
2 alleles
0.0% missing data
   2   (0.749) 0.756 0.749 0.716 0.787 0.921 0.685 
   3   (0.251) 0.244 0.251 0.284 0.213 0.079 0.315 

Locus 83 : 
2 alleles
0.0% missing data
   3   (0.712) 0.957 0.793 0.880 0.659 0.826 0.467 
   2   (0.288) 0.043 0.207 0.120 0.341 0.174 0.533 

Locus 84 : 
2 alleles
0.0% missing data
   3   (0.524) 0.289 0.634 0.436 0.497 0.762 0.408 
   2   (0.476) 0.711 0.366 0.564 0.503 0.238 0.592 

Locus 85 : 
2 alleles
0.0% missing data
   3   (0.786) 0.651 0.646 0.873 0.866 0.929 0.817 
   4   (0.214) 0.349 0.354 0.127 0.134 0.071 0.183 

Locus 86 : 
2 alleles
0.0% missing data
   3   (0.562) 0.086 0.476 0.447 0.676 0.293 0.853 
   2   (0.438) 0.914 0.524 0.553 0.324 0.707 0.147 

Locus 87 : 
3 alleles
4.7% missing data
   1   (0.545) 0.507 0.649 0.716 0.552 0.407 0.433 
   4   (0.421) 0.485 0.342 0.283 0.403 0.584 0.560 
   0   (0.034) 0.008 0.009 0.001 0.045 0.009 0.007 

Locus 88 : 
2 alleles
1.6% missing data
   3   (0.801) 0.972 0.815 0.993 0.800 0.703 0.670 
   1   (0.199) 0.028 0.185 0.007 0.200 0.297 0.330 

Locus 89 : 
2 alleles
0.0% missing data
   1   (0.563) 0.504 0.502 0.897 0.533 0.820 0.423 
   4   (0.437) 0.496 0.498 0.103 0.467 0.180 0.577 

Locus 90 : 
2 alleles
0.8% missing data
   3   (0.745) 0.526 0.873 0.759 0.797 0.722 0.597 
   2   (0.255) 0.474 0.127 0.241 0.203 0.278 0.403 

Locus 91 : 
2 alleles
0.0% missing data
   2   (0.686) 0.742 0.848 0.691 0.675 0.424 0.719 
   4   (0.314) 0.258 0.152 0.309 0.325 0.576 0.281 

Locus 92 : 
2 alleles
0.0% missing data
   2   (0.772) 0.734 0.780 0.958 0.770 0.941 0.735 
   4   (0.228) 0.266 0.220 0.042 0.230 0.059 0.265 

Locus 93 : 
2 alleles
0.0% missing data
   4   (0.907) 0.987 0.971 0.997 0.879 0.926 0.873 
   1   (0.093) 0.013 0.029 0.003 0.121 0.074 0.127 

Locus 94 : 
2 alleles
0.0% missing data
   3   (0.781) 0.965 0.816 0.747 0.777 0.715 0.875 
   1   (0.219) 0.035 0.184 0.253 0.223 0.285 0.125 

Locus 95 : 
2 alleles
0.0% missing data
   1   (0.059) 0.008 0.016 0.068 0.088 0.015 0.003 
   3   (0.941) 0.992 0.984 0.932 0.912 0.985 0.997 

Locus 96 : 
2 alleles
0.0% missing data
   3   (0.549) 0.518 0.798 0.801 0.453 0.311 0.483 
   2   (0.451) 0.482 0.202 0.199 0.547 0.689 0.517 

Locus 97 : 
2 alleles
0.0% missing data
   2   (0.728) 0.758 0.718 0.992 0.743 0.635 0.636 
   1   (0.272) 0.242 0.282 0.008 0.257 0.365 0.364 

Locus 98 : 
2 alleles
0.0% missing data
   4   (0.782) 0.969 0.752 0.993 0.829 0.406 0.614 
   2   (0.218) 0.031 0.248 0.007 0.171 0.594 0.386 

Locus 99 : 
2 alleles
0.8% missing data
   4   (0.857) 0.766 0.813 0.996 0.916 0.956 0.616 
   1   (0.143) 0.234 0.187 0.004 0.084 0.044 0.384 

Locus 100 : 
2 alleles
0.8% missing data
   3   (0.421) 0.661 0.404 0.210 0.345 0.598 0.511 
   2   (0.579) 0.339 0.596 0.790 0.655 0.402 0.489 

Locus 101 : 
3 alleles
0.0% missing data
   4   (0.459) 0.512 0.731 0.431 0.429 0.540 0.085 
   2   (0.456) 0.477 0.199 0.545 0.443 0.437 0.910 
   0   (0.085) 0.012 0.070 0.024 0.129 0.023 0.005 

Locus 102 : 
2 alleles
2.4% missing data
   2   (0.782) 0.695 0.656 0.899 0.823 0.935 0.894 
   4   (0.218) 0.305 0.344 0.101 0.177 0.065 0.106 

Locus 103 : 
3 alleles
0.0% missing data
   4   (0.120) 0.017 0.057 0.522 0.145 0.033 0.026 
   2   (0.822) 0.974 0.642 0.476 0.825 0.920 0.971 
   0   (0.058) 0.009 0.301 0.002 0.030 0.047 0.003 

Locus 104 : 
2 alleles
0.0% missing data
   3   (0.301) 0.153 0.309 0.566 0.251 0.424 0.177 
   2   (0.699) 0.847 0.691 0.434 0.749 0.576 0.823 

Locus 105 : 
2 alleles
0.0% missing data
   4   (0.489) 0.496 0.523 0.414 0.503 0.449 0.417 
   1   (0.511) 0.504 0.477 0.586 0.497 0.551 0.583 

Locus 106 : 
2 alleles
0.0% missing data
   1   (0.152) 0.021 0.136 0.175 0.089 0.236 0.180 
   2   (0.848) 0.979 0.864 0.825 0.911 0.764 0.820 

Locus 107 : 
2 alleles
0.0% missing data
   1   (0.596) 0.405 0.696 0.792 0.637 0.393 0.479 
   4   (0.404) 0.595 0.304 0.208 0.363 0.607 0.521 

Locus 108 : 
2 alleles
0.0% missing data
   2   (0.751) 0.687 0.736 0.929 0.794 0.743 0.827 
   4   (0.249) 0.313 0.264 0.071 0.206 0.257 0.173 

Locus 109 : 
2 alleles
0.0% missing data
   3   (0.800) 0.815 0.774 0.968 0.830 0.923 0.792 
   2   (0.200) 0.185 0.226 0.032 0.170 0.077 0.208 

Locus 110 : 
2 alleles
0.0% missing data
   2   (0.918) 0.988 0.977 0.997 0.923 0.832 0.918 
   1   (0.082) 0.012 0.023 0.003 0.077 0.168 0.082 

Locus 111 : 
2 alleles
0.0% missing data
   1   (0.867) 0.981 0.754 0.995 0.896 0.961 0.730 
   2   (0.133) 0.019 0.246 0.005 0.104 0.039 0.270 

Locus 112 : 
2 alleles
7.1% missing data
   3   (0.827) 0.756 0.911 0.994 0.807 0.783 0.875 
   2   (0.173) 0.244 0.089 0.006 0.193 0.217 0.125 

Locus 113 : 
2 alleles
0.0% missing data
   2   (0.684) 0.954 0.501 0.745 0.719 0.451 0.870 
   3   (0.316) 0.046 0.499 0.255 0.281 0.549 0.130 

Locus 114 : 
2 alleles
0.0% missing data
   4   (0.712) 0.960 0.729 0.802 0.711 0.593 0.705 
   2   (0.288) 0.040 0.271 0.198 0.289 0.407 0.295 

Locus 115 : 
2 alleles
0.0% missing data
   3   (0.455) 0.660 0.441 0.344 0.403 0.458 0.542 
   2   (0.545) 0.340 0.559 0.656 0.597 0.542 0.458 

Locus 116 : 
2 alleles
0.0% missing data
   4   (0.432) 0.485 0.490 0.693 0.368 0.193 0.577 
   3   (0.568) 0.515 0.510 0.307 0.632 0.807 0.423 

Locus 117 : 
2 alleles
0.0% missing data
   2   (0.881) 0.984 0.935 0.994 0.804 0.969 0.898 
   3   (0.119) 0.016 0.065 0.006 0.196 0.031 0.102 

Locus 118 : 
2 alleles
0.0% missing data
   2   (0.901) 0.987 0.961 0.997 0.831 0.967 0.912 
   1   (0.099) 0.013 0.039 0.003 0.169 0.033 0.088 

Locus 119 : 
3 alleles
0.0% missing data
   2   (0.914) 0.579 0.977 0.971 0.962 0.979 0.917 
   0   (0.028) 0.004 0.008 0.027 0.013 0.007 0.002 
   3   (0.058) 0.417 0.016 0.002 0.026 0.014 0.082 

Locus 120 : 
2 alleles
0.0% missing data
   1   (0.934) 0.990 0.888 0.998 0.963 0.981 0.958 
   2   (0.066) 0.010 0.112 0.002 0.037 0.019 0.042 

Locus 121 : 
2 alleles
0.0% missing data
   3   (0.724) 0.849 0.643 0.657 0.771 0.808 0.827 
   4   (0.276) 0.151 0.357 0.343 0.229 0.192 0.173 

Locus 122 : 
2 alleles
0.0% missing data
   1   (0.966) 0.995 0.987 0.899 0.982 0.992 0.998 
   0   (0.034) 0.005 0.013 0.101 0.018 0.008 0.002 

Locus 123 : 
3 alleles
1.6% missing data
   2   (0.746) 0.858 0.642 0.919 0.866 0.833 0.335 
   3   (0.222) 0.138 0.349 0.027 0.120 0.160 0.664 
   0   (0.031) 0.004 0.008 0.054 0.014 0.008 0.002 

Locus 124 : 
2 alleles
0.8% missing data
   1   (0.821) 0.975 0.829 0.994 0.739 0.948 0.751 
   3   (0.179) 0.025 0.171 0.006 0.261 0.052 0.249 

Locus 125 : 
2 alleles
0.0% missing data
   1   (0.904) 0.551 0.966 0.997 0.923 0.649 0.988 
   2   (0.096) 0.449 0.034 0.003 0.077 0.351 0.012 

Locus 126 : 
2 alleles
0.0% missing data
   4   (0.236) 0.295 0.086 0.242 0.217 0.310 0.317 
   2   (0.764) 0.705 0.914 0.758 0.783 0.690 0.683 

Locus 127 : 
2 alleles
0.0% missing data
   3   (0.663) 0.525 0.838 0.988 0.576 0.673 0.387 
   2   (0.337) 0.475 0.162 0.012 0.424 0.327 0.613 

Locus 128 : 
2 alleles
0.8% missing data
   3   (0.780) 0.664 0.888 0.798 0.775 0.584 0.948 
   2   (0.220) 0.336 0.112 0.202 0.225 0.416 0.052 

Locus 129 : 
2 alleles
0.8% missing data
   1   (0.759) 0.764 0.771 0.979 0.747 0.521 0.928 
   3   (0.241) 0.236 0.229 0.021 0.253 0.479 0.072 

Locus 130 : 
2 alleles
0.0% missing data
   3   (0.882) 0.983 0.860 0.996 0.851 0.967 0.933 
   2   (0.118) 0.017 0.140 0.004 0.149 0.033 0.067 

Locus 131 : 
2 alleles
0.0% missing data
   4   (0.662) 0.589 0.688 0.327 0.697 0.454 0.895 
   1   (0.338) 0.411 0.312 0.673 0.303 0.546 0.105 

Locus 132 : 
2 alleles
0.0% missing data
   2   (0.800) 0.825 0.811 0.993 0.786 0.672 0.907 
   4   (0.200) 0.175 0.189 0.007 0.214 0.328 0.093 

Locus 133 : 
2 alleles
0.0% missing data
   3   (0.475) 0.071 0.508 0.843 0.478 0.470 0.521 
   2   (0.525) 0.929 0.492 0.157 0.522 0.530 0.479 

Locus 134 : 
2 alleles
0.8% missing data
   3   (0.800) 0.972 0.657 0.910 0.847 0.940 0.662 
   2   (0.200) 0.028 0.343 0.090 0.153 0.060 0.338 

Locus 135 : 
2 alleles
0.0% missing data
   3   (0.618) 0.518 0.703 0.898 0.617 0.449 0.599 
   2   (0.382) 0.482 0.297 0.102 0.383 0.551 0.401 

Locus 136 : 
2 alleles
0.0% missing data
   4   (0.895) 0.985 0.944 0.996 0.908 0.932 0.554 
   2   (0.105) 0.015 0.056 0.004 0.092 0.068 0.446 

Locus 137 : 
2 alleles
0.0% missing data
   2   (0.926) 0.988 0.942 0.997 0.892 0.980 0.989 
   3   (0.074) 0.012 0.058 0.003 0.108 0.020 0.011 

Locus 138 : 
2 alleles
0.8% missing data
   1   (0.681) 0.690 0.604 0.491 0.704 0.869 0.812 
   3   (0.319) 0.310 0.396 0.509 0.296 0.131 0.188 

Locus 139 : 
2 alleles
0.8% missing data
   2   (0.638) 0.467 0.826 0.405 0.677 0.402 0.520 
   3   (0.362) 0.533 0.174 0.595 0.323 0.598 0.480 

Locus 140 : 
2 alleles
0.0% missing data
   4   (0.722) 0.633 0.536 0.912 0.768 0.894 0.826 
   3   (0.278) 0.367 0.464 0.088 0.232 0.106 0.174 

Locus 141 : 
2 alleles
0.0% missing data
   1   (0.713) 0.697 0.793 0.768 0.777 0.601 0.617 
   4   (0.287) 0.303 0.207 0.232 0.223 0.399 0.383 

Locus 142 : 
2 alleles
0.0% missing data
   3   (0.636) 0.354 0.593 0.597 0.656 0.662 0.873 
   2   (0.364) 0.646 0.407 0.403 0.344 0.338 0.127 

Locus 143 : 
2 alleles
0.0% missing data
   2   (0.929) 0.990 0.978 0.997 0.929 0.920 0.967 
   3   (0.071) 0.010 0.022 0.003 0.071 0.080 0.033 

Locus 144 : 
3 alleles
0.8% missing data
   4   (0.600) 0.719 0.593 0.946 0.614 0.535 0.459 
   1   (0.372) 0.278 0.400 0.029 0.372 0.457 0.539 
   0   (0.028) 0.004 0.008 0.026 0.014 0.008 0.002 

Locus 145 : 
2 alleles
0.0% missing data
   1   (0.168) 0.023 0.178 0.275 0.127 0.329 0.048 
   3   (0.832) 0.977 0.822 0.725 0.873 0.671 0.952 

Locus 146 : 
2 alleles
0.0% missing data
   4   (0.922) 0.989 0.905 0.997 0.951 0.970 0.874 
   1   (0.078) 0.011 0.095 0.003 0.049 0.030 0.126 

Locus 147 : 
2 alleles
0.8% missing data
   1   (0.391) 0.541 0.297 0.403 0.485 0.239 0.184 
   4   (0.609) 0.459 0.703 0.597 0.515 0.761 0.816 

Locus 148 : 
2 alleles
0.0% missing data
   3   (0.716) 0.323 0.731 0.608 0.666 0.688 0.983 
   1   (0.284) 0.677 0.269 0.392 0.334 0.312 0.017 

Locus 149 : 
3 alleles
1.6% missing data
   2   (0.500) 0.179 0.561 0.586 0.524 0.652 0.439 
   3   (0.451) 0.814 0.380 0.411 0.453 0.336 0.537 
   0   (0.049) 0.007 0.059 0.003 0.023 0.012 0.024 

Locus 150 : 
2 alleles
0.0% missing data
   1   (0.704) 0.956 0.605 0.903 0.648 0.828 0.803 
   4   (0.296) 0.044 0.395 0.097 0.352 0.172 0.197 

Locus 151 : 
2 alleles
0.0% missing data
   3   (0.724) 0.960 0.720 0.406 0.625 0.924 0.888 
   2   (0.276) 0.040 0.280 0.594 0.375 0.076 0.112 

Locus 152 : 
2 alleles
0.0% missing data
   4   (0.927) 0.832 0.939 0.997 0.958 0.843 0.995 
   2   (0.073) 0.168 0.061 0.003 0.042 0.157 0.005 

Locus 153 : 
2 alleles
0.0% missing data
   1   (0.639) 0.659 0.671 0.683 0.644 0.815 0.493 
   4   (0.361) 0.341 0.329 0.317 0.356 0.185 0.507 

Locus 154 : 
2 alleles
0.8% missing data
   1   (0.542) 0.514 0.566 0.895 0.611 0.665 0.103 
   3   (0.458) 0.486 0.434 0.105 0.389 0.335 0.897 

Locus 155 : 
2 alleles
0.0% missing data
   3   (0.542) 0.773 0.455 0.850 0.436 0.797 0.639 
   4   (0.458) 0.227 0.545 0.150 0.564 0.203 0.361 

Locus 156 : 
2 alleles
0.8% missing data
   1   (0.817) 0.974 0.836 0.973 0.877 0.904 0.207 
   2   (0.183) 0.026 0.164 0.027 0.123 0.096 0.793 

Locus 157 : 
2 alleles
0.0% missing data
   4   (0.560) 0.657 0.573 0.752 0.485 0.773 0.559 
   2   (0.440) 0.343 0.427 0.248 0.515 0.227 0.441 

Locus 158 : 
2 alleles
0.8% missing data
   1   (0.680) 0.792 0.736 0.758 0.587 0.761 0.900 
   2   (0.320) 0.208 0.264 0.242 0.413 0.239 0.100 

Locus 159 : 
3 alleles
0.8% missing data
   2   (0.836) 0.978 0.838 0.863 0.892 0.885 0.511 
   0   (0.064) 0.009 0.083 0.134 0.029 0.087 0.004 
   3   (0.100) 0.013 0.079 0.003 0.078 0.028 0.485 

Locus 160 : 
3 alleles
0.0% missing data
   1   (0.465) 0.490 0.506 0.469 0.546 0.321 0.182 
   3   (0.499) 0.502 0.484 0.530 0.398 0.670 0.816 
   0   (0.036) 0.008 0.011 0.001 0.056 0.010 0.002 

Locus 161 : 
2 alleles
0.8% missing data
   1   (0.509) 0.179 0.543 0.514 0.524 0.585 0.537 
   4   (0.491) 0.821 0.457 0.486 0.476 0.415 0.463 

Locus 162 : 
3 alleles
3.1% missing data
   1   (0.896) 0.985 0.969 0.997 0.863 0.972 0.933 
   0   (0.074) 0.011 0.023 0.002 0.123 0.020 0.043 
   2   (0.031) 0.004 0.008 0.001 0.014 0.008 0.023 

Locus 163 : 
2 alleles
0.0% missing data
   2   (0.873) 0.982 0.924 0.857 0.909 0.961 0.653 
   3   (0.127) 0.018 0.076 0.143 0.091 0.039 0.347 

Locus 164 : 
3 alleles
0.8% missing data
   4   (0.870) 0.983 0.950 0.805 0.897 0.964 0.854 
   1   (0.100) 0.013 0.041 0.194 0.088 0.028 0.124 
   0   (0.031) 0.004 0.008 0.001 0.014 0.008 0.022 

Locus 165 : 
2 alleles
0.0% missing data
   4   (0.803) 0.867 0.805 0.831 0.855 0.942 0.680 
   1   (0.197) 0.133 0.195 0.169 0.145 0.058 0.320 

Locus 166 : 
2 alleles
0.8% missing data
   2   (0.875) 0.982 0.844 0.985 0.925 0.965 0.497 
   3   (0.125) 0.018 0.156 0.015 0.075 0.035 0.503 

Locus 167 : 
2 alleles
0.0% missing data
   2   (0.653) 0.640 0.762 0.757 0.731 0.672 0.236 
   3   (0.347) 0.360 0.238 0.243 0.269 0.328 0.764 

Locus 168 : 
2 alleles
0.0% missing data
   3   (0.732) 0.738 0.887 0.911 0.673 0.632 0.781 
   2   (0.268) 0.262 0.113 0.089 0.327 0.368 0.219 

Locus 169 : 
3 alleles
2.4% missing data
   4   (0.401) 0.162 0.526 0.560 0.473 0.221 0.147 
   3   (0.550) 0.831 0.412 0.386 0.504 0.766 0.850 
   0   (0.050) 0.007 0.062 0.055 0.023 0.013 0.003 

Locus 170 : 
2 alleles
0.0% missing data
   1   (0.746) 0.537 0.890 0.548 0.772 0.792 0.689 
   3   (0.254) 0.463 0.110 0.452 0.228 0.208 0.311 

Locus 171 : 
3 alleles
3.1% missing data
   2   (0.827) 0.976 0.910 0.959 0.875 0.805 0.651 
   3   (0.143) 0.020 0.082 0.041 0.110 0.188 0.304 
   0   (0.030) 0.004 0.008 0.001 0.015 0.008 0.045 

Locus 172 : 
2 alleles
0.0% missing data
   4   (0.732) 0.962 0.639 0.608 0.771 0.811 0.727 
   1   (0.268) 0.038 0.361 0.392 0.229 0.189 0.273 

Locus 173 : 
2 alleles
0.0% missing data
   2   (0.782) 0.547 0.769 0.533 0.862 0.927 0.776 
   3   (0.218) 0.453 0.231 0.467 0.138 0.073 0.224 

Locus 174 : 
2 alleles
0.0% missing data
   4   (0.730) 0.850 0.751 0.811 0.709 0.922 0.698 
   1   (0.270) 0.150 0.249 0.189 0.291 0.078 0.302 

Locus 175 : 
2 alleles
0.0% missing data
   2   (0.726) 0.854 0.816 0.769 0.764 0.612 0.626 
   4   (0.274) 0.146 0.184 0.231 0.236 0.388 0.374 

Locus 176 : 
2 alleles
0.8% missing data
   4   (0.949) 0.993 0.915 0.998 0.970 0.951 0.996 
   1   (0.051) 0.007 0.085 0.002 0.030 0.049 0.004 

Locus 177 : 
2 alleles
0.0% missing data
   3   (0.492) 0.654 0.379 0.537 0.458 0.529 0.693 
   2   (0.508) 0.346 0.621 0.463 0.542 0.471 0.307 

Locus 178 : 
3 alleles
2.4% missing data
   3   (0.591) 0.613 0.603 0.650 0.552 0.647 0.828 
   2   (0.379) 0.284 0.389 0.349 0.435 0.347 0.170 
   0   (0.029) 0.103 0.008 0.001 0.013 0.007 0.002 

Locus 179 : 
2 alleles
0.0% missing data
   3   (0.898) 0.986 0.964 0.968 0.898 0.967 0.839 
   2   (0.102) 0.014 0.036 0.032 0.102 0.033 0.161 

Locus 180 : 
3 alleles
1.6% missing data
   3   (0.520) 0.674 0.704 0.798 0.482 0.554 0.170 
   2   (0.426) 0.319 0.234 0.200 0.450 0.432 0.826 
   0   (0.054) 0.007 0.063 0.002 0.068 0.013 0.003 

Locus 181 : 
2 alleles
0.0% missing data
   2   (0.737) 0.963 0.684 0.745 0.789 0.802 0.556 
   1   (0.263) 0.037 0.316 0.255 0.211 0.198 0.444 

Locus 182 : 
2 alleles
1.6% missing data
   4   (0.782) 0.865 0.925 0.533 0.703 0.851 0.917 
   2   (0.218) 0.135 0.075 0.467 0.297 0.149 0.083 

Locus 183 : 
2 alleles
0.0% missing data
   4   (0.875) 0.979 0.942 0.905 0.866 0.830 0.974 
   2   (0.125) 0.021 0.058 0.095 0.134 0.170 0.026 

Locus 184 : 
2 alleles
0.0% missing data
   2   (0.889) 0.780 0.961 0.970 0.883 0.965 0.965 
   3   (0.111) 0.220 0.039 0.030 0.117 0.035 0.035 

Locus 185 : 
2 alleles
0.0% missing data
   2   (0.795) 0.535 0.934 0.811 0.846 0.599 0.727 
   3   (0.205) 0.465 0.066 0.189 0.154 0.401 0.273 

Locus 186 : 
2 alleles
0.0% missing data
   2   (0.913) 0.988 0.976 0.637 0.906 0.769 0.995 
   3   (0.087) 0.012 0.024 0.363 0.094 0.231 0.005 

Locus 187 : 
2 alleles
0.0% missing data
   3   (0.902) 0.768 0.950 0.958 0.935 0.973 0.970 
   2   (0.098) 0.232 0.050 0.042 0.065 0.027 0.030 

Locus 188 : 
2 alleles
2.4% missing data
   2   (0.738) 0.963 0.887 0.743 0.635 0.869 0.563 
   3   (0.262) 0.037 0.113 0.257 0.365 0.131 0.437 

Locus 189 : 
3 alleles
3.1% missing data
   3   (0.649) 0.736 0.664 0.496 0.663 0.905 0.591 
   1   (0.295) 0.256 0.321 0.502 0.269 0.082 0.362 
   0   (0.056) 0.007 0.016 0.002 0.068 0.013 0.047 

Locus 190 : 
2 alleles
0.0% missing data
   1   (0.874) 0.981 0.839 0.995 0.835 0.952 0.953 
   5   (0.126) 0.019 0.161 0.005 0.165 0.048 0.047 

Locus 191 : 
2 alleles
0.0% missing data
   1   (0.793) 0.827 0.807 0.680 0.780 0.587 0.988 
   5   (0.207) 0.173 0.193 0.320 0.220 0.413 0.012 

Locus 192 : 
2 alleles
0.0% missing data
   2   (0.608) 0.253 0.528 0.794 0.736 0.487 0.512 
   1   (0.392) 0.747 0.472 0.206 0.264 0.513 0.488 

Locus 193 : 
2 alleles
2.4% missing data
   1   (0.936) 0.991 0.978 0.998 0.929 0.983 0.903 
   4   (0.064) 0.009 0.022 0.002 0.071 0.017 0.097 

Locus 194 : 
2 alleles
0.0% missing data
   3   (0.770) 0.967 0.786 0.992 0.660 0.906 0.680 
   2   (0.230) 0.033 0.214 0.008 0.340 0.094 0.320 

Locus 195 : 
2 alleles
6.3% missing data
   4   (0.570) 0.682 0.435 0.986 0.538 0.621 0.472 
   1   (0.430) 0.318 0.565 0.014 0.462 0.379 0.528 

Locus 196 : 
2 alleles
0.8% missing data
   3   (0.903) 0.987 0.815 0.768 0.950 0.969 0.976 
   2   (0.097) 0.013 0.185 0.232 0.050 0.031 0.024 

Locus 197 : 
2 alleles
0.8% missing data
   3   (0.662) 0.784 0.713 0.751 0.652 0.563 0.767 
   4   (0.338) 0.216 0.287 0.249 0.348 0.437 0.233 

Locus 198 : 
2 alleles
0.0% missing data
   1   (0.965) 0.995 0.991 0.999 0.984 0.991 0.897 
   2   (0.035) 0.005 0.009 0.001 0.016 0.009 0.103 

Locus 199 : 
2 alleles
0.0% missing data
   2   (0.849) 0.979 0.824 0.995 0.872 0.935 0.555 
   3   (0.151) 0.021 0.176 0.005 0.128 0.065 0.445 

Locus 200 : 
2 alleles
0.0% missing data
   2   (0.524) 0.445 0.459 0.606 0.558 0.595 0.494 
   4   (0.476) 0.555 0.541 0.394 0.442 0.405 0.506 

Locus 201 : 
2 alleles
0.8% missing data
   2   (0.716) 0.960 0.554 0.990 0.765 0.702 0.336 
   1   (0.284) 0.040 0.446 0.010 0.235 0.298 0.664 

Locus 202 : 
2 alleles
0.0% missing data
   1   (0.899) 0.827 0.929 0.752 0.911 0.974 0.994 
   3   (0.101) 0.173 0.071 0.248 0.089 0.026 0.006 

Locus 203 : 
2 alleles
0.8% missing data
   2   (0.707) 0.574 0.704 0.991 0.709 0.515 0.764 
   1   (0.293) 0.426 0.296 0.009 0.291 0.485 0.236 

Locus 204 : 
2 alleles
0.0% missing data
   2   (0.864) 0.982 0.793 0.995 0.927 0.534 0.823 
   5   (0.136) 0.018 0.207 0.005 0.073 0.466 0.177 

Locus 205 : 
2 alleles
0.0% missing data
   3   (0.681) 0.643 0.657 0.650 0.635 0.890 0.883 
   1   (0.319) 0.357 0.343 0.350 0.365 0.110 0.117 

Locus 206 : 
2 alleles
0.0% missing data
   4   (0.587) 0.894 0.719 0.322 0.574 0.258 0.599 
   1   (0.413) 0.106 0.281 0.678 0.426 0.742 0.401 

Locus 207 : 
2 alleles
0.8% missing data
   3   (0.797) 0.653 0.834 0.994 0.776 0.818 0.881 
   2   (0.203) 0.347 0.166 0.006 0.224 0.182 0.119 

Locus 208 : 
2 alleles
1.6% missing data
   1   (0.718) 0.804 0.821 0.991 0.655 0.701 0.527 
   2   (0.282) 0.196 0.179 0.009 0.345 0.299 0.473 

Locus 209 : 
3 alleles
0.0% missing data
   3   (0.940) 0.992 0.984 0.906 0.973 0.985 0.997 
   2   (0.030) 0.004 0.008 0.067 0.013 0.007 0.002 
   0   (0.030) 0.004 0.008 0.027 0.013 0.008 0.002 

Locus 210 : 
2 alleles
0.0% missing data
   2   (0.625) 0.095 0.667 0.980 0.672 0.657 0.444 
   4   (0.375) 0.905 0.333 0.020 0.328 0.343 0.556 

Locus 211 : 
2 alleles
0.0% missing data
   2   (0.891) 0.982 0.885 0.996 0.931 0.891 0.759 
   4   (0.109) 0.018 0.115 0.004 0.069 0.109 0.241 

Locus 212 : 
2 alleles
0.0% missing data
   4   (0.746) 0.852 0.719 0.780 0.787 0.853 0.748 
   1   (0.254) 0.148 0.281 0.220 0.213 0.147 0.252 

Locus 213 : 
2 alleles
0.0% missing data
   3   (0.762) 0.597 0.856 0.216 0.825 0.926 0.619 
   2   (0.238) 0.403 0.144 0.784 0.175 0.074 0.381 

Locus 214 : 
2 alleles
0.0% missing data
   1   (0.738) 0.708 0.795 0.860 0.777 0.795 0.656 
   4   (0.262) 0.292 0.205 0.140 0.223 0.205 0.344 

Locus 215 : 
2 alleles
0.0% missing data
   4   (0.329) 0.533 0.438 0.318 0.298 0.259 0.093 
   5   (0.671) 0.467 0.562 0.682 0.702 0.741 0.907 

Locus 216 : 
2 alleles
0.0% missing data
   3   (0.895) 0.986 0.970 0.904 0.890 0.972 0.806 
   1   (0.105) 0.014 0.030 0.096 0.110 0.028 0.194 

Locus 217 : 
2 alleles
0.0% missing data
   3   (0.873) 0.819 0.935 0.996 0.910 0.783 0.864 
   2   (0.127) 0.181 0.065 0.004 0.090 0.217 0.136 

Locus 218 : 
2 alleles
0.0% missing data
   3   (0.452) 0.071 0.489 0.239 0.549 0.369 0.434 
   2   (0.548) 0.929 0.511 0.761 0.451 0.631 0.566 

Locus 219 : 
2 alleles
0.0% missing data
   4   (0.732) 0.762 0.796 0.992 0.692 0.935 0.285 
   2   (0.268) 0.238 0.204 0.008 0.308 0.065 0.715 

Locus 220 : 
2 alleles
0.0% missing data
   3   (0.747) 0.695 0.833 0.954 0.760 0.738 0.663 
   2   (0.253) 0.305 0.167 0.046 0.240 0.262 0.337 

Locus 221 : 
2 alleles
0.0% missing data
   3   (0.789) 0.690 0.822 0.770 0.782 0.941 0.917 
   2   (0.211) 0.310 0.178 0.230 0.218 0.059 0.083 

Locus 222 : 
2 alleles
0.0% missing data
   2   (0.741) 0.643 0.848 0.992 0.801 0.239 0.493 
   3   (0.259) 0.357 0.152 0.008 0.199 0.761 0.507 

Locus 223 : 
2 alleles
0.8% missing data
   1   (0.945) 0.993 0.984 0.998 0.957 0.982 0.790 
   2   (0.055) 0.007 0.016 0.002 0.043 0.018 0.210 

Locus 224 : 
2 alleles
0.0% missing data
   5   (0.767) 0.867 0.784 0.886 0.819 0.914 0.419 
   1   (0.233) 0.133 0.216 0.114 0.181 0.086 0.581 

Locus 225 : 
2 alleles
0.8% missing data
   2   (0.739) 0.746 0.806 0.640 0.769 0.786 0.785 
   3   (0.261) 0.254 0.194 0.360 0.231 0.214 0.215 

Locus 226 : 
2 alleles
0.0% missing data
   3   (0.934) 0.991 0.791 0.998 0.968 0.855 0.996 
   1   (0.066) 0.009 0.209 0.002 0.032 0.145 0.004 

Values of parameters used in structure:
DATAFILE=/Users/ddayan/FRA/small_omy_projects/sf_crooked_river_2021/structure_SFGL_Omy269/project_data,	OUTFILE=/Users/ddayan/FRA/small_omy_projects/sf_crooked_river_2021/structure_SFGL_Omy269/5k10kadmcorr/Results/5k10kadmcorr_run_52,	NUMINDS=127,	NUMLOCI=226,	MISSING=-9,	LABEL=0,	POPDATA=1,	POPFLAG=0,	PHENOTYPE=0,	EXTRACOLS=0,	MAXPOPS=6,	BURNIN=5000,	NUMREPS=10000,	USEPOPINFO=0,	INFERALPHA=1,	INFERLAMBDA=0,	POPSPECIFICLAMBDA=0,	POPALPHAS=0,	COMPUTEPROB=1,	NOADMIX=0,	ADMBURNIN=2500,	UPDATEFREQ=1,	PRINTLIKES=0,	INTERMEDSAVE=0,	PRINTKLD=0,	PRINTNET=0,	PRINTLAMBDA=0,	ANCESTDIST=0,	NUMBOXES=1000,	ANCESTPINT=0.90000,	GENSBACK=2,	MIGRPRIOR=0.05000,	PRINTQHAT=0,	PRINTQSUM=0,	ALPHA=1.0000,	FREQSCORR=1,	FPRIORMEAN=0.0100,	FPRIORSD=0.0500,	ONEFST=0,	LAMBDA=1.0000,	UNIFPRIORALPHA=1,	ALPHAMAX=10.0000,	ALPHAPRIORA=1.0000,	ALPHAPRIORB=2.0000,	ALPHAPROPSD=0.0250,	STARTATPOPINFO=0,	RANDOMIZE=1,	LINKAGE=0,	METROFREQ=10,	REPORTHITRATE=0,	MARKOVPHASE=-1,	PHASED=0,	PLOIDY=2,	PHASEINFO=0	LOCPRIOR=0, 	LOCPRIORINIT=1.000000, 	LOCDATA=0, 	LOCISPOP=0, 	LOCPRIORSTEP=0.100000, 	MAXLOCPRIOR=20.000000, 	SEED=1642737813,	
[STRAT parameters]:    NUMSIMSTATS=1000,	PHENOTYPECOL=-9,	POOLFREQ=10,	LOCUSxONLY=0,	EMERROR=0.00100,	MISSINGPHENO=-9,	