

----------------------------------------------------
STRUCTURE by Pritchard, Stephens and Donnelly (2000)
     and Falush, Stephens and Pritchard (2003)
       Code by Pritchard, Falush and Hubisz
             Version 2.3.4 (Jul 2012)
----------------------------------------------------



Command line arguments:   bin/structure -m "/Users/ddayan/FRA/small_omy_projects/sf_crooked_river_2021/structure_SFGL_Omy269/5k10kadmcorr/mainparams" -e "/Users/ddayan/FRA/small_omy_projects/sf_crooked_river_2021/structure_SFGL_Omy269/5k10kadmcorr/extraparams" 
Input File:    /Users/ddayan/FRA/small_omy_projects/sf_crooked_river_2021/structure_SFGL_Omy269/project_data

Run parameters:
   127 individuals
   226 loci
   4 populations assumed
   5000 Burn-in period
   10000 Reps


--------------------------------------------
Proportion of membership of each pre-defined
 population in each of the 4 clusters

Given    Inferred Clusters              Number of
 Pop       1      2      3      4      Individuals

  1:     0.990  0.002  0.004  0.004       35
  2:     0.004  0.803  0.012  0.181       17
  3:     0.053  0.009  0.212  0.727       41
  4:     0.006  0.981  0.005  0.008       34
--------------------------------------------

Allele-freq. divergence among pops (Net nucleotide distance),
computed using point estimates of P.

      1       2       3       4      
 1      -    0.0776  0.0585  0.0332  
 2   0.0776     -    0.0651  0.0330  
 3   0.0585  0.0651     -    0.0341  
 4   0.0332  0.0330  0.0341     -    

Average distances (expected heterozygosity) between individuals in same cluster:
cluster  1  : 0.2453 
cluster  2  : 0.3348 
cluster  3  : 0.2746 
cluster  4  : 0.3418 

--------------------------------------------
Estimated Ln Prob of Data   = -26593.5
Mean value of ln likelihood = -26333.3
Variance of ln likelihood   = 520.5
Mean value of alpha         = 0.0330

Mean value of Fst_1         = 0.2964
Mean value of Fst_2         = 0.1523
Mean value of Fst_3         = 0.2687
Mean value of Fst_4         = 0.0275


Inferred ancestry of individuals:
     (%Miss) Pop:  Inferred clusters
  1    (0)    1 :  0.996 0.001 0.001 0.002 
  2    (0)    1 :  0.982 0.005 0.008 0.005 
  3    (0)    1 :  0.995 0.001 0.001 0.002 
  4    (0)    1 :  0.994 0.001 0.001 0.003 
  5    (0)    1 :  0.994 0.003 0.001 0.002 
  6    (0)    1 :  0.993 0.002 0.003 0.002 
  7    (0)    1 :  0.997 0.001 0.001 0.001 
  8    (0)    1 :  0.995 0.001 0.002 0.002 
  9    (0)    1 :  0.996 0.001 0.001 0.002 
 10    (0)    1 :  0.994 0.001 0.002 0.004 
 11    (0)    1 :  0.924 0.003 0.065 0.007 
 12    (0)    1 :  0.979 0.008 0.002 0.010 
 13    (0)    1 :  0.995 0.001 0.004 0.001 
 14    (0)    1 :  0.995 0.001 0.003 0.001 
 15    (0)    1 :  0.997 0.001 0.001 0.001 
 16    (0)    1 :  0.995 0.001 0.003 0.002 
 17    (0)    1 :  0.981 0.001 0.002 0.016 
 18    (0)    1 :  0.950 0.019 0.001 0.030 
 19    (0)    1 :  0.995 0.001 0.003 0.001 
 20    (0)    1 :  0.996 0.001 0.002 0.002 
 21    (0)    1 :  0.992 0.002 0.002 0.004 
 22    (0)    1 :  0.992 0.002 0.003 0.003 
 23    (0)    1 :  0.996 0.000 0.002 0.002 
 24    (0)    1 :  0.997 0.001 0.001 0.001 
 25    (0)    1 :  0.993 0.003 0.002 0.002 
 26    (0)    1 :  0.996 0.001 0.002 0.001 
 27    (0)    1 :  0.997 0.001 0.001 0.001 
 28    (0)    1 :  0.991 0.001 0.002 0.006 
 29    (0)    1 :  0.995 0.001 0.002 0.002 
 30    (0)    1 :  0.997 0.001 0.001 0.001 
 31    (0)    1 :  0.994 0.002 0.002 0.002 
 32    (0)    1 :  0.994 0.002 0.003 0.002 
 33    (0)    1 :  0.997 0.001 0.001 0.001 
 34    (0)    1 :  0.998 0.001 0.001 0.001 
 35    (0)    1 :  0.994 0.001 0.002 0.003 
 36    (0)    2 :  0.006 0.865 0.004 0.125 
 37    (0)    2 :  0.007 0.985 0.002 0.007 
 38    (0)    3 :  0.003 0.002 0.037 0.957 
 39    (0)    3 :  0.013 0.004 0.002 0.981 
 40    (0)    3 :  0.089 0.014 0.003 0.894 
 41    (0)    3 :  0.005 0.025 0.006 0.965 
 42    (0)    3 :  0.005 0.032 0.140 0.823 
 43    (0)    2 :  0.001 0.996 0.001 0.002 
 44    (0)    2 :  0.010 0.036 0.019 0.936 
 45    (0)    2 :  0.001 0.992 0.003 0.004 
 46    (0)    2 :  0.003 0.985 0.002 0.010 
 47    (0)    2 :  0.012 0.728 0.127 0.133 
 48    (0)    2 :  0.012 0.248 0.004 0.736 
 49    (0)    2 :  0.012 0.389 0.005 0.594 
 50    (0)    2 :  0.001 0.990 0.001 0.008 
 51    (0)    2 :  0.002 0.983 0.007 0.008 
 52    (0)    3 :  0.014 0.004 0.017 0.965 
 53    (0)    3 :  0.042 0.005 0.003 0.950 
 54    (0)    3 :  0.009 0.004 0.005 0.982 
 55    (0)    3 :  0.009 0.040 0.003 0.949 
 56    (0)    3 :  0.002 0.001 0.995 0.002 
 57    (0)    3 :  0.091 0.004 0.005 0.900 
 58    (0)    3 :  0.004 0.004 0.016 0.976 
 59    (0)    3 :  0.006 0.083 0.003 0.908 
 60    (0)    3 :  0.001 0.002 0.995 0.002 
 61    (0)    3 :  0.002 0.001 0.995 0.002 
 62    (0)    3 :  0.003 0.002 0.023 0.971 
 63    (0)    3 :  0.006 0.002 0.007 0.985 
 64    (0)    3 :  0.455 0.002 0.003 0.541 
 65    (0)    3 :  0.397 0.001 0.002 0.600 
 66    (0)    3 :  0.308 0.003 0.002 0.688 
 67    (0)    3 :  0.186 0.019 0.013 0.782 
 68    (0)    3 :  0.001 0.001 0.996 0.002 
 69    (0)    3 :  0.402 0.029 0.001 0.569 
 70    (0)    3 :  0.003 0.002 0.991 0.004 
 71    (0)    3 :  0.005 0.001 0.991 0.002 
 72    (0)    3 :  0.005 0.002 0.991 0.002 
 73    (0)    3 :  0.006 0.004 0.259 0.731 
 74    (0)    3 :  0.006 0.002 0.002 0.990 
 75    (0)    3 :  0.004 0.001 0.003 0.993 
 76    (0)    3 :  0.002 0.002 0.003 0.993 
 77    (0)    3 :  0.003 0.006 0.027 0.964 
 78    (0)    3 :  0.025 0.002 0.041 0.932 
 79    (0)    3 :  0.003 0.002 0.003 0.991 
 80    (0)    3 :  0.003 0.002 0.005 0.990 
 81    (0)    3 :  0.008 0.003 0.017 0.973 
 82    (0)    3 :  0.006 0.012 0.004 0.977 
 83    (0)    3 :  0.010 0.003 0.012 0.975 
 84    (0)    3 :  0.008 0.002 0.068 0.922 
 85    (0)    3 :  0.001 0.001 0.996 0.001 
 86    (0)    3 :  0.004 0.015 0.002 0.979 
 87    (0)    3 :  0.012 0.006 0.003 0.980 
 88    (0)    2 :  0.001 0.996 0.001 0.002 
 89    (0)    2 :  0.002 0.993 0.002 0.004 
 90    (0)    2 :  0.001 0.995 0.002 0.002 
 91    (0)    2 :  0.002 0.482 0.013 0.503 
 92    (0)    2 :  0.001 0.986 0.006 0.007 
 93    (0)    2 :  0.001 0.997 0.001 0.002 
 94    (0)    4 :  0.002 0.993 0.002 0.003 
 95    (0)    4 :  0.003 0.990 0.003 0.004 
 96    (2)    4 :  0.002 0.979 0.013 0.006 
 97    (0)    4 :  0.007 0.964 0.009 0.020 
 98    (1)    4 :  0.006 0.961 0.006 0.027 
 99    (0)    4 :  0.004 0.982 0.007 0.007 
100    (1)    4 :  0.003 0.985 0.008 0.004 
101    (0)    4 :  0.003 0.982 0.003 0.012 
102    (0)    4 :  0.001 0.994 0.003 0.002 
103    (0)    4 :  0.010 0.969 0.007 0.014 
104    (1)    4 :  0.004 0.983 0.010 0.004 
105    (1)    4 :  0.002 0.994 0.002 0.002 
106    (2)    4 :  0.003 0.983 0.009 0.005 
107    (1)    4 :  0.001 0.994 0.002 0.003 
108    (0)    4 :  0.005 0.981 0.009 0.005 
109    (1)    4 :  0.017 0.976 0.002 0.005 
110    (3)    4 :  0.002 0.989 0.007 0.002 
111    (0)    4 :  0.008 0.978 0.003 0.012 
112    (1)    4 :  0.003 0.989 0.003 0.005 
113    (1)    4 :  0.001 0.994 0.003 0.002 
114    (0)    4 :  0.001 0.996 0.001 0.001 
115    (1)    4 :  0.003 0.993 0.002 0.002 
116    (1)    4 :  0.005 0.939 0.012 0.045 
117    (0)    4 :  0.014 0.978 0.002 0.006 
118    (3)    4 :  0.002 0.992 0.003 0.003 
119    (2)    4 :  0.034 0.951 0.005 0.009 
120    (2)    4 :  0.003 0.984 0.004 0.010 
121    (0)    4 :  0.017 0.976 0.002 0.005 
122    (1)    4 :  0.002 0.986 0.008 0.004 
123    (0)    4 :  0.001 0.996 0.001 0.002 
124   (15)    4 :  0.004 0.975 0.008 0.013 
125    (1)    4 :  0.015 0.965 0.002 0.018 
126    (0)    4 :  0.002 0.972 0.018 0.008 
127    (2)    4 :  0.004 0.989 0.004 0.003 


Estimated Allele Frequencies in each cluster
First column gives estimated ancestral frequencies


Locus 1 : 
2 alleles
0.0% missing data
   3   (0.933) 0.998 0.903 0.990 0.951 
   2   (0.067) 0.002 0.097 0.010 0.049 

Locus 2 : 
2 alleles
0.0% missing data
   2   (0.349) 0.168 0.367 0.052 0.384 
   3   (0.651) 0.832 0.633 0.948 0.616 

Locus 3 : 
2 alleles
0.0% missing data
   2   (0.356) 0.252 0.339 0.224 0.356 
   4   (0.644) 0.748 0.661 0.776 0.644 

Locus 4 : 
2 alleles
0.0% missing data
   1   (0.699) 0.886 0.925 0.376 0.681 
   4   (0.301) 0.114 0.075 0.624 0.319 

Locus 5 : 
2 alleles
3.1% missing data
   2   (0.813) 0.952 0.740 0.974 0.820 
   1   (0.187) 0.048 0.260 0.026 0.180 

Locus 6 : 
2 alleles
2.4% missing data
   1   (0.218) 0.382 0.193 0.033 0.204 
   3   (0.782) 0.618 0.807 0.967 0.796 

Locus 7 : 
2 alleles
0.0% missing data
   2   (0.626) 0.457 0.417 0.948 0.635 
   3   (0.374) 0.543 0.583 0.052 0.365 

Locus 8 : 
2 alleles
2.4% missing data
   1   (0.243) 0.261 0.168 0.247 0.217 
   2   (0.757) 0.739 0.832 0.753 0.783 

Locus 9 : 
2 alleles
0.8% missing data
   4   (0.962) 0.999 0.825 0.995 0.986 
   1   (0.038) 0.001 0.175 0.005 0.014 

Locus 10 : 
2 alleles
0.0% missing data
   3   (0.734) 0.991 0.519 0.656 0.747 
   2   (0.266) 0.009 0.481 0.344 0.253 

Locus 11 : 
2 alleles
0.0% missing data
   2   (0.957) 0.999 0.773 0.994 0.982 
   1   (0.043) 0.001 0.227 0.006 0.018 

Locus 12 : 
2 alleles
0.0% missing data
   1   (0.515) 0.822 0.282 0.239 0.556 
   4   (0.485) 0.178 0.718 0.761 0.444 

Locus 13 : 
2 alleles
0.8% missing data
   2   (0.689) 0.800 0.589 0.797 0.712 
   4   (0.311) 0.200 0.411 0.203 0.288 

Locus 14 : 
2 alleles
0.0% missing data
   4   (0.688) 0.799 0.579 0.545 0.733 
   2   (0.312) 0.201 0.421 0.455 0.267 

Locus 15 : 
2 alleles
0.0% missing data
   4   (0.870) 0.995 0.881 0.983 0.860 
   2   (0.130) 0.005 0.119 0.017 0.140 

Locus 16 : 
2 alleles
0.0% missing data
   1   (0.395) 0.689 0.384 0.451 0.358 
   4   (0.605) 0.311 0.616 0.549 0.642 

Locus 17 : 
2 alleles
0.0% missing data
   4   (0.906) 0.997 0.936 0.870 0.932 
   3   (0.094) 0.003 0.064 0.130 0.068 

Locus 18 : 
2 alleles
0.0% missing data
   2   (0.785) 0.786 0.789 0.969 0.788 
   3   (0.215) 0.214 0.211 0.031 0.212 

Locus 19 : 
2 alleles
0.8% missing data
   4   (0.870) 0.984 0.819 0.982 0.886 
   2   (0.130) 0.016 0.181 0.018 0.114 

Locus 20 : 
2 alleles
0.0% missing data
   2   (0.667) 0.563 0.660 0.949 0.651 
   3   (0.333) 0.437 0.340 0.051 0.349 

Locus 21 : 
2 alleles
0.8% missing data
   2   (0.351) 0.208 0.447 0.262 0.331 
   3   (0.649) 0.792 0.553 0.738 0.669 

Locus 22 : 
2 alleles
0.0% missing data
   4   (0.814) 0.872 0.727 0.701 0.871 
   2   (0.186) 0.128 0.273 0.299 0.129 

Locus 23 : 
2 alleles
2.4% missing data
   1   (0.359) 0.565 0.399 0.473 0.310 
   4   (0.641) 0.435 0.601 0.527 0.690 

Locus 24 : 
2 alleles
0.0% missing data
   3   (0.739) 0.991 0.612 0.962 0.690 
   2   (0.261) 0.009 0.388 0.038 0.310 

Locus 25 : 
2 alleles
0.0% missing data
   3   (0.709) 0.490 0.715 0.958 0.707 
   2   (0.291) 0.510 0.285 0.042 0.293 

Locus 26 : 
2 alleles
0.8% missing data
   2   (0.571) 0.722 0.550 0.935 0.520 
   4   (0.429) 0.278 0.450 0.065 0.480 

Locus 27 : 
2 alleles
1.6% missing data
   1   (0.590) 0.753 0.629 0.191 0.618 
   4   (0.410) 0.247 0.371 0.809 0.382 

Locus 28 : 
2 alleles
3.9% missing data
   3   (0.521) 0.584 0.659 0.284 0.515 
   2   (0.479) 0.416 0.341 0.716 0.485 

Locus 29 : 
2 alleles
0.0% missing data
   4   (0.194) 0.436 0.352 0.346 0.119 
   1   (0.806) 0.564 0.648 0.654 0.881 

Locus 30 : 
2 alleles
0.0% missing data
   1   (0.426) 0.572 0.460 0.494 0.394 
   4   (0.574) 0.428 0.540 0.506 0.606 

Locus 31 : 
2 alleles
3.1% missing data
   2   (0.285) 0.502 0.302 0.044 0.282 
   4   (0.715) 0.498 0.698 0.956 0.718 

Locus 32 : 
2 alleles
0.0% missing data
   4   (0.533) 0.646 0.660 0.351 0.525 
   3   (0.467) 0.354 0.340 0.649 0.475 

Locus 33 : 
2 alleles
0.8% missing data
   2   (0.534) 0.569 0.616 0.442 0.530 
   3   (0.466) 0.431 0.384 0.558 0.470 

Locus 34 : 
2 alleles
0.0% missing data
   3   (0.497) 0.606 0.566 0.451 0.482 
   2   (0.503) 0.394 0.434 0.549 0.518 

Locus 35 : 
2 alleles
0.0% missing data
   4   (0.653) 0.988 0.794 0.689 0.578 
   1   (0.347) 0.012 0.206 0.311 0.422 

Locus 36 : 
2 alleles
0.0% missing data
   4   (0.651) 0.786 0.418 0.949 0.645 
   1   (0.349) 0.214 0.582 0.051 0.355 

Locus 37 : 
2 alleles
0.8% missing data
   2   (0.563) 0.812 0.450 0.734 0.557 
   3   (0.437) 0.188 0.550 0.266 0.443 

Locus 38 : 
2 alleles
0.8% missing data
   1   (0.910) 0.997 0.987 0.789 0.920 
   2   (0.090) 0.003 0.013 0.211 0.080 

Locus 39 : 
2 alleles
1.6% missing data
   2   (0.598) 0.962 0.345 0.523 0.612 
   4   (0.402) 0.038 0.655 0.477 0.388 

Locus 40 : 
2 alleles
0.0% missing data
   1   (0.387) 0.399 0.814 0.487 0.299 
   4   (0.613) 0.601 0.186 0.513 0.701 

Locus 41 : 
2 alleles
0.0% missing data
   2   (0.912) 0.933 0.622 0.988 0.958 
   1   (0.088) 0.067 0.378 0.012 0.042 

Locus 42 : 
2 alleles
0.0% missing data
   2   (0.541) 0.526 0.606 0.528 0.536 
   4   (0.459) 0.474 0.394 0.472 0.464 

Locus 43 : 
2 alleles
0.0% missing data
   2   (0.412) 0.366 0.680 0.442 0.357 
   4   (0.588) 0.634 0.320 0.558 0.643 

Locus 44 : 
3 alleles
1.6% missing data
   3   (0.856) 0.835 0.918 0.978 0.885 
   2   (0.111) 0.164 0.079 0.017 0.085 
   0   (0.033) 0.001 0.003 0.005 0.030 

Locus 45 : 
2 alleles
0.0% missing data
   1   (0.806) 0.984 0.789 0.969 0.785 
   2   (0.194) 0.016 0.211 0.031 0.215 

Locus 46 : 
2 alleles
0.0% missing data
   4   (0.881) 0.996 0.954 0.770 0.895 
   2   (0.119) 0.004 0.046 0.230 0.105 

Locus 47 : 
2 alleles
0.0% missing data
   2   (0.870) 0.957 0.950 0.704 0.908 
   1   (0.130) 0.043 0.050 0.296 0.092 

Locus 48 : 
2 alleles
1.6% missing data
   2   (0.570) 0.430 0.524 0.845 0.568 
   4   (0.430) 0.570 0.476 0.155 0.432 

Locus 49 : 
2 alleles
0.0% missing data
   1   (0.738) 0.914 0.648 0.790 0.765 
   2   (0.262) 0.086 0.352 0.210 0.235 

Locus 50 : 
2 alleles
0.0% missing data
   4   (0.735) 0.436 0.738 0.637 0.790 
   1   (0.265) 0.564 0.262 0.363 0.210 

Locus 51 : 
2 alleles
0.0% missing data
   3   (0.503) 0.566 0.669 0.552 0.469 
   2   (0.497) 0.434 0.331 0.448 0.531 

Locus 52 : 
2 alleles
0.8% missing data
   4   (0.914) 0.997 0.878 0.988 0.927 
   2   (0.086) 0.003 0.122 0.012 0.073 

Locus 53 : 
2 alleles
0.0% missing data
   4   (0.929) 0.998 0.629 0.743 0.973 
   2   (0.071) 0.002 0.371 0.257 0.027 

Locus 54 : 
2 alleles
3.1% missing data
   3   (0.585) 0.834 0.706 0.661 0.548 
   4   (0.415) 0.166 0.294 0.339 0.452 

Locus 55 : 
2 alleles
0.0% missing data
   2   (0.613) 0.593 0.773 0.780 0.586 
   1   (0.387) 0.407 0.227 0.220 0.414 

Locus 56 : 
3 alleles
2.4% missing data
   1   (0.772) 0.993 0.729 0.616 0.819 
   0   (0.088) 0.003 0.025 0.113 0.070 
   4   (0.140) 0.004 0.246 0.270 0.111 

Locus 57 : 
2 alleles
0.0% missing data
   4   (0.895) 0.997 0.647 0.986 0.914 
   1   (0.105) 0.003 0.353 0.014 0.086 

Locus 58 : 
2 alleles
0.0% missing data
   4   (0.872) 0.985 0.969 0.980 0.852 
   2   (0.128) 0.015 0.031 0.020 0.148 

Locus 59 : 
2 alleles
0.0% missing data
   3   (0.867) 0.890 0.952 0.981 0.876 
   2   (0.133) 0.110 0.048 0.019 0.124 

Locus 60 : 
2 alleles
0.0% missing data
   4   (0.755) 0.992 0.682 0.765 0.748 
   2   (0.245) 0.008 0.318 0.235 0.252 

Locus 61 : 
2 alleles
0.0% missing data
   4   (0.874) 0.996 0.780 0.831 0.905 
   2   (0.126) 0.004 0.220 0.169 0.095 

Locus 62 : 
2 alleles
0.0% missing data
   2   (0.749) 0.913 0.467 0.965 0.767 
   1   (0.251) 0.087 0.533 0.035 0.233 

Locus 63 : 
2 alleles
0.0% missing data
   2   (0.421) 0.641 0.218 0.710 0.407 
   1   (0.579) 0.359 0.782 0.290 0.593 

Locus 64 : 
2 alleles
0.0% missing data
   4   (0.829) 0.994 0.842 0.762 0.839 
   2   (0.171) 0.006 0.158 0.238 0.161 

Locus 65 : 
2 alleles
0.8% missing data
   1   (0.884) 0.996 0.746 0.979 0.896 
   4   (0.116) 0.004 0.254 0.021 0.104 

Locus 66 : 
3 alleles
1.6% missing data
   3   (0.598) 0.661 0.691 0.537 0.617 
   2   (0.372) 0.338 0.266 0.459 0.372 
   0   (0.031) 0.001 0.043 0.004 0.011 

Locus 67 : 
2 alleles
0.0% missing data
   1   (0.126) 0.031 0.038 0.234 0.095 
   3   (0.874) 0.969 0.962 0.766 0.905 

Locus 68 : 
2 alleles
0.0% missing data
   2   (0.522) 0.737 0.334 0.182 0.572 
   3   (0.478) 0.263 0.666 0.818 0.428 

Locus 69 : 
2 alleles
0.0% missing data
   4   (0.795) 0.993 0.510 0.689 0.829 
   2   (0.205) 0.007 0.490 0.311 0.171 

Locus 70 : 
3 alleles
0.0% missing data
   1   (0.342) 0.700 0.027 0.800 0.367 
   3   (0.620) 0.147 0.971 0.194 0.617 
   0   (0.037) 0.153 0.002 0.005 0.016 

Locus 71 : 
2 alleles
3.1% missing data
   2   (0.560) 0.215 0.743 0.508 0.569 
   4   (0.440) 0.785 0.257 0.492 0.431 

Locus 72 : 
2 alleles
1.6% missing data
   3   (0.548) 0.710 0.701 0.324 0.536 
   1   (0.452) 0.290 0.299 0.676 0.464 

Locus 73 : 
2 alleles
0.0% missing data
   1   (0.309) 0.537 0.350 0.486 0.252 
   2   (0.691) 0.463 0.650 0.514 0.748 

Locus 74 : 
2 alleles
1.6% missing data
   2   (0.825) 0.982 0.938 0.974 0.783 
   3   (0.175) 0.018 0.062 0.026 0.217 

Locus 75 : 
2 alleles
0.0% missing data
   3   (0.483) 0.789 0.660 0.161 0.462 
   1   (0.517) 0.211 0.340 0.839 0.538 

Locus 76 : 
2 alleles
0.0% missing data
   2   (0.430) 0.923 0.183 0.648 0.404 
   1   (0.570) 0.077 0.817 0.352 0.596 

Locus 77 : 
2 alleles
0.0% missing data
   4   (0.314) 0.481 0.102 0.310 0.320 
   1   (0.686) 0.519 0.898 0.690 0.680 

Locus 78 : 
2 alleles
0.0% missing data
   3   (0.715) 0.990 0.824 0.525 0.682 
   2   (0.285) 0.010 0.176 0.475 0.318 

Locus 79 : 
2 alleles
0.0% missing data
   2   (0.569) 0.718 0.522 0.840 0.550 
   3   (0.431) 0.282 0.478 0.160 0.450 

Locus 80 : 
2 alleles
0.0% missing data
   4   (0.809) 0.872 0.786 0.709 0.859 
   2   (0.191) 0.128 0.214 0.291 0.141 

Locus 81 : 
2 alleles
0.0% missing data
   3   (0.473) 0.339 0.582 0.070 0.518 
   2   (0.527) 0.661 0.418 0.930 0.482 

Locus 82 : 
2 alleles
0.0% missing data
   2   (0.741) 0.719 0.687 0.749 0.786 
   3   (0.259) 0.281 0.313 0.251 0.214 

Locus 83 : 
2 alleles
0.0% missing data
   3   (0.729) 0.881 0.470 0.959 0.744 
   2   (0.271) 0.119 0.530 0.041 0.256 

Locus 84 : 
2 alleles
0.0% missing data
   3   (0.534) 0.441 0.414 0.305 0.584 
   2   (0.466) 0.559 0.586 0.695 0.416 

Locus 85 : 
2 alleles
0.0% missing data
   3   (0.752) 0.874 0.818 0.631 0.777 
   4   (0.248) 0.126 0.182 0.369 0.223 

Locus 86 : 
2 alleles
0.0% missing data
   3   (0.530) 0.444 0.847 0.080 0.537 
   2   (0.470) 0.556 0.153 0.920 0.463 

Locus 87 : 
3 alleles
4.7% missing data
   1   (0.546) 0.714 0.429 0.491 0.580 
   4   (0.423) 0.285 0.557 0.484 0.404 
   0   (0.031) 0.001 0.014 0.025 0.015 

Locus 88 : 
2 alleles
1.6% missing data
   3   (0.814) 0.994 0.673 0.974 0.796 
   1   (0.186) 0.006 0.327 0.026 0.204 

Locus 89 : 
2 alleles
0.0% missing data
   1   (0.564) 0.895 0.425 0.489 0.572 
   4   (0.436) 0.105 0.575 0.511 0.428 

Locus 90 : 
2 alleles
0.8% missing data
   3   (0.742) 0.762 0.603 0.544 0.806 
   2   (0.258) 0.238 0.397 0.456 0.194 

Locus 91 : 
2 alleles
0.0% missing data
   2   (0.685) 0.691 0.719 0.744 0.703 
   4   (0.315) 0.309 0.281 0.256 0.297 

Locus 92 : 
2 alleles
0.0% missing data
   2   (0.773) 0.956 0.737 0.746 0.800 
   4   (0.227) 0.044 0.263 0.254 0.200 

Locus 93 : 
2 alleles
0.0% missing data
   4   (0.908) 0.997 0.877 0.986 0.918 
   1   (0.092) 0.003 0.123 0.014 0.082 

Locus 94 : 
2 alleles
0.0% missing data
   3   (0.790) 0.748 0.873 0.966 0.785 
   1   (0.210) 0.252 0.127 0.034 0.215 

Locus 95 : 
2 alleles
0.0% missing data
   1   (0.061) 0.069 0.004 0.008 0.049 
   3   (0.939) 0.931 0.996 0.992 0.951 

Locus 96 : 
2 alleles
0.0% missing data
   3   (0.555) 0.802 0.487 0.534 0.559 
   2   (0.445) 0.198 0.513 0.466 0.441 

Locus 97 : 
2 alleles
0.0% missing data
   2   (0.734) 0.992 0.638 0.756 0.721 
   1   (0.266) 0.008 0.362 0.244 0.279 

Locus 98 : 
2 alleles
0.0% missing data
   4   (0.761) 0.992 0.613 0.963 0.727 
   2   (0.239) 0.008 0.387 0.037 0.273 

Locus 99 : 
2 alleles
0.8% missing data
   4   (0.843) 0.995 0.622 0.758 0.876 
   1   (0.157) 0.005 0.378 0.242 0.124 

Locus 100 : 
2 alleles
0.8% missing data
   3   (0.431) 0.211 0.508 0.659 0.410 
   2   (0.569) 0.789 0.492 0.341 0.590 

Locus 101 : 
3 alleles
0.0% missing data
   4   (0.482) 0.434 0.091 0.507 0.571 
   2   (0.439) 0.538 0.904 0.482 0.342 
   0   (0.079) 0.028 0.005 0.010 0.087 

Locus 102 : 
2 alleles
2.4% missing data
   2   (0.763) 0.899 0.891 0.699 0.769 
   4   (0.237) 0.101 0.109 0.301 0.231 

Locus 103 : 
3 alleles
0.0% missing data
   4   (0.117) 0.521 0.025 0.016 0.097 
   2   (0.789) 0.476 0.969 0.967 0.752 
   0   (0.095) 0.003 0.005 0.017 0.151 

Locus 104 : 
2 alleles
0.0% missing data
   3   (0.308) 0.565 0.178 0.149 0.305 
   2   (0.692) 0.435 0.822 0.851 0.695 

Locus 105 : 
2 alleles
0.0% missing data
   4   (0.490) 0.413 0.417 0.503 0.505 
   1   (0.510) 0.587 0.583 0.497 0.495 

Locus 106 : 
2 alleles
0.0% missing data
   1   (0.154) 0.176 0.180 0.021 0.129 
   2   (0.846) 0.824 0.820 0.979 0.871 

Locus 107 : 
2 alleles
0.0% missing data
   1   (0.591) 0.792 0.481 0.395 0.618 
   4   (0.409) 0.208 0.519 0.605 0.382 

Locus 108 : 
2 alleles
0.0% missing data
   2   (0.750) 0.928 0.826 0.695 0.763 
   4   (0.250) 0.072 0.174 0.305 0.237 

Locus 109 : 
2 alleles
0.0% missing data
   3   (0.800) 0.966 0.794 0.809 0.824 
   2   (0.200) 0.034 0.206 0.191 0.176 

Locus 110 : 
2 alleles
0.0% missing data
   2   (0.921) 0.997 0.917 0.988 0.932 
   1   (0.079) 0.003 0.083 0.012 0.068 

Locus 111 : 
2 alleles
0.0% missing data
   1   (0.847) 0.994 0.733 0.979 0.842 
   2   (0.153) 0.006 0.267 0.021 0.158 

Locus 112 : 
2 alleles
7.1% missing data
   3   (0.837) 0.995 0.876 0.755 0.846 
   2   (0.163) 0.005 0.124 0.245 0.154 

Locus 113 : 
2 alleles
0.0% missing data
   2   (0.661) 0.742 0.865 0.949 0.587 
   3   (0.339) 0.258 0.135 0.051 0.413 

Locus 114 : 
2 alleles
0.0% missing data
   4   (0.720) 0.804 0.702 0.959 0.705 
   2   (0.280) 0.196 0.298 0.041 0.295 

Locus 115 : 
2 alleles
0.0% missing data
   3   (0.461) 0.341 0.535 0.651 0.438 
   2   (0.539) 0.659 0.465 0.349 0.562 

Locus 116 : 
2 alleles
0.0% missing data
   4   (0.446) 0.689 0.573 0.483 0.399 
   3   (0.554) 0.311 0.427 0.517 0.601 

Locus 117 : 
2 alleles
0.0% missing data
   2   (0.885) 0.995 0.895 0.983 0.883 
   3   (0.115) 0.005 0.105 0.017 0.117 

Locus 118 : 
2 alleles
0.0% missing data
   2   (0.901) 0.997 0.912 0.987 0.900 
   1   (0.099) 0.003 0.088 0.013 0.100 

Locus 119 : 
3 alleles
0.0% missing data
   2   (0.914) 0.971 0.917 0.589 0.969 
   0   (0.029) 0.027 0.002 0.004 0.010 
   3   (0.057) 0.002 0.081 0.407 0.020 

Locus 120 : 
2 alleles
0.0% missing data
   1   (0.924) 0.997 0.957 0.987 0.935 
   2   (0.076) 0.003 0.043 0.013 0.065 

Locus 121 : 
2 alleles
0.0% missing data
   3   (0.722) 0.656 0.825 0.851 0.727 
   4   (0.278) 0.344 0.175 0.149 0.273 

Locus 122 : 
2 alleles
0.0% missing data
   1   (0.966) 0.900 0.998 0.995 0.985 
   0   (0.034) 0.100 0.002 0.005 0.015 

Locus 123 : 
3 alleles
1.6% missing data
   2   (0.714) 0.914 0.341 0.845 0.769 
   3   (0.257) 0.032 0.657 0.151 0.221 
   0   (0.029) 0.054 0.002 0.004 0.010 

Locus 124 : 
2 alleles
0.8% missing data
   1   (0.829) 0.994 0.752 0.976 0.811 
   3   (0.171) 0.006 0.248 0.024 0.189 

Locus 125 : 
2 alleles
0.0% missing data
   1   (0.889) 0.996 0.985 0.549 0.892 
   2   (0.111) 0.004 0.015 0.451 0.108 

Locus 126 : 
2 alleles
0.0% missing data
   4   (0.232) 0.242 0.315 0.293 0.180 
   2   (0.768) 0.758 0.685 0.707 0.820 

Locus 127 : 
2 alleles
0.0% missing data
   3   (0.684) 0.989 0.389 0.531 0.702 
   2   (0.316) 0.011 0.611 0.469 0.298 

Locus 128 : 
2 alleles
0.8% missing data
   3   (0.784) 0.798 0.948 0.662 0.790 
   2   (0.216) 0.202 0.052 0.338 0.210 

Locus 129 : 
2 alleles
0.8% missing data
   1   (0.760) 0.978 0.925 0.768 0.725 
   3   (0.240) 0.022 0.075 0.232 0.275 

Locus 130 : 
2 alleles
0.0% missing data
   3   (0.890) 0.997 0.927 0.983 0.880 
   2   (0.110) 0.003 0.073 0.017 0.120 

Locus 131 : 
2 alleles
0.0% missing data
   4   (0.656) 0.331 0.891 0.584 0.652 
   1   (0.344) 0.669 0.109 0.416 0.348 

Locus 132 : 
2 alleles
0.0% missing data
   2   (0.805) 0.994 0.906 0.826 0.780 
   4   (0.195) 0.006 0.094 0.174 0.220 

Locus 133 : 
2 alleles
0.0% missing data
   3   (0.476) 0.843 0.523 0.069 0.490 
   2   (0.524) 0.157 0.477 0.931 0.510 

Locus 134 : 
2 alleles
0.8% missing data
   3   (0.772) 0.908 0.664 0.965 0.779 
   2   (0.228) 0.092 0.336 0.035 0.221 

Locus 135 : 
2 alleles
0.0% missing data
   3   (0.624) 0.897 0.599 0.516 0.630 
   2   (0.376) 0.103 0.401 0.484 0.370 

Locus 136 : 
2 alleles
0.0% missing data
   4   (0.900) 0.997 0.559 0.984 0.926 
   2   (0.100) 0.003 0.441 0.016 0.074 

Locus 137 : 
2 alleles
0.0% missing data
   2   (0.931) 0.997 0.988 0.990 0.927 
   3   (0.069) 0.003 0.012 0.010 0.073 

Locus 138 : 
2 alleles
0.8% missing data
   1   (0.678) 0.492 0.811 0.692 0.688 
   3   (0.322) 0.508 0.189 0.308 0.312 

Locus 139 : 
2 alleles
0.8% missing data
   2   (0.639) 0.404 0.518 0.449 0.705 
   3   (0.361) 0.596 0.482 0.551 0.295 

Locus 140 : 
2 alleles
0.0% missing data
   4   (0.698) 0.910 0.824 0.642 0.688 
   3   (0.302) 0.090 0.176 0.358 0.312 

Locus 141 : 
2 alleles
0.0% missing data
   1   (0.711) 0.771 0.620 0.692 0.753 
   4   (0.289) 0.229 0.380 0.308 0.247 

Locus 142 : 
2 alleles
0.0% missing data
   3   (0.639) 0.595 0.870 0.355 0.638 
   2   (0.361) 0.405 0.130 0.645 0.362 

Locus 143 : 
2 alleles
0.0% missing data
   2   (0.937) 0.998 0.967 0.992 0.949 
   3   (0.063) 0.002 0.033 0.008 0.051 

Locus 144 : 
3 alleles
0.8% missing data
   4   (0.599) 0.941 0.462 0.722 0.596 
   1   (0.371) 0.032 0.536 0.274 0.393 
   0   (0.030) 0.027 0.002 0.004 0.011 

Locus 145 : 
2 alleles
0.0% missing data
   1   (0.172) 0.274 0.050 0.024 0.181 
   3   (0.828) 0.726 0.950 0.976 0.819 

Locus 146 : 
2 alleles
0.0% missing data
   4   (0.916) 0.997 0.877 0.987 0.932 
   1   (0.084) 0.003 0.123 0.013 0.068 

Locus 147 : 
2 alleles
0.8% missing data
   1   (0.367) 0.404 0.187 0.536 0.366 
   4   (0.633) 0.596 0.813 0.464 0.634 

Locus 148 : 
2 alleles
0.0% missing data
   3   (0.736) 0.606 0.984 0.327 0.702 
   1   (0.264) 0.394 0.016 0.673 0.298 

Locus 149 : 
3 alleles
1.6% missing data
   2   (0.501) 0.588 0.441 0.190 0.553 
   3   (0.446) 0.409 0.535 0.803 0.410 
   0   (0.053) 0.003 0.024 0.007 0.036 

Locus 150 : 
2 alleles
0.0% missing data
   1   (0.707) 0.902 0.801 0.956 0.657 
   4   (0.293) 0.098 0.199 0.044 0.343 

Locus 151 : 
2 alleles
0.0% missing data
   3   (0.733) 0.406 0.887 0.963 0.709 
   2   (0.267) 0.594 0.113 0.037 0.291 

Locus 152 : 
2 alleles
0.0% missing data
   4   (0.926) 0.997 0.995 0.830 0.930 
   2   (0.074) 0.003 0.005 0.170 0.070 

Locus 153 : 
2 alleles
0.0% missing data
   1   (0.642) 0.681 0.499 0.654 0.681 
   4   (0.358) 0.319 0.501 0.346 0.319 

Locus 154 : 
2 alleles
0.8% missing data
   1   (0.545) 0.893 0.108 0.512 0.612 
   3   (0.455) 0.107 0.892 0.488 0.388 

Locus 155 : 
2 alleles
0.0% missing data
   3   (0.557) 0.849 0.634 0.771 0.509 
   4   (0.443) 0.151 0.366 0.229 0.491 

Locus 156 : 
2 alleles
0.8% missing data
   1   (0.812) 0.972 0.218 0.973 0.860 
   2   (0.188) 0.028 0.782 0.027 0.140 

Locus 157 : 
2 alleles
0.0% missing data
   4   (0.575) 0.752 0.558 0.667 0.568 
   2   (0.425) 0.248 0.442 0.333 0.432 

Locus 158 : 
2 alleles
0.8% missing data
   1   (0.700) 0.759 0.900 0.800 0.674 
   2   (0.300) 0.241 0.100 0.200 0.326 

Locus 159 : 
3 alleles
0.8% missing data
   2   (0.832) 0.863 0.519 0.977 0.867 
   0   (0.072) 0.134 0.004 0.010 0.062 
   3   (0.096) 0.003 0.477 0.013 0.071 

Locus 160 : 
3 alleles
0.0% missing data
   1   (0.453) 0.469 0.183 0.476 0.498 
   3   (0.511) 0.530 0.815 0.518 0.471 
   0   (0.035) 0.001 0.002 0.006 0.031 

Locus 161 : 
2 alleles
0.8% missing data
   1   (0.519) 0.512 0.536 0.181 0.551 
   4   (0.481) 0.488 0.464 0.819 0.449 

Locus 162 : 
3 alleles
3.1% missing data
   1   (0.895) 0.997 0.933 0.986 0.920 
   0   (0.074) 0.002 0.043 0.010 0.069 
   2   (0.031) 0.001 0.023 0.004 0.011 

Locus 163 : 
2 alleles
0.0% missing data
   2   (0.878) 0.856 0.658 0.982 0.923 
   3   (0.122) 0.144 0.342 0.018 0.077 

Locus 164 : 
3 alleles
0.8% missing data
   4   (0.868) 0.809 0.856 0.983 0.922 
   1   (0.101) 0.190 0.122 0.014 0.067 
   0   (0.030) 0.001 0.022 0.004 0.011 

Locus 165 : 
2 alleles
0.0% missing data
   4   (0.799) 0.830 0.682 0.857 0.850 
   1   (0.201) 0.170 0.318 0.143 0.150 

Locus 166 : 
2 alleles
0.8% missing data
   2   (0.863) 0.984 0.503 0.977 0.897 
   3   (0.137) 0.016 0.497 0.023 0.103 

Locus 167 : 
2 alleles
0.0% missing data
   2   (0.657) 0.760 0.247 0.648 0.730 
   3   (0.343) 0.240 0.753 0.352 0.270 

Locus 168 : 
2 alleles
0.0% missing data
   3   (0.730) 0.910 0.785 0.742 0.740 
   2   (0.270) 0.090 0.215 0.258 0.260 

Locus 169 : 
3 alleles
2.4% missing data
   4   (0.399) 0.560 0.152 0.168 0.458 
   3   (0.547) 0.386 0.845 0.825 0.504 
   0   (0.054) 0.055 0.003 0.007 0.038 

Locus 170 : 
2 alleles
0.0% missing data
   1   (0.756) 0.551 0.692 0.538 0.822 
   3   (0.244) 0.449 0.308 0.462 0.178 

Locus 171 : 
3 alleles
3.1% missing data
   2   (0.827) 0.956 0.653 0.974 0.880 
   3   (0.141) 0.043 0.301 0.022 0.108 
   0   (0.032) 0.001 0.046 0.004 0.012 

Locus 172 : 
2 alleles
0.0% missing data
   4   (0.724) 0.611 0.724 0.957 0.723 
   1   (0.276) 0.389 0.276 0.043 0.277 

Locus 173 : 
2 alleles
0.0% missing data
   2   (0.770) 0.535 0.779 0.549 0.831 
   3   (0.230) 0.465 0.221 0.451 0.169 

Locus 174 : 
2 alleles
0.0% missing data
   4   (0.738) 0.812 0.699 0.847 0.762 
   1   (0.262) 0.188 0.301 0.153 0.238 

Locus 175 : 
2 alleles
0.0% missing data
   2   (0.728) 0.768 0.627 0.857 0.762 
   4   (0.272) 0.232 0.373 0.143 0.238 

Locus 176 : 
2 alleles
0.8% missing data
   4   (0.951) 0.998 0.996 0.993 0.945 
   1   (0.049) 0.002 0.004 0.007 0.055 

Locus 177 : 
2 alleles
0.0% missing data
   3   (0.489) 0.534 0.689 0.656 0.437 
   2   (0.511) 0.466 0.311 0.344 0.563 

Locus 178 : 
3 alleles
2.4% missing data
   3   (0.605) 0.651 0.825 0.623 0.588 
   2   (0.366) 0.348 0.174 0.277 0.402 
   0   (0.029) 0.001 0.002 0.100 0.010 

Locus 179 : 
2 alleles
0.0% missing data
   3   (0.899) 0.967 0.843 0.986 0.931 
   2   (0.101) 0.033 0.157 0.014 0.069 

Locus 180 : 
3 alleles
1.6% missing data
   3   (0.544) 0.797 0.180 0.669 0.586 
   2   (0.408) 0.202 0.817 0.324 0.357 
   0   (0.048) 0.001 0.003 0.007 0.057 

Locus 181 : 
2 alleles
0.0% missing data
   2   (0.729) 0.746 0.559 0.959 0.745 
   1   (0.271) 0.254 0.441 0.041 0.255 

Locus 182 : 
2 alleles
1.6% missing data
   4   (0.786) 0.536 0.916 0.868 0.808 
   2   (0.214) 0.464 0.084 0.132 0.192 

Locus 183 : 
2 alleles
0.0% missing data
   4   (0.885) 0.905 0.974 0.980 0.892 
   2   (0.115) 0.095 0.026 0.020 0.108 

Locus 184 : 
2 alleles
0.0% missing data
   2   (0.888) 0.971 0.963 0.787 0.923 
   3   (0.112) 0.029 0.037 0.213 0.077 

Locus 185 : 
2 alleles
0.0% missing data
   2   (0.776) 0.809 0.729 0.546 0.834 
   3   (0.224) 0.191 0.271 0.454 0.166 

Locus 186 : 
2 alleles
0.0% missing data
   2   (0.912) 0.637 0.995 0.988 0.914 
   3   (0.088) 0.363 0.005 0.012 0.086 

Locus 187 : 
2 alleles
0.0% missing data
   3   (0.905) 0.958 0.968 0.781 0.947 
   2   (0.095) 0.042 0.032 0.219 0.053 

Locus 188 : 
2 alleles
2.4% missing data
   2   (0.750) 0.742 0.570 0.965 0.770 
   3   (0.250) 0.258 0.430 0.035 0.230 

Locus 189 : 
3 alleles
3.1% missing data
   3   (0.645) 0.496 0.589 0.749 0.700 
   1   (0.300) 0.502 0.363 0.244 0.262 
   0   (0.055) 0.002 0.047 0.008 0.038 

Locus 190 : 
2 alleles
0.0% missing data
   1   (0.878) 0.995 0.953 0.983 0.851 
   5   (0.122) 0.005 0.047 0.017 0.149 

Locus 191 : 
2 alleles
0.0% missing data
   1   (0.801) 0.680 0.989 0.829 0.764 
   5   (0.199) 0.320 0.011 0.171 0.236 

Locus 192 : 
2 alleles
0.0% missing data
   2   (0.583) 0.791 0.514 0.245 0.615 
   1   (0.417) 0.209 0.486 0.755 0.385 

Locus 193 : 
2 alleles
2.4% missing data
   1   (0.934) 0.998 0.905 0.991 0.954 
   4   (0.066) 0.002 0.095 0.009 0.046 

Locus 194 : 
2 alleles
0.0% missing data
   3   (0.785) 0.992 0.678 0.970 0.752 
   2   (0.215) 0.008 0.322 0.030 0.248 

Locus 195 : 
2 alleles
6.3% missing data
   4   (0.570) 0.986 0.472 0.674 0.518 
   1   (0.430) 0.014 0.528 0.326 0.482 

Locus 196 : 
2 alleles
0.8% missing data
   3   (0.883) 0.768 0.975 0.983 0.894 
   2   (0.117) 0.232 0.025 0.017 0.106 

Locus 197 : 
2 alleles
0.8% missing data
   3   (0.669) 0.750 0.765 0.789 0.660 
   4   (0.331) 0.250 0.235 0.211 0.340 

Locus 198 : 
2 alleles
0.0% missing data
   1   (0.963) 0.999 0.898 0.995 0.987 
   2   (0.037) 0.001 0.102 0.005 0.013 

Locus 199 : 
2 alleles
0.0% missing data
   2   (0.852) 0.995 0.559 0.980 0.864 
   3   (0.148) 0.005 0.441 0.020 0.136 

Locus 200 : 
2 alleles
0.0% missing data
   2   (0.518) 0.605 0.493 0.439 0.527 
   4   (0.482) 0.395 0.507 0.561 0.473 

Locus 201 : 
2 alleles
0.8% missing data
   2   (0.694) 0.989 0.342 0.955 0.666 
   1   (0.306) 0.011 0.658 0.045 0.334 

Locus 202 : 
2 alleles
0.0% missing data
   1   (0.905) 0.750 0.995 0.820 0.932 
   3   (0.095) 0.250 0.005 0.180 0.068 

Locus 203 : 
2 alleles
0.8% missing data
   2   (0.708) 0.991 0.764 0.585 0.676 
   1   (0.292) 0.009 0.236 0.415 0.324 

Locus 204 : 
2 alleles
0.0% missing data
   2   (0.834) 0.994 0.822 0.977 0.807 
   5   (0.166) 0.006 0.178 0.023 0.193 

Locus 205 : 
2 alleles
0.0% missing data
   3   (0.688) 0.653 0.882 0.647 0.682 
   1   (0.312) 0.347 0.118 0.353 0.318 

Locus 206 : 
2 alleles
0.0% missing data
   4   (0.585) 0.325 0.599 0.889 0.579 
   1   (0.415) 0.675 0.401 0.111 0.421 

Locus 207 : 
2 alleles
0.8% missing data
   3   (0.811) 0.994 0.882 0.667 0.807 
   2   (0.189) 0.006 0.118 0.333 0.193 

Locus 208 : 
2 alleles
1.6% missing data
   1   (0.738) 0.991 0.530 0.795 0.737 
   2   (0.262) 0.009 0.470 0.205 0.263 

Locus 209 : 
3 alleles
0.0% missing data
   3   (0.941) 0.906 0.997 0.993 0.979 
   2   (0.030) 0.066 0.002 0.004 0.011 
   0   (0.030) 0.027 0.002 0.004 0.011 

Locus 210 : 
2 alleles
0.0% missing data
   2   (0.627) 0.979 0.450 0.100 0.668 
   4   (0.373) 0.021 0.550 0.900 0.332 

Locus 211 : 
2 alleles
0.0% missing data
   2   (0.893) 0.997 0.763 0.980 0.906 
   4   (0.107) 0.003 0.237 0.020 0.094 

Locus 212 : 
2 alleles
0.0% missing data
   4   (0.746) 0.777 0.748 0.848 0.773 
   1   (0.254) 0.223 0.252 0.152 0.227 

Locus 213 : 
2 alleles
0.0% missing data
   3   (0.760) 0.221 0.623 0.611 0.843 
   2   (0.240) 0.779 0.377 0.389 0.157 

Locus 214 : 
2 alleles
0.0% missing data
   1   (0.743) 0.863 0.661 0.715 0.781 
   4   (0.257) 0.137 0.339 0.285 0.219 

Locus 215 : 
2 alleles
0.0% missing data
   4   (0.333) 0.319 0.096 0.535 0.347 
   5   (0.667) 0.681 0.904 0.465 0.653 

Locus 216 : 
2 alleles
0.0% missing data
   3   (0.897) 0.904 0.804 0.985 0.937 
   1   (0.103) 0.096 0.196 0.015 0.063 

Locus 217 : 
2 alleles
0.0% missing data
   3   (0.876) 0.996 0.864 0.820 0.902 
   2   (0.124) 0.004 0.136 0.180 0.098 

Locus 218 : 
2 alleles
0.0% missing data
   3   (0.439) 0.240 0.434 0.067 0.497 
   2   (0.561) 0.760 0.566 0.933 0.503 

Locus 219 : 
2 alleles
0.0% missing data
   4   (0.743) 0.992 0.292 0.768 0.778 
   2   (0.257) 0.008 0.708 0.232 0.222 

Locus 220 : 
2 alleles
0.0% missing data
   3   (0.759) 0.953 0.664 0.697 0.790 
   2   (0.241) 0.047 0.336 0.303 0.210 

Locus 221 : 
2 alleles
0.0% missing data
   3   (0.796) 0.769 0.917 0.695 0.823 
   2   (0.204) 0.231 0.083 0.305 0.177 

Locus 222 : 
2 alleles
0.0% missing data
   2   (0.717) 0.991 0.496 0.643 0.721 
   3   (0.283) 0.009 0.504 0.357 0.279 

Locus 223 : 
2 alleles
0.8% missing data
   1   (0.946) 0.998 0.795 0.993 0.971 
   2   (0.054) 0.002 0.205 0.007 0.029 

Locus 224 : 
2 alleles
0.0% missing data
   5   (0.762) 0.884 0.427 0.865 0.818 
   1   (0.238) 0.116 0.573 0.135 0.182 

Locus 225 : 
2 alleles
0.8% missing data
   2   (0.749) 0.641 0.787 0.760 0.785 
   3   (0.251) 0.359 0.213 0.240 0.215 

Locus 226 : 
2 alleles
0.0% missing data
   3   (0.920) 0.998 0.995 0.986 0.877 
   1   (0.080) 0.002 0.005 0.014 0.123 

Values of parameters used in structure:
DATAFILE=/Users/ddayan/FRA/small_omy_projects/sf_crooked_river_2021/structure_SFGL_Omy269/project_data,	OUTFILE=/Users/ddayan/FRA/small_omy_projects/sf_crooked_river_2021/structure_SFGL_Omy269/5k10kadmcorr/Results/5k10kadmcorr_run_32,	NUMINDS=127,	NUMLOCI=226,	MISSING=-9,	LABEL=0,	POPDATA=1,	POPFLAG=0,	PHENOTYPE=0,	EXTRACOLS=0,	MAXPOPS=4,	BURNIN=5000,	NUMREPS=10000,	USEPOPINFO=0,	INFERALPHA=1,	INFERLAMBDA=0,	POPSPECIFICLAMBDA=0,	POPALPHAS=0,	COMPUTEPROB=1,	NOADMIX=0,	ADMBURNIN=2500,	UPDATEFREQ=1,	PRINTLIKES=0,	INTERMEDSAVE=0,	PRINTKLD=0,	PRINTNET=0,	PRINTLAMBDA=0,	ANCESTDIST=0,	NUMBOXES=1000,	ANCESTPINT=0.90000,	GENSBACK=2,	MIGRPRIOR=0.05000,	PRINTQHAT=0,	PRINTQSUM=0,	ALPHA=1.0000,	FREQSCORR=1,	FPRIORMEAN=0.0100,	FPRIORSD=0.0500,	ONEFST=0,	LAMBDA=1.0000,	UNIFPRIORALPHA=1,	ALPHAMAX=10.0000,	ALPHAPRIORA=1.0000,	ALPHAPRIORB=2.0000,	ALPHAPROPSD=0.0250,	STARTATPOPINFO=0,	RANDOMIZE=1,	LINKAGE=0,	METROFREQ=10,	REPORTHITRATE=0,	MARKOVPHASE=-1,	PHASED=0,	PLOIDY=2,	PHASEINFO=0	LOCPRIOR=0, 	LOCPRIORINIT=1.000000, 	LOCDATA=0, 	LOCISPOP=0, 	LOCPRIORSTEP=0.100000, 	MAXLOCPRIOR=20.000000, 	SEED=1642736537,	
[STRAT parameters]:    NUMSIMSTATS=1000,	PHENOTYPECOL=-9,	POOLFREQ=10,	LOCUSxONLY=0,	EMERROR=0.00100,	MISSINGPHENO=-9,	