

----------------------------------------------------
STRUCTURE by Pritchard, Stephens and Donnelly (2000)
     and Falush, Stephens and Pritchard (2003)
       Code by Pritchard, Falush and Hubisz
             Version 2.3.4 (Jul 2012)
----------------------------------------------------



Command line arguments:   bin/structure -m "/Users/ddayan/FRA/small_omy_projects/sf_crooked_river_2021/structure_SFGL_Omy269/5k10kadmcorr/mainparams" -e "/Users/ddayan/FRA/small_omy_projects/sf_crooked_river_2021/structure_SFGL_Omy269/5k10kadmcorr/extraparams" 
Input File:    /Users/ddayan/FRA/small_omy_projects/sf_crooked_river_2021/structure_SFGL_Omy269/project_data

Run parameters:
   127 individuals
   226 loci
   5 populations assumed
   5000 Burn-in period
   10000 Reps


--------------------------------------------
Proportion of membership of each pre-defined
 population in each of the 5 clusters

Given    Inferred Clusters                     Number of
 Pop       1      2      3      4      5      Individuals

  1:     0.003  0.003  0.005  0.002  0.987       35
  2:     0.106  0.087  0.008  0.795  0.004       17
  3:     0.316  0.407  0.207  0.013  0.058       41
  4:     0.007  0.008  0.005  0.974  0.005       34
--------------------------------------------

Allele-freq. divergence among pops (Net nucleotide distance),
computed using point estimates of P.

      1       2       3       4       5      
 1      -    0.0114  0.0380  0.0332  0.0357  
 2   0.0114     -    0.0361  0.0398  0.0371  
 3   0.0380  0.0361     -    0.0656  0.0589  
 4   0.0332  0.0398  0.0656     -    0.0784  
 5   0.0357  0.0371  0.0589  0.0784     -    

Average distances (expected heterozygosity) between individuals in same cluster:
cluster  1  : 0.3427 
cluster  2  : 0.3292 
cluster  3  : 0.2745 
cluster  4  : 0.3344 
cluster  5  : 0.2448 

--------------------------------------------
Estimated Ln Prob of Data   = -26492.1
Mean value of ln likelihood = -26149.4
Variance of ln likelihood   = 685.3
Mean value of alpha         = 0.0328

Mean value of Fst_1         = 0.0479
Mean value of Fst_2         = 0.0679
Mean value of Fst_3         = 0.2715
Mean value of Fst_4         = 0.1537
Mean value of Fst_5         = 0.2996


Inferred ancestry of individuals:
     (%Miss) Pop:  Inferred clusters
  1    (0)    1 :  0.002 0.003 0.001 0.001 0.993 
  2    (0)    1 :  0.006 0.009 0.007 0.006 0.971 
  3    (0)    1 :  0.001 0.001 0.001 0.001 0.995 
  4    (0)    1 :  0.004 0.003 0.002 0.001 0.990 
  5    (0)    1 :  0.002 0.001 0.001 0.003 0.992 
  6    (0)    1 :  0.002 0.002 0.003 0.001 0.991 
  7    (0)    1 :  0.001 0.001 0.001 0.001 0.996 
  8    (0)    1 :  0.003 0.005 0.005 0.001 0.985 
  9    (0)    1 :  0.002 0.001 0.001 0.001 0.994 
 10    (0)    1 :  0.005 0.002 0.002 0.002 0.989 
 11    (0)    1 :  0.007 0.004 0.081 0.004 0.903 
 12    (0)    1 :  0.012 0.009 0.003 0.011 0.965 
 13    (0)    1 :  0.001 0.001 0.002 0.001 0.995 
 14    (0)    1 :  0.001 0.002 0.003 0.001 0.993 
 15    (0)    1 :  0.001 0.002 0.001 0.001 0.995 
 16    (0)    1 :  0.001 0.001 0.009 0.001 0.989 
 17    (0)    1 :  0.006 0.016 0.001 0.001 0.977 
 18    (0)    1 :  0.031 0.016 0.004 0.011 0.936 
 19    (0)    1 :  0.002 0.001 0.002 0.001 0.994 
 20    (0)    1 :  0.002 0.001 0.002 0.001 0.993 
 21    (0)    1 :  0.004 0.003 0.002 0.002 0.989 
 22    (0)    1 :  0.002 0.003 0.001 0.001 0.992 
 23    (0)    1 :  0.002 0.001 0.001 0.001 0.995 
 24    (0)    1 :  0.001 0.001 0.001 0.001 0.996 
 25    (0)    1 :  0.001 0.004 0.001 0.005 0.989 
 26    (0)    1 :  0.001 0.001 0.001 0.001 0.996 
 27    (0)    1 :  0.001 0.001 0.001 0.001 0.996 
 28    (0)    1 :  0.003 0.007 0.005 0.001 0.984 
 29    (0)    1 :  0.001 0.001 0.001 0.001 0.995 
 30    (0)    1 :  0.001 0.001 0.001 0.001 0.997 
 31    (0)    1 :  0.001 0.002 0.003 0.001 0.993 
 32    (0)    1 :  0.002 0.003 0.002 0.002 0.991 
 33    (0)    1 :  0.001 0.001 0.001 0.001 0.997 
 34    (0)    1 :  0.001 0.001 0.001 0.001 0.997 
 35    (0)    1 :  0.003 0.004 0.002 0.001 0.990 
 36    (0)    2 :  0.123 0.035 0.004 0.832 0.006 
 37    (0)    2 :  0.004 0.006 0.002 0.978 0.010 
 38    (0)    3 :  0.005 0.966 0.022 0.001 0.005 
 39    (0)    3 :  0.984 0.004 0.001 0.003 0.008 
 40    (0)    3 :  0.949 0.002 0.003 0.002 0.044 
 41    (0)    3 :  0.257 0.584 0.014 0.140 0.005 
 42    (0)    3 :  0.898 0.010 0.072 0.010 0.010 
 43    (0)    2 :  0.001 0.002 0.001 0.995 0.001 
 44    (0)    2 :  0.360 0.521 0.034 0.077 0.007 
 45    (0)    2 :  0.004 0.007 0.001 0.986 0.002 
 46    (0)    2 :  0.004 0.014 0.002 0.978 0.002 
 47    (0)    2 :  0.127 0.125 0.042 0.699 0.007 
 48    (0)    2 :  0.810 0.004 0.003 0.178 0.005 
 49    (0)    2 :  0.006 0.564 0.007 0.406 0.017 
 50    (0)    2 :  0.005 0.014 0.001 0.978 0.001 
 51    (0)    2 :  0.019 0.005 0.009 0.964 0.003 
 52    (0)    3 :  0.909 0.043 0.040 0.003 0.006 
 53    (0)    3 :  0.895 0.066 0.002 0.002 0.035 
 54    (0)    3 :  0.013 0.967 0.007 0.007 0.005 
 55    (0)    3 :  0.063 0.782 0.005 0.137 0.014 
 56    (0)    3 :  0.001 0.002 0.991 0.001 0.004 
 57    (0)    3 :  0.088 0.651 0.005 0.007 0.249 
 58    (0)    3 :  0.003 0.985 0.004 0.003 0.005 
 59    (0)    3 :  0.916 0.018 0.002 0.060 0.004 
 60    (0)    3 :  0.002 0.002 0.994 0.001 0.001 
 61    (0)    3 :  0.002 0.002 0.993 0.001 0.002 
 62    (0)    3 :  0.920 0.041 0.030 0.003 0.005 
 63    (0)    3 :  0.987 0.004 0.004 0.002 0.003 
 64    (0)    3 :  0.006 0.550 0.005 0.001 0.437 
 65    (0)    3 :  0.008 0.547 0.002 0.002 0.441 
 66    (0)    3 :  0.575 0.035 0.003 0.011 0.376 
 67    (0)    3 :  0.750 0.021 0.007 0.017 0.204 
 68    (0)    3 :  0.001 0.001 0.995 0.001 0.001 
 69    (0)    3 :  0.506 0.044 0.001 0.046 0.402 
 70    (0)    3 :  0.005 0.006 0.985 0.002 0.002 
 71    (0)    3 :  0.002 0.002 0.988 0.001 0.006 
 72    (0)    3 :  0.002 0.002 0.989 0.002 0.006 
 73    (0)    3 :  0.004 0.830 0.158 0.004 0.005 
 74    (0)    3 :  0.021 0.971 0.002 0.002 0.005 
 75    (0)    3 :  0.991 0.004 0.001 0.001 0.002 
 76    (0)    3 :  0.018 0.974 0.003 0.002 0.004 
 77    (0)    3 :  0.001 0.989 0.004 0.003 0.002 
 78    (0)    3 :  0.096 0.818 0.059 0.003 0.024 
 79    (0)    3 :  0.017 0.970 0.007 0.003 0.003 
 80    (0)    3 :  0.021 0.969 0.005 0.002 0.003 
 81    (0)    3 :  0.986 0.007 0.005 0.001 0.002 
 82    (0)    3 :  0.017 0.955 0.003 0.023 0.003 
 83    (0)    3 :  0.005 0.982 0.006 0.002 0.004 
 84    (0)    3 :  0.003 0.930 0.060 0.001 0.006 
 85    (0)    3 :  0.001 0.001 0.996 0.002 0.001 
 86    (0)    3 :  0.975 0.007 0.002 0.014 0.002 
 87    (0)    3 :  0.046 0.925 0.002 0.012 0.015 
 88    (0)    2 :  0.003 0.003 0.001 0.992 0.001 
 89    (0)    2 :  0.009 0.004 0.002 0.984 0.002 
 90    (0)    2 :  0.003 0.003 0.002 0.991 0.001 
 91    (0)    2 :  0.306 0.176 0.015 0.500 0.003 
 92    (0)    2 :  0.017 0.002 0.006 0.974 0.002 
 93    (0)    2 :  0.003 0.001 0.000 0.995 0.001 
 94    (0)    4 :  0.002 0.002 0.002 0.991 0.003 
 95    (0)    4 :  0.006 0.002 0.003 0.987 0.001 
 96    (2)    4 :  0.010 0.006 0.013 0.968 0.003 
 97    (0)    4 :  0.013 0.045 0.009 0.925 0.008 
 98    (1)    4 :  0.006 0.033 0.006 0.950 0.005 
 99    (0)    4 :  0.002 0.009 0.007 0.977 0.005 
100    (1)    4 :  0.013 0.007 0.009 0.968 0.003 
101    (0)    4 :  0.010 0.010 0.002 0.976 0.003 
102    (0)    4 :  0.002 0.003 0.003 0.992 0.001 
103    (0)    4 :  0.012 0.011 0.014 0.956 0.008 
104    (1)    4 :  0.004 0.007 0.014 0.973 0.002 
105    (1)    4 :  0.001 0.003 0.001 0.993 0.001 
106    (2)    4 :  0.007 0.007 0.008 0.972 0.006 
107    (1)    4 :  0.003 0.002 0.002 0.992 0.002 
108    (0)    4 :  0.005 0.006 0.010 0.976 0.004 
109    (1)    4 :  0.003 0.006 0.002 0.967 0.022 
110    (3)    4 :  0.003 0.002 0.004 0.990 0.001 
111    (0)    4 :  0.008 0.008 0.003 0.972 0.009 
112    (1)    4 :  0.012 0.003 0.003 0.980 0.002 
113    (1)    4 :  0.001 0.002 0.001 0.995 0.001 
114    (0)    4 :  0.001 0.001 0.001 0.996 0.001 
115    (1)    4 :  0.002 0.001 0.001 0.992 0.003 
116    (1)    4 :  0.044 0.031 0.008 0.913 0.005 
117    (0)    4 :  0.006 0.004 0.002 0.966 0.021 
118    (3)    4 :  0.002 0.002 0.002 0.991 0.003 
119    (2)    4 :  0.014 0.006 0.007 0.956 0.017 
120    (2)    4 :  0.012 0.003 0.005 0.978 0.002 
121    (0)    4 :  0.021 0.005 0.003 0.959 0.013 
122    (1)    4 :  0.003 0.005 0.006 0.982 0.004 
123    (0)    4 :  0.001 0.002 0.001 0.996 0.001 
124   (15)    4 :  0.004 0.016 0.013 0.964 0.003 
125    (1)    4 :  0.013 0.005 0.004 0.965 0.013 
126    (0)    4 :  0.003 0.003 0.015 0.971 0.007 
127    (2)    4 :  0.006 0.001 0.003 0.987 0.003 


Estimated Allele Frequencies in each cluster
First column gives estimated ancestral frequencies


Locus 1 : 
2 alleles
0.0% missing data
   3   (0.931) 0.914 0.980 0.991 0.906 0.998 
   2   (0.069) 0.086 0.020 0.009 0.094 0.002 

Locus 2 : 
2 alleles
0.0% missing data
   2   (0.352) 0.413 0.355 0.052 0.367 0.168 
   3   (0.648) 0.587 0.645 0.948 0.633 0.832 

Locus 3 : 
2 alleles
0.0% missing data
   2   (0.363) 0.383 0.337 0.222 0.339 0.253 
   4   (0.637) 0.617 0.663 0.778 0.661 0.747 

Locus 4 : 
2 alleles
0.0% missing data
   1   (0.688) 0.622 0.724 0.370 0.927 0.888 
   4   (0.312) 0.378 0.276 0.630 0.073 0.112 

Locus 5 : 
2 alleles
3.1% missing data
   2   (0.807) 0.762 0.879 0.972 0.739 0.950 
   1   (0.193) 0.238 0.121 0.028 0.261 0.050 

Locus 6 : 
2 alleles
2.4% missing data
   1   (0.225) 0.234 0.173 0.034 0.194 0.385 
   3   (0.775) 0.766 0.827 0.966 0.806 0.615 

Locus 7 : 
2 alleles
0.0% missing data
   2   (0.636) 0.694 0.585 0.948 0.419 0.457 
   3   (0.364) 0.306 0.415 0.052 0.581 0.543 

Locus 8 : 
2 alleles
2.4% missing data
   1   (0.254) 0.244 0.199 0.252 0.166 0.261 
   2   (0.746) 0.756 0.801 0.748 0.834 0.739 

Locus 9 : 
2 alleles
0.8% missing data
   4   (0.961) 0.984 0.989 0.995 0.824 0.999 
   1   (0.039) 0.016 0.011 0.005 0.176 0.001 

Locus 10 : 
2 alleles
0.0% missing data
   3   (0.728) 0.683 0.809 0.653 0.517 0.991 
   2   (0.272) 0.317 0.191 0.347 0.483 0.009 

Locus 11 : 
2 alleles
0.0% missing data
   2   (0.951) 0.971 0.986 0.993 0.773 0.998 
   1   (0.049) 0.029 0.014 0.007 0.227 0.002 

Locus 12 : 
2 alleles
0.0% missing data
   1   (0.497) 0.426 0.677 0.235 0.277 0.824 
   4   (0.503) 0.574 0.323 0.765 0.723 0.176 

Locus 13 : 
2 alleles
0.8% missing data
   2   (0.686) 0.706 0.725 0.796 0.587 0.798 
   4   (0.314) 0.294 0.275 0.204 0.413 0.202 

Locus 14 : 
2 alleles
0.0% missing data
   4   (0.694) 0.765 0.711 0.532 0.577 0.803 
   2   (0.306) 0.235 0.289 0.468 0.423 0.197 

Locus 15 : 
2 alleles
0.0% missing data
   4   (0.865) 0.801 0.913 0.982 0.882 0.995 
   2   (0.135) 0.199 0.087 0.018 0.118 0.005 

Locus 16 : 
2 alleles
0.0% missing data
   1   (0.391) 0.341 0.359 0.463 0.387 0.693 
   4   (0.609) 0.659 0.641 0.537 0.613 0.307 

Locus 17 : 
2 alleles
0.0% missing data
   4   (0.911) 0.963 0.899 0.878 0.937 0.997 
   3   (0.089) 0.037 0.101 0.122 0.063 0.003 

Locus 18 : 
2 alleles
0.0% missing data
   2   (0.776) 0.785 0.782 0.968 0.789 0.788 
   3   (0.224) 0.215 0.218 0.032 0.211 0.212 

Locus 19 : 
2 alleles
0.8% missing data
   4   (0.863) 0.862 0.903 0.981 0.820 0.984 
   2   (0.137) 0.138 0.097 0.019 0.180 0.016 

Locus 20 : 
2 alleles
0.0% missing data
   2   (0.660) 0.603 0.699 0.949 0.660 0.560 
   3   (0.340) 0.397 0.301 0.051 0.340 0.440 

Locus 21 : 
2 alleles
0.8% missing data
   2   (0.358) 0.406 0.255 0.261 0.449 0.209 
   3   (0.642) 0.594 0.745 0.739 0.551 0.791 

Locus 22 : 
2 alleles
0.0% missing data
   4   (0.811) 0.800 0.937 0.706 0.726 0.874 
   2   (0.189) 0.200 0.063 0.294 0.274 0.126 

Locus 23 : 
2 alleles
2.4% missing data
   1   (0.363) 0.355 0.256 0.478 0.401 0.567 
   4   (0.637) 0.645 0.744 0.522 0.599 0.433 

Locus 24 : 
2 alleles
0.0% missing data
   3   (0.762) 0.797 0.603 0.966 0.612 0.992 
   2   (0.238) 0.203 0.397 0.034 0.388 0.008 

Locus 25 : 
2 alleles
0.0% missing data
   3   (0.714) 0.749 0.674 0.958 0.715 0.489 
   2   (0.286) 0.251 0.326 0.042 0.285 0.511 

Locus 26 : 
2 alleles
0.8% missing data
   2   (0.569) 0.509 0.531 0.937 0.550 0.722 
   4   (0.431) 0.491 0.469 0.063 0.450 0.278 

Locus 27 : 
2 alleles
1.6% missing data
   1   (0.614) 0.728 0.532 0.193 0.630 0.748 
   4   (0.386) 0.272 0.468 0.807 0.370 0.252 

Locus 28 : 
2 alleles
3.9% missing data
   3   (0.544) 0.658 0.390 0.288 0.661 0.582 
   2   (0.456) 0.342 0.610 0.712 0.339 0.418 

Locus 29 : 
2 alleles
0.0% missing data
   4   (0.197) 0.107 0.136 0.346 0.352 0.436 
   1   (0.803) 0.893 0.864 0.654 0.648 0.564 

Locus 30 : 
2 alleles
0.0% missing data
   1   (0.414) 0.344 0.431 0.495 0.462 0.570 
   4   (0.586) 0.656 0.569 0.505 0.538 0.430 

Locus 31 : 
2 alleles
3.1% missing data
   2   (0.289) 0.262 0.310 0.043 0.300 0.499 
   4   (0.711) 0.738 0.690 0.957 0.700 0.501 

Locus 32 : 
2 alleles
0.0% missing data
   4   (0.545) 0.615 0.441 0.355 0.660 0.648 
   3   (0.455) 0.385 0.559 0.645 0.340 0.352 

Locus 33 : 
2 alleles
0.8% missing data
   2   (0.547) 0.614 0.458 0.448 0.616 0.568 
   3   (0.453) 0.386 0.542 0.552 0.384 0.432 

Locus 34 : 
2 alleles
0.0% missing data
   3   (0.486) 0.425 0.525 0.451 0.566 0.608 
   2   (0.514) 0.575 0.475 0.549 0.434 0.392 

Locus 35 : 
2 alleles
0.0% missing data
   4   (0.665) 0.653 0.517 0.692 0.794 0.989 
   1   (0.335) 0.347 0.483 0.308 0.206 0.011 

Locus 36 : 
2 alleles
0.0% missing data
   4   (0.647) 0.655 0.631 0.948 0.417 0.788 
   1   (0.353) 0.345 0.369 0.052 0.583 0.212 

Locus 37 : 
2 alleles
0.8% missing data
   2   (0.567) 0.584 0.525 0.729 0.452 0.817 
   3   (0.433) 0.416 0.475 0.271 0.548 0.183 

Locus 38 : 
2 alleles
0.8% missing data
   1   (0.906) 0.878 0.958 0.786 0.987 0.997 
   2   (0.094) 0.122 0.042 0.214 0.013 0.003 

Locus 39 : 
2 alleles
1.6% missing data
   2   (0.600) 0.624 0.607 0.517 0.343 0.963 
   4   (0.400) 0.376 0.393 0.483 0.657 0.037 

Locus 40 : 
2 alleles
0.0% missing data
   1   (0.388) 0.274 0.322 0.485 0.816 0.400 
   4   (0.612) 0.726 0.678 0.515 0.184 0.600 

Locus 41 : 
2 alleles
0.0% missing data
   2   (0.910) 0.944 0.970 0.987 0.622 0.933 
   1   (0.090) 0.056 0.030 0.013 0.378 0.067 

Locus 42 : 
2 alleles
0.0% missing data
   2   (0.548) 0.610 0.465 0.516 0.607 0.529 
   4   (0.452) 0.390 0.535 0.484 0.393 0.471 

Locus 43 : 
2 alleles
0.0% missing data
   2   (0.424) 0.464 0.255 0.441 0.682 0.369 
   4   (0.576) 0.536 0.745 0.559 0.318 0.631 

Locus 44 : 
3 alleles
1.6% missing data
   3   (0.855) 0.803 0.959 0.979 0.919 0.838 
   2   (0.111) 0.144 0.031 0.016 0.078 0.161 
   0   (0.034) 0.053 0.010 0.005 0.002 0.001 

Locus 45 : 
2 alleles
0.0% missing data
   1   (0.800) 0.764 0.795 0.969 0.791 0.985 
   2   (0.200) 0.236 0.205 0.031 0.209 0.015 

Locus 46 : 
2 alleles
0.0% missing data
   4   (0.878) 0.909 0.880 0.763 0.954 0.996 
   2   (0.122) 0.091 0.120 0.237 0.046 0.004 

Locus 47 : 
2 alleles
0.0% missing data
   2   (0.863) 0.865 0.940 0.711 0.949 0.957 
   1   (0.137) 0.135 0.060 0.289 0.051 0.043 

Locus 48 : 
2 alleles
1.6% missing data
   2   (0.566) 0.526 0.614 0.840 0.524 0.428 
   4   (0.434) 0.474 0.386 0.160 0.476 0.572 

Locus 49 : 
2 alleles
0.0% missing data
   1   (0.732) 0.745 0.778 0.796 0.649 0.914 
   2   (0.268) 0.255 0.222 0.204 0.351 0.086 

Locus 50 : 
2 alleles
0.0% missing data
   4   (0.724) 0.791 0.771 0.640 0.738 0.440 
   1   (0.276) 0.209 0.229 0.360 0.262 0.560 

Locus 51 : 
2 alleles
0.0% missing data
   3   (0.519) 0.550 0.406 0.548 0.670 0.569 
   2   (0.481) 0.450 0.594 0.452 0.330 0.431 

Locus 52 : 
2 alleles
0.8% missing data
   4   (0.907) 0.898 0.954 0.987 0.876 0.996 
   2   (0.093) 0.102 0.046 0.013 0.124 0.004 

Locus 53 : 
2 alleles
0.0% missing data
   4   (0.929) 0.970 0.979 0.739 0.627 0.998 
   2   (0.071) 0.030 0.021 0.261 0.373 0.002 

Locus 54 : 
2 alleles
3.1% missing data
   3   (0.562) 0.422 0.650 0.657 0.706 0.837 
   4   (0.438) 0.578 0.350 0.343 0.294 0.163 

Locus 55 : 
2 alleles
0.0% missing data
   2   (0.614) 0.593 0.578 0.784 0.773 0.596 
   1   (0.386) 0.407 0.422 0.216 0.227 0.404 

Locus 56 : 
3 alleles
2.4% missing data
   1   (0.791) 0.827 0.822 0.612 0.731 0.994 
   0   (0.083) 0.118 0.023 0.116 0.022 0.003 
   4   (0.126) 0.056 0.154 0.272 0.246 0.004 

Locus 57 : 
2 alleles
0.0% missing data
   4   (0.888) 0.912 0.917 0.985 0.643 0.996 
   1   (0.112) 0.088 0.083 0.015 0.357 0.004 

Locus 58 : 
2 alleles
0.0% missing data
   4   (0.868) 0.816 0.884 0.980 0.970 0.986 
   2   (0.132) 0.184 0.116 0.020 0.030 0.014 

Locus 59 : 
2 alleles
0.0% missing data
   3   (0.864) 0.821 0.927 0.981 0.954 0.891 
   2   (0.136) 0.179 0.073 0.019 0.046 0.109 

Locus 60 : 
2 alleles
0.0% missing data
   4   (0.756) 0.785 0.713 0.763 0.680 0.992 
   2   (0.244) 0.215 0.287 0.237 0.320 0.008 

Locus 61 : 
2 alleles
0.0% missing data
   4   (0.867) 0.905 0.904 0.822 0.777 0.995 
   2   (0.133) 0.095 0.096 0.178 0.223 0.005 

Locus 62 : 
2 alleles
0.0% missing data
   2   (0.751) 0.771 0.774 0.966 0.463 0.913 
   1   (0.249) 0.229 0.226 0.034 0.537 0.087 

Locus 63 : 
2 alleles
0.0% missing data
   2   (0.409) 0.330 0.478 0.709 0.217 0.642 
   1   (0.591) 0.670 0.522 0.291 0.783 0.358 

Locus 64 : 
2 alleles
0.0% missing data
   4   (0.820) 0.791 0.876 0.765 0.842 0.994 
   2   (0.180) 0.209 0.124 0.235 0.158 0.006 

Locus 65 : 
2 alleles
0.8% missing data
   1   (0.891) 0.933 0.865 0.982 0.745 0.997 
   4   (0.109) 0.067 0.135 0.018 0.255 0.003 

Locus 66 : 
3 alleles
1.6% missing data
   3   (0.581) 0.488 0.736 0.520 0.691 0.662 
   2   (0.388) 0.500 0.256 0.476 0.266 0.337 
   0   (0.031) 0.013 0.008 0.004 0.043 0.001 

Locus 67 : 
2 alleles
0.0% missing data
   1   (0.127) 0.076 0.113 0.230 0.039 0.030 
   3   (0.873) 0.924 0.887 0.770 0.961 0.970 

Locus 68 : 
2 alleles
0.0% missing data
   2   (0.544) 0.699 0.457 0.180 0.332 0.740 
   3   (0.456) 0.301 0.543 0.820 0.668 0.260 

Locus 69 : 
2 alleles
0.0% missing data
   4   (0.794) 0.840 0.809 0.700 0.510 0.994 
   2   (0.206) 0.160 0.191 0.300 0.490 0.006 

Locus 70 : 
3 alleles
0.0% missing data
   1   (0.313) 0.243 0.467 0.797 0.026 0.701 
   3   (0.650) 0.741 0.518 0.198 0.972 0.147 
   0   (0.038) 0.016 0.015 0.005 0.002 0.152 

Locus 71 : 
2 alleles
3.1% missing data
   2   (0.550) 0.511 0.616 0.508 0.745 0.214 
   4   (0.450) 0.489 0.384 0.492 0.255 0.786 

Locus 72 : 
2 alleles
1.6% missing data
   3   (0.551) 0.602 0.447 0.333 0.705 0.717 
   1   (0.449) 0.398 0.553 0.667 0.295 0.283 

Locus 73 : 
2 alleles
0.0% missing data
   1   (0.309) 0.250 0.250 0.476 0.352 0.541 
   2   (0.691) 0.750 0.750 0.524 0.648 0.459 

Locus 74 : 
2 alleles
1.6% missing data
   2   (0.817) 0.730 0.826 0.973 0.938 0.983 
   3   (0.183) 0.270 0.174 0.027 0.062 0.017 

Locus 75 : 
2 alleles
0.0% missing data
   3   (0.486) 0.546 0.356 0.167 0.663 0.793 
   1   (0.514) 0.454 0.644 0.833 0.337 0.207 

Locus 76 : 
2 alleles
0.0% missing data
   2   (0.425) 0.339 0.473 0.641 0.182 0.925 
   1   (0.575) 0.661 0.527 0.359 0.818 0.075 

Locus 77 : 
2 alleles
0.0% missing data
   4   (0.316) 0.332 0.313 0.309 0.101 0.482 
   1   (0.684) 0.668 0.687 0.691 0.899 0.518 

Locus 78 : 
2 alleles
0.0% missing data
   3   (0.720) 0.733 0.630 0.530 0.826 0.989 
   2   (0.280) 0.267 0.370 0.470 0.174 0.011 

Locus 79 : 
2 alleles
0.0% missing data
   2   (0.576) 0.572 0.533 0.838 0.523 0.719 
   3   (0.424) 0.428 0.467 0.162 0.477 0.281 

Locus 80 : 
2 alleles
0.0% missing data
   4   (0.827) 0.919 0.811 0.706 0.786 0.874 
   2   (0.173) 0.081 0.189 0.294 0.214 0.126 

Locus 81 : 
2 alleles
0.0% missing data
   3   (0.465) 0.466 0.564 0.068 0.580 0.339 
   2   (0.535) 0.534 0.436 0.932 0.420 0.661 

Locus 82 : 
2 alleles
0.0% missing data
   2   (0.737) 0.775 0.797 0.751 0.686 0.720 
   3   (0.263) 0.225 0.203 0.249 0.314 0.280 

Locus 83 : 
2 alleles
0.0% missing data
   3   (0.720) 0.687 0.790 0.960 0.468 0.883 
   2   (0.280) 0.313 0.210 0.040 0.532 0.117 

Locus 84 : 
2 alleles
0.0% missing data
   3   (0.553) 0.661 0.541 0.298 0.412 0.437 
   2   (0.447) 0.339 0.459 0.702 0.588 0.563 

Locus 85 : 
2 alleles
0.0% missing data
   3   (0.752) 0.793 0.764 0.639 0.818 0.872 
   4   (0.248) 0.207 0.236 0.361 0.182 0.128 

Locus 86 : 
2 alleles
0.0% missing data
   3   (0.516) 0.469 0.584 0.075 0.847 0.447 
   2   (0.484) 0.531 0.416 0.925 0.153 0.553 

Locus 87 : 
3 alleles
4.7% missing data
   1   (0.545) 0.568 0.586 0.503 0.429 0.713 
   4   (0.422) 0.409 0.396 0.488 0.559 0.286 
   0   (0.033) 0.023 0.018 0.009 0.012 0.001 

Locus 88 : 
2 alleles
1.6% missing data
   3   (0.810) 0.788 0.799 0.973 0.671 0.994 
   1   (0.190) 0.212 0.201 0.027 0.329 0.006 

Locus 89 : 
2 alleles
0.0% missing data
   1   (0.591) 0.703 0.462 0.506 0.424 0.895 
   4   (0.409) 0.297 0.538 0.494 0.576 0.105 

Locus 90 : 
2 alleles
0.8% missing data
   3   (0.730) 0.776 0.826 0.529 0.603 0.761 
   2   (0.270) 0.224 0.174 0.471 0.397 0.239 

Locus 91 : 
2 alleles
0.0% missing data
   2   (0.679) 0.656 0.751 0.742 0.717 0.689 
   4   (0.321) 0.344 0.249 0.258 0.283 0.311 

Locus 92 : 
2 alleles
0.0% missing data
   2   (0.804) 0.904 0.712 0.759 0.737 0.958 
   4   (0.196) 0.096 0.288 0.241 0.263 0.042 

Locus 93 : 
2 alleles
0.0% missing data
   4   (0.912) 0.860 0.974 0.988 0.879 0.997 
   1   (0.088) 0.140 0.026 0.012 0.121 0.003 

Locus 94 : 
2 alleles
0.0% missing data
   3   (0.784) 0.776 0.791 0.967 0.874 0.748 
   1   (0.216) 0.224 0.209 0.033 0.126 0.252 

Locus 95 : 
2 alleles
0.0% missing data
   1   (0.059) 0.083 0.016 0.008 0.003 0.067 
   3   (0.941) 0.917 0.984 0.992 0.997 0.933 

Locus 96 : 
2 alleles
0.0% missing data
   3   (0.542) 0.446 0.673 0.514 0.484 0.801 
   2   (0.458) 0.554 0.327 0.486 0.516 0.199 

Locus 97 : 
2 alleles
0.0% missing data
   2   (0.731) 0.720 0.722 0.754 0.638 0.992 
   1   (0.269) 0.280 0.278 0.246 0.362 0.008 

Locus 98 : 
2 alleles
0.0% missing data
   4   (0.756) 0.654 0.803 0.962 0.611 0.992 
   2   (0.244) 0.346 0.197 0.038 0.389 0.008 

Locus 99 : 
2 alleles
0.8% missing data
   4   (0.844) 0.907 0.849 0.762 0.619 0.995 
   1   (0.156) 0.093 0.151 0.238 0.381 0.005 

Locus 100 : 
2 alleles
0.8% missing data
   3   (0.436) 0.396 0.437 0.659 0.508 0.208 
   2   (0.564) 0.604 0.563 0.341 0.492 0.792 

Locus 101 : 
3 alleles
0.0% missing data
   4   (0.484) 0.470 0.670 0.502 0.088 0.435 
   2   (0.451) 0.500 0.198 0.489 0.909 0.539 
   0   (0.065) 0.030 0.132 0.009 0.004 0.026 

Locus 102 : 
2 alleles
2.4% missing data
   2   (0.773) 0.838 0.700 0.702 0.895 0.898 
   4   (0.227) 0.162 0.300 0.298 0.105 0.102 

Locus 103 : 
3 alleles
0.0% missing data
   4   (0.097) 0.049 0.103 0.013 0.024 0.530 
   2   (0.819) 0.869 0.681 0.972 0.971 0.467 
   0   (0.084) 0.082 0.215 0.014 0.005 0.002 

Locus 104 : 
2 alleles
0.0% missing data
   3   (0.311) 0.292 0.321 0.150 0.177 0.564 
   2   (0.689) 0.708 0.679 0.850 0.823 0.436 

Locus 105 : 
2 alleles
0.0% missing data
   4   (0.485) 0.472 0.532 0.494 0.419 0.415 
   1   (0.515) 0.528 0.468 0.506 0.581 0.585 

Locus 106 : 
2 alleles
0.0% missing data
   1   (0.160) 0.130 0.135 0.023 0.180 0.175 
   2   (0.840) 0.870 0.865 0.977 0.820 0.825 

Locus 107 : 
2 alleles
0.0% missing data
   1   (0.574) 0.509 0.723 0.386 0.477 0.794 
   4   (0.426) 0.491 0.277 0.614 0.523 0.206 

Locus 108 : 
2 alleles
0.0% missing data
   2   (0.763) 0.834 0.699 0.698 0.827 0.928 
   4   (0.237) 0.166 0.301 0.302 0.173 0.072 

Locus 109 : 
2 alleles
0.0% missing data
   3   (0.790) 0.810 0.827 0.809 0.795 0.967 
   2   (0.210) 0.190 0.173 0.191 0.205 0.033 

Locus 110 : 
2 alleles
0.0% missing data
   2   (0.913) 0.919 0.939 0.987 0.917 0.997 
   1   (0.087) 0.081 0.061 0.013 0.083 0.003 

Locus 111 : 
2 alleles
0.0% missing data
   1   (0.844) 0.857 0.826 0.979 0.731 0.994 
   2   (0.156) 0.143 0.174 0.021 0.269 0.006 

Locus 112 : 
2 alleles
7.1% missing data
   3   (0.835) 0.863 0.828 0.761 0.875 0.995 
   2   (0.165) 0.137 0.172 0.239 0.125 0.005 

Locus 113 : 
2 alleles
0.0% missing data
   2   (0.657) 0.578 0.585 0.950 0.867 0.743 
   3   (0.343) 0.422 0.415 0.050 0.133 0.257 

Locus 114 : 
2 alleles
0.0% missing data
   4   (0.706) 0.623 0.774 0.958 0.703 0.804 
   2   (0.294) 0.377 0.226 0.042 0.297 0.196 

Locus 115 : 
2 alleles
0.0% missing data
   3   (0.467) 0.471 0.407 0.653 0.535 0.343 
   2   (0.533) 0.529 0.593 0.347 0.465 0.657 

Locus 116 : 
2 alleles
0.0% missing data
   4   (0.449) 0.407 0.390 0.491 0.575 0.691 
   3   (0.551) 0.593 0.610 0.509 0.425 0.309 

Locus 117 : 
2 alleles
0.0% missing data
   2   (0.898) 0.938 0.843 0.986 0.895 0.995 
   3   (0.102) 0.062 0.157 0.014 0.105 0.005 

Locus 118 : 
2 alleles
0.0% missing data
   2   (0.899) 0.845 0.956 0.986 0.912 0.997 
   1   (0.101) 0.155 0.044 0.014 0.088 0.003 

Locus 119 : 
3 alleles
0.0% missing data
   2   (0.915) 0.966 0.976 0.579 0.917 0.971 
   0   (0.028) 0.011 0.008 0.004 0.002 0.027 
   3   (0.057) 0.023 0.016 0.417 0.081 0.002 

Locus 120 : 
2 alleles
0.0% missing data
   1   (0.924) 0.950 0.919 0.988 0.958 0.997 
   2   (0.076) 0.050 0.081 0.012 0.042 0.003 

Locus 121 : 
2 alleles
0.0% missing data
   3   (0.737) 0.819 0.648 0.853 0.826 0.658 
   4   (0.263) 0.181 0.352 0.147 0.174 0.342 

Locus 122 : 
2 alleles
0.0% missing data
   1   (0.964) 0.985 0.984 0.995 0.998 0.899 
   0   (0.036) 0.015 0.016 0.005 0.002 0.101 

Locus 123 : 
3 alleles
1.6% missing data
   2   (0.713) 0.779 0.754 0.843 0.337 0.917 
   3   (0.257) 0.209 0.238 0.153 0.661 0.029 
   0   (0.030) 0.012 0.008 0.004 0.002 0.054 

Locus 124 : 
2 alleles
0.8% missing data
   1   (0.832) 0.841 0.785 0.977 0.751 0.994 
   3   (0.168) 0.159 0.215 0.023 0.249 0.006 

Locus 125 : 
2 alleles
0.0% missing data
   1   (0.883) 0.849 0.930 0.546 0.986 0.996 
   2   (0.117) 0.151 0.070 0.454 0.014 0.004 

Locus 126 : 
2 alleles
0.0% missing data
   4   (0.237) 0.225 0.125 0.298 0.317 0.246 
   2   (0.763) 0.775 0.875 0.702 0.683 0.754 

Locus 127 : 
2 alleles
0.0% missing data
   3   (0.679) 0.697 0.704 0.531 0.387 0.989 
   2   (0.321) 0.303 0.296 0.469 0.613 0.011 

Locus 128 : 
2 alleles
0.8% missing data
   3   (0.779) 0.688 0.888 0.661 0.948 0.797 
   2   (0.221) 0.312 0.112 0.339 0.052 0.203 

Locus 129 : 
2 alleles
0.8% missing data
   1   (0.751) 0.659 0.783 0.759 0.925 0.978 
   3   (0.249) 0.341 0.217 0.241 0.075 0.022 

Locus 130 : 
2 alleles
0.0% missing data
   3   (0.884) 0.885 0.866 0.982 0.931 0.996 
   2   (0.116) 0.115 0.134 0.018 0.069 0.004 

Locus 131 : 
2 alleles
0.0% missing data
   4   (0.635) 0.506 0.775 0.576 0.892 0.333 
   1   (0.365) 0.494 0.225 0.424 0.108 0.667 

Locus 132 : 
2 alleles
0.0% missing data
   2   (0.796) 0.710 0.843 0.822 0.904 0.994 
   4   (0.204) 0.290 0.157 0.178 0.096 0.006 

Locus 133 : 
2 alleles
0.0% missing data
   3   (0.477) 0.501 0.480 0.067 0.521 0.845 
   2   (0.523) 0.499 0.520 0.933 0.479 0.155 

Locus 134 : 
2 alleles
0.8% missing data
   3   (0.777) 0.819 0.747 0.968 0.662 0.907 
   2   (0.223) 0.181 0.253 0.032 0.338 0.093 

Locus 135 : 
2 alleles
0.0% missing data
   3   (0.611) 0.576 0.665 0.514 0.600 0.898 
   2   (0.389) 0.424 0.335 0.486 0.400 0.102 

Locus 136 : 
2 alleles
0.0% missing data
   4   (0.901) 0.900 0.959 0.985 0.555 0.997 
   2   (0.099) 0.100 0.041 0.015 0.445 0.003 

Locus 137 : 
2 alleles
0.0% missing data
   2   (0.931) 0.950 0.903 0.990 0.988 0.997 
   3   (0.069) 0.050 0.097 0.010 0.012 0.003 

Locus 138 : 
2 alleles
0.8% missing data
   1   (0.689) 0.756 0.629 0.695 0.814 0.489 
   3   (0.311) 0.244 0.371 0.305 0.186 0.511 

Locus 139 : 
2 alleles
0.8% missing data
   2   (0.621) 0.524 0.849 0.452 0.520 0.407 
   3   (0.379) 0.476 0.151 0.548 0.480 0.593 

Locus 140 : 
2 alleles
0.0% missing data
   4   (0.708) 0.761 0.618 0.641 0.826 0.909 
   3   (0.292) 0.239 0.382 0.359 0.174 0.091 

Locus 141 : 
2 alleles
0.0% missing data
   1   (0.703) 0.683 0.827 0.692 0.618 0.768 
   4   (0.297) 0.317 0.173 0.308 0.382 0.232 

Locus 142 : 
2 alleles
0.0% missing data
   3   (0.650) 0.707 0.567 0.360 0.872 0.600 
   2   (0.350) 0.293 0.433 0.640 0.128 0.400 

Locus 143 : 
2 alleles
0.0% missing data
   2   (0.931) 0.949 0.948 0.991 0.965 0.997 
   3   (0.069) 0.051 0.052 0.009 0.035 0.003 

Locus 144 : 
3 alleles
0.8% missing data
   4   (0.612) 0.655 0.550 0.716 0.461 0.944 
   1   (0.360) 0.333 0.442 0.280 0.538 0.029 
   0   (0.028) 0.012 0.008 0.004 0.002 0.027 

Locus 145 : 
2 alleles
0.0% missing data
   1   (0.177) 0.218 0.138 0.025 0.049 0.276 
   3   (0.823) 0.782 0.862 0.975 0.951 0.724 

Locus 146 : 
2 alleles
0.0% missing data
   4   (0.911) 0.917 0.946 0.986 0.876 0.997 
   1   (0.089) 0.083 0.054 0.014 0.124 0.003 

Locus 147 : 
2 alleles
0.8% missing data
   1   (0.375) 0.385 0.358 0.535 0.186 0.403 
   4   (0.625) 0.615 0.642 0.465 0.814 0.597 

Locus 148 : 
2 alleles
0.0% missing data
   3   (0.726) 0.679 0.711 0.323 0.983 0.608 
   1   (0.274) 0.321 0.289 0.677 0.017 0.392 

Locus 149 : 
3 alleles
1.6% missing data
   2   (0.506) 0.572 0.543 0.184 0.437 0.590 
   3   (0.443) 0.371 0.442 0.810 0.539 0.407 
   0   (0.051) 0.057 0.015 0.007 0.024 0.003 

Locus 150 : 
2 alleles
0.0% missing data
   1   (0.714) 0.709 0.611 0.958 0.805 0.901 
   4   (0.286) 0.291 0.389 0.042 0.195 0.099 

Locus 151 : 
2 alleles
0.0% missing data
   3   (0.735) 0.746 0.672 0.963 0.889 0.406 
   2   (0.265) 0.254 0.328 0.037 0.111 0.594 

Locus 152 : 
2 alleles
0.0% missing data
   4   (0.924) 0.895 0.965 0.830 0.995 0.998 
   2   (0.076) 0.105 0.035 0.170 0.005 0.002 

Locus 153 : 
2 alleles
0.0% missing data
   1   (0.650) 0.736 0.625 0.665 0.499 0.683 
   4   (0.350) 0.264 0.375 0.335 0.501 0.317 

Locus 154 : 
2 alleles
0.8% missing data
   1   (0.544) 0.618 0.602 0.511 0.105 0.895 
   3   (0.456) 0.382 0.398 0.489 0.895 0.105 

Locus 155 : 
2 alleles
0.0% missing data
   3   (0.564) 0.561 0.458 0.777 0.634 0.849 
   4   (0.436) 0.439 0.542 0.223 0.366 0.151 

Locus 156 : 
2 alleles
0.8% missing data
   1   (0.800) 0.825 0.880 0.972 0.214 0.973 
   2   (0.200) 0.175 0.120 0.028 0.786 0.027 

Locus 157 : 
2 alleles
0.0% missing data
   4   (0.587) 0.652 0.499 0.664 0.559 0.750 
   2   (0.413) 0.348 0.501 0.336 0.441 0.250 

Locus 158 : 
2 alleles
0.8% missing data
   1   (0.711) 0.728 0.637 0.799 0.901 0.755 
   2   (0.289) 0.272 0.363 0.201 0.099 0.245 

Locus 159 : 
3 alleles
0.8% missing data
   2   (0.825) 0.812 0.914 0.975 0.516 0.867 
   0   (0.070) 0.107 0.021 0.011 0.004 0.130 
   3   (0.105) 0.081 0.066 0.014 0.480 0.003 

Locus 160 : 
3 alleles
0.0% missing data
   1   (0.449) 0.465 0.528 0.486 0.182 0.468 
   3   (0.518) 0.521 0.423 0.509 0.817 0.531 
   0   (0.033) 0.014 0.048 0.005 0.002 0.001 

Locus 161 : 
2 alleles
0.8% missing data
   1   (0.523) 0.592 0.508 0.181 0.535 0.513 
   4   (0.477) 0.408 0.492 0.819 0.465 0.487 

Locus 162 : 
3 alleles
3.1% missing data
   1   (0.898) 0.864 0.971 0.986 0.938 0.997 
   0   (0.070) 0.122 0.020 0.010 0.038 0.002 
   2   (0.033) 0.014 0.010 0.004 0.023 0.001 

Locus 163 : 
2 alleles
0.0% missing data
   2   (0.885) 0.944 0.916 0.984 0.657 0.854 
   3   (0.115) 0.056 0.084 0.016 0.343 0.146 

Locus 164 : 
3 alleles
0.8% missing data
   4   (0.864) 0.884 0.956 0.981 0.854 0.812 
   1   (0.106) 0.102 0.035 0.015 0.125 0.187 
   0   (0.030) 0.014 0.008 0.004 0.021 0.001 

Locus 165 : 
2 alleles
0.0% missing data
   4   (0.810) 0.896 0.812 0.866 0.680 0.832 
   1   (0.190) 0.104 0.188 0.134 0.320 0.168 

Locus 166 : 
2 alleles
0.8% missing data
   2   (0.877) 0.947 0.861 0.982 0.499 0.985 
   3   (0.123) 0.053 0.139 0.018 0.501 0.015 

Locus 167 : 
2 alleles
0.0% missing data
   2   (0.650) 0.704 0.758 0.642 0.242 0.758 
   3   (0.350) 0.296 0.242 0.358 0.758 0.242 

Locus 168 : 
2 alleles
0.0% missing data
   3   (0.727) 0.732 0.755 0.736 0.783 0.909 
   2   (0.273) 0.268 0.245 0.264 0.217 0.091 

Locus 169 : 
3 alleles
2.4% missing data
   4   (0.402) 0.470 0.451 0.164 0.149 0.559 
   3   (0.547) 0.507 0.499 0.829 0.848 0.387 
   0   (0.051) 0.023 0.050 0.007 0.003 0.054 

Locus 170 : 
2 alleles
0.0% missing data
   1   (0.755) 0.802 0.861 0.532 0.687 0.547 
   3   (0.245) 0.198 0.139 0.468 0.313 0.453 

Locus 171 : 
3 alleles
3.1% missing data
   2   (0.827) 0.826 0.933 0.974 0.653 0.958 
   3   (0.140) 0.160 0.058 0.022 0.301 0.041 
   0   (0.033) 0.014 0.009 0.004 0.046 0.001 

Locus 172 : 
2 alleles
0.0% missing data
   4   (0.721) 0.732 0.711 0.958 0.726 0.610 
   1   (0.279) 0.268 0.289 0.042 0.274 0.390 

Locus 173 : 
2 alleles
0.0% missing data
   2   (0.766) 0.833 0.827 0.544 0.779 0.535 
   3   (0.234) 0.167 0.173 0.456 0.221 0.465 

Locus 174 : 
2 alleles
0.0% missing data
   4   (0.740) 0.797 0.736 0.851 0.697 0.810 
   1   (0.260) 0.203 0.264 0.149 0.303 0.190 

Locus 175 : 
2 alleles
0.0% missing data
   2   (0.725) 0.744 0.784 0.855 0.625 0.766 
   4   (0.275) 0.256 0.216 0.145 0.375 0.234 

Locus 176 : 
2 alleles
0.8% missing data
   4   (0.947) 0.950 0.938 0.992 0.996 0.998 
   1   (0.053) 0.050 0.062 0.008 0.004 0.002 

Locus 177 : 
2 alleles
0.0% missing data
   3   (0.505) 0.537 0.355 0.658 0.690 0.537 
   2   (0.495) 0.463 0.645 0.342 0.310 0.463 

Locus 178 : 
3 alleles
2.4% missing data
   3   (0.603) 0.603 0.568 0.620 0.829 0.650 
   2   (0.367) 0.385 0.424 0.278 0.170 0.349 
   0   (0.030) 0.012 0.008 0.102 0.002 0.001 

Locus 179 : 
2 alleles
0.0% missing data
   3   (0.906) 0.952 0.928 0.987 0.838 0.967 
   2   (0.094) 0.048 0.072 0.013 0.162 0.033 

Locus 180 : 
3 alleles
1.6% missing data
   3   (0.528) 0.472 0.690 0.668 0.176 0.799 
   2   (0.428) 0.502 0.229 0.326 0.822 0.200 
   0   (0.044) 0.026 0.081 0.006 0.003 0.001 

Locus 181 : 
2 alleles
0.0% missing data
   2   (0.733) 0.765 0.736 0.962 0.556 0.745 
   1   (0.267) 0.235 0.264 0.038 0.444 0.255 

Locus 182 : 
2 alleles
1.6% missing data
   4   (0.791) 0.836 0.801 0.866 0.914 0.533 
   2   (0.209) 0.164 0.199 0.134 0.086 0.467 

Locus 183 : 
2 alleles
0.0% missing data
   4   (0.883) 0.911 0.870 0.980 0.975 0.905 
   2   (0.117) 0.089 0.130 0.020 0.025 0.095 

Locus 184 : 
2 alleles
0.0% missing data
   2   (0.887) 0.888 0.958 0.779 0.964 0.972 
   3   (0.113) 0.112 0.042 0.221 0.036 0.028 

Locus 185 : 
2 alleles
0.0% missing data
   2   (0.766) 0.782 0.877 0.538 0.729 0.810 
   3   (0.234) 0.218 0.123 0.462 0.271 0.190 

Locus 186 : 
2 alleles
0.0% missing data
   2   (0.918) 0.850 0.977 0.989 0.995 0.640 
   3   (0.082) 0.150 0.023 0.011 0.005 0.360 

Locus 187 : 
2 alleles
0.0% missing data
   3   (0.906) 0.958 0.936 0.774 0.970 0.958 
   2   (0.094) 0.042 0.064 0.226 0.030 0.042 

Locus 188 : 
2 alleles
2.4% missing data
   2   (0.742) 0.704 0.841 0.963 0.566 0.743 
   3   (0.258) 0.296 0.159 0.037 0.434 0.257 

Locus 189 : 
3 alleles
3.1% missing data
   3   (0.650) 0.716 0.689 0.744 0.589 0.498 
   1   (0.301) 0.254 0.279 0.249 0.360 0.501 
   0   (0.049) 0.030 0.031 0.007 0.051 0.001 

Locus 190 : 
2 alleles
0.0% missing data
   1   (0.880) 0.894 0.808 0.983 0.954 0.996 
   5   (0.120) 0.106 0.192 0.017 0.046 0.004 

Locus 191 : 
2 alleles
0.0% missing data
   1   (0.790) 0.680 0.844 0.822 0.988 0.677 
   5   (0.210) 0.320 0.156 0.178 0.012 0.323 

Locus 192 : 
2 alleles
0.0% missing data
   2   (0.577) 0.614 0.603 0.243 0.513 0.792 
   1   (0.423) 0.386 0.397 0.757 0.487 0.208 

Locus 193 : 
2 alleles
2.4% missing data
   1   (0.935) 0.933 0.977 0.992 0.904 0.998 
   4   (0.065) 0.067 0.023 0.008 0.096 0.002 

Locus 194 : 
2 alleles
0.0% missing data
   3   (0.772) 0.706 0.782 0.968 0.681 0.992 
   2   (0.228) 0.294 0.218 0.032 0.319 0.008 

Locus 195 : 
2 alleles
6.3% missing data
   4   (0.579) 0.560 0.477 0.681 0.473 0.986 
   1   (0.421) 0.440 0.523 0.319 0.527 0.014 

Locus 196 : 
2 alleles
0.8% missing data
   3   (0.882) 0.905 0.885 0.984 0.975 0.767 
   2   (0.118) 0.095 0.115 0.016 0.025 0.233 

Locus 197 : 
2 alleles
0.8% missing data
   3   (0.666) 0.663 0.660 0.784 0.767 0.750 
   4   (0.334) 0.337 0.340 0.216 0.233 0.250 

Locus 198 : 
2 alleles
0.0% missing data
   1   (0.964) 0.985 0.990 0.995 0.898 0.999 
   2   (0.036) 0.015 0.010 0.005 0.102 0.001 

Locus 199 : 
2 alleles
0.0% missing data
   2   (0.850) 0.824 0.910 0.979 0.555 0.995 
   3   (0.150) 0.176 0.090 0.021 0.445 0.005 

Locus 200 : 
2 alleles
0.0% missing data
   2   (0.519) 0.546 0.501 0.443 0.494 0.606 
   4   (0.481) 0.454 0.499 0.557 0.506 0.394 

Locus 201 : 
2 alleles
0.8% missing data
   2   (0.714) 0.763 0.587 0.958 0.343 0.990 
   1   (0.286) 0.237 0.413 0.042 0.657 0.010 

Locus 202 : 
2 alleles
0.0% missing data
   1   (0.913) 0.960 0.914 0.827 0.995 0.747 
   3   (0.087) 0.040 0.086 0.173 0.005 0.253 

Locus 203 : 
2 alleles
0.8% missing data
   2   (0.707) 0.697 0.648 0.587 0.764 0.991 
   1   (0.293) 0.303 0.352 0.413 0.236 0.009 

Locus 204 : 
2 alleles
0.0% missing data
   2   (0.827) 0.717 0.891 0.977 0.821 0.994 
   5   (0.173) 0.283 0.109 0.023 0.179 0.006 

Locus 205 : 
2 alleles
0.0% missing data
   3   (0.684) 0.652 0.715 0.642 0.883 0.648 
   1   (0.316) 0.348 0.285 0.358 0.117 0.352 

Locus 206 : 
2 alleles
0.0% missing data
   4   (0.572) 0.471 0.685 0.888 0.598 0.323 
   1   (0.428) 0.529 0.315 0.112 0.402 0.677 

Locus 207 : 
2 alleles
0.8% missing data
   3   (0.816) 0.847 0.777 0.657 0.882 0.994 
   2   (0.184) 0.153 0.223 0.343 0.118 0.006 

Locus 208 : 
2 alleles
1.6% missing data
   1   (0.726) 0.665 0.799 0.801 0.528 0.991 
   2   (0.274) 0.335 0.201 0.199 0.472 0.009 

Locus 209 : 
3 alleles
0.0% missing data
   3   (0.939) 0.975 0.983 0.992 0.997 0.907 
   2   (0.031) 0.013 0.009 0.004 0.002 0.066 
   0   (0.030) 0.012 0.008 0.004 0.002 0.027 

Locus 210 : 
2 alleles
0.0% missing data
   2   (0.620) 0.655 0.673 0.095 0.447 0.980 
   4   (0.380) 0.345 0.327 0.905 0.553 0.020 

Locus 211 : 
2 alleles
0.0% missing data
   2   (0.883) 0.895 0.909 0.981 0.764 0.996 
   4   (0.117) 0.105 0.091 0.019 0.236 0.004 

Locus 212 : 
2 alleles
0.0% missing data
   4   (0.745) 0.779 0.764 0.855 0.748 0.779 
   1   (0.255) 0.221 0.236 0.145 0.252 0.221 

Locus 213 : 
2 alleles
0.0% missing data
   3   (0.762) 0.857 0.839 0.602 0.622 0.218 
   2   (0.238) 0.143 0.161 0.398 0.378 0.782 

Locus 214 : 
2 alleles
0.0% missing data
   1   (0.738) 0.715 0.856 0.708 0.657 0.864 
   4   (0.262) 0.285 0.144 0.292 0.343 0.136 

Locus 215 : 
2 alleles
0.0% missing data
   4   (0.315) 0.258 0.424 0.530 0.094 0.317 
   5   (0.685) 0.742 0.576 0.470 0.906 0.683 

Locus 216 : 
2 alleles
0.0% missing data
   3   (0.898) 0.915 0.965 0.986 0.801 0.905 
   1   (0.102) 0.085 0.035 0.014 0.199 0.095 

Locus 217 : 
2 alleles
0.0% missing data
   3   (0.868) 0.891 0.906 0.817 0.864 0.996 
   2   (0.132) 0.109 0.094 0.183 0.136 0.004 

Locus 218 : 
2 alleles
0.0% missing data
   3   (0.431) 0.448 0.536 0.065 0.432 0.241 
   2   (0.569) 0.552 0.464 0.935 0.568 0.759 

Locus 219 : 
2 alleles
0.0% missing data
   4   (0.748) 0.794 0.778 0.763 0.286 0.992 
   2   (0.252) 0.206 0.222 0.237 0.714 0.008 

Locus 220 : 
2 alleles
0.0% missing data
   3   (0.749) 0.757 0.813 0.699 0.663 0.953 
   2   (0.251) 0.243 0.187 0.301 0.337 0.047 

Locus 221 : 
2 alleles
0.0% missing data
   3   (0.813) 0.900 0.751 0.699 0.920 0.773 
   2   (0.187) 0.100 0.249 0.301 0.080 0.227 

Locus 222 : 
2 alleles
0.0% missing data
   2   (0.700) 0.615 0.810 0.636 0.496 0.991 
   3   (0.300) 0.385 0.190 0.364 0.504 0.009 

Locus 223 : 
2 alleles
0.8% missing data
   1   (0.951) 0.976 0.977 0.994 0.790 0.998 
   2   (0.049) 0.024 0.023 0.006 0.210 0.002 

Locus 224 : 
2 alleles
0.0% missing data
   5   (0.778) 0.878 0.777 0.867 0.424 0.884 
   1   (0.222) 0.122 0.223 0.133 0.576 0.116 

Locus 225 : 
2 alleles
0.8% missing data
   2   (0.749) 0.801 0.775 0.751 0.786 0.639 
   3   (0.251) 0.199 0.225 0.249 0.214 0.361 

Locus 226 : 
2 alleles
0.0% missing data
   3   (0.918) 0.912 0.840 0.987 0.995 0.997 
   1   (0.082) 0.088 0.160 0.013 0.005 0.003 

Values of parameters used in structure:
DATAFILE=/Users/ddayan/FRA/small_omy_projects/sf_crooked_river_2021/structure_SFGL_Omy269/project_data,	OUTFILE=/Users/ddayan/FRA/small_omy_projects/sf_crooked_river_2021/structure_SFGL_Omy269/5k10kadmcorr/Results/5k10kadmcorr_run_50,	NUMINDS=127,	NUMLOCI=226,	MISSING=-9,	LABEL=0,	POPDATA=1,	POPFLAG=0,	PHENOTYPE=0,	EXTRACOLS=0,	MAXPOPS=5,	BURNIN=5000,	NUMREPS=10000,	USEPOPINFO=0,	INFERALPHA=1,	INFERLAMBDA=0,	POPSPECIFICLAMBDA=0,	POPALPHAS=0,	COMPUTEPROB=1,	NOADMIX=0,	ADMBURNIN=2500,	UPDATEFREQ=1,	PRINTLIKES=0,	INTERMEDSAVE=0,	PRINTKLD=0,	PRINTNET=0,	PRINTLAMBDA=0,	ANCESTDIST=0,	NUMBOXES=1000,	ANCESTPINT=0.90000,	GENSBACK=2,	MIGRPRIOR=0.05000,	PRINTQHAT=0,	PRINTQSUM=0,	ALPHA=1.0000,	FREQSCORR=1,	FPRIORMEAN=0.0100,	FPRIORSD=0.0500,	ONEFST=0,	LAMBDA=1.0000,	UNIFPRIORALPHA=1,	ALPHAMAX=10.0000,	ALPHAPRIORA=1.0000,	ALPHAPRIORB=2.0000,	ALPHAPROPSD=0.0250,	STARTATPOPINFO=0,	RANDOMIZE=1,	LINKAGE=0,	METROFREQ=10,	REPORTHITRATE=0,	MARKOVPHASE=-1,	PHASED=0,	PLOIDY=2,	PHASEINFO=0	LOCPRIOR=0, 	LOCPRIORINIT=1.000000, 	LOCDATA=0, 	LOCISPOP=0, 	LOCPRIORSTEP=0.100000, 	MAXLOCPRIOR=20.000000, 	SEED=1642737653,	
[STRAT parameters]:    NUMSIMSTATS=1000,	PHENOTYPECOL=-9,	POOLFREQ=10,	LOCUSxONLY=0,	EMERROR=0.00100,	MISSINGPHENO=-9,	