

----------------------------------------------------
STRUCTURE by Pritchard, Stephens and Donnelly (2000)
     and Falush, Stephens and Pritchard (2003)
       Code by Pritchard, Falush and Hubisz
             Version 2.3.4 (Jul 2012)
----------------------------------------------------



Command line arguments:   bin/structure -m "/Users/ddayan/FRA/small_omy_projects/sf_crooked_river_2021/structure_SFGL_Omy269/5k10kadmcorr/mainparams" -e "/Users/ddayan/FRA/small_omy_projects/sf_crooked_river_2021/structure_SFGL_Omy269/5k10kadmcorr/extraparams" 
Input File:    /Users/ddayan/FRA/small_omy_projects/sf_crooked_river_2021/structure_SFGL_Omy269/project_data

Run parameters:
   127 individuals
   226 loci
   6 populations assumed
   5000 Burn-in period
   10000 Reps


--------------------------------------------
Proportion of membership of each pre-defined
 population in each of the 6 clusters

Given    Inferred Clusters                            Number of
 Pop       1      2      3      4      5      6      Individuals

  1:     0.003  0.002  0.986  0.003  0.003  0.004       35
  2:     0.007  0.794  0.003  0.030  0.078  0.088       17
  3:     0.202  0.012  0.051  0.121  0.110  0.503       41
  4:     0.005  0.970  0.005  0.007  0.006  0.006       34
--------------------------------------------

Allele-freq. divergence among pops (Net nucleotide distance),
computed using point estimates of P.

      1       2       3       4       5       6      
 1      -    0.0656  0.0588  0.0484  0.0479  0.0366  
 2   0.0656     -    0.0786  0.0565  0.0397  0.0375  
 3   0.0588  0.0786     -    0.0539  0.0430  0.0353  
 4   0.0484  0.0565  0.0539     -    0.0383  0.0301  
 5   0.0479  0.0397  0.0430  0.0383     -    0.0173  
 6   0.0366  0.0375  0.0353  0.0301  0.0173     -    

Average distances (expected heterozygosity) between individuals in same cluster:
cluster  1  : 0.2748 
cluster  2  : 0.3341 
cluster  3  : 0.2448 
cluster  4  : 0.2882 
cluster  5  : 0.3319 
cluster  6  : 0.3351 

--------------------------------------------
Estimated Ln Prob of Data   = -26366.5
Mean value of ln likelihood = -25954.2
Variance of ln likelihood   = 824.8
Mean value of alpha         = 0.0306

Mean value of Fst_1         = 0.2691
Mean value of Fst_2         = 0.1542
Mean value of Fst_3         = 0.2979
Mean value of Fst_4         = 0.2324
Mean value of Fst_5         = 0.1275
Mean value of Fst_6         = 0.0562


Inferred ancestry of individuals:
     (%Miss) Pop:  Inferred clusters
  1    (0)    1 :  0.002 0.001 0.991 0.002 0.001 0.002 
  2    (0)    1 :  0.007 0.008 0.960 0.006 0.008 0.011 
  3    (0)    1 :  0.001 0.002 0.994 0.001 0.001 0.001 
  4    (0)    1 :  0.001 0.001 0.990 0.002 0.003 0.003 
  5    (0)    1 :  0.001 0.003 0.988 0.006 0.001 0.001 
  6    (0)    1 :  0.001 0.002 0.990 0.003 0.002 0.002 
  7    (0)    1 :  0.001 0.001 0.995 0.001 0.001 0.001 
  8    (0)    1 :  0.002 0.001 0.989 0.003 0.003 0.003 
  9    (0)    1 :  0.002 0.001 0.994 0.001 0.001 0.001 
 10    (0)    1 :  0.002 0.001 0.988 0.001 0.004 0.003 
 11    (0)    1 :  0.031 0.003 0.930 0.014 0.003 0.018 
 12    (0)    1 :  0.003 0.005 0.972 0.008 0.004 0.008 
 13    (0)    1 :  0.002 0.000 0.994 0.001 0.001 0.001 
 14    (0)    1 :  0.003 0.000 0.992 0.002 0.001 0.002 
 15    (0)    1 :  0.001 0.001 0.995 0.001 0.001 0.001 
 16    (0)    1 :  0.005 0.001 0.988 0.002 0.001 0.002 
 17    (0)    1 :  0.004 0.001 0.968 0.005 0.015 0.007 
 18    (0)    1 :  0.003 0.017 0.939 0.002 0.011 0.028 
 19    (0)    1 :  0.003 0.001 0.993 0.001 0.002 0.001 
 20    (0)    1 :  0.002 0.001 0.994 0.001 0.001 0.002 
 21    (0)    1 :  0.002 0.002 0.989 0.003 0.002 0.003 
 22    (0)    1 :  0.001 0.001 0.987 0.004 0.004 0.003 
 23    (0)    1 :  0.003 0.001 0.994 0.001 0.001 0.001 
 24    (0)    1 :  0.001 0.001 0.995 0.001 0.001 0.001 
 25    (0)    1 :  0.001 0.006 0.986 0.002 0.002 0.002 
 26    (0)    1 :  0.002 0.001 0.995 0.001 0.001 0.001 
 27    (0)    1 :  0.000 0.001 0.997 0.001 0.001 0.001 
 28    (0)    1 :  0.003 0.001 0.984 0.002 0.004 0.005 
 29    (0)    1 :  0.001 0.001 0.993 0.001 0.001 0.003 
 30    (0)    1 :  0.001 0.000 0.997 0.001 0.001 0.001 
 31    (0)    1 :  0.002 0.002 0.992 0.002 0.001 0.002 
 32    (0)    1 :  0.002 0.002 0.987 0.004 0.003 0.001 
 33    (0)    1 :  0.001 0.001 0.996 0.001 0.001 0.001 
 34    (0)    1 :  0.002 0.001 0.995 0.001 0.001 0.001 
 35    (0)    1 :  0.002 0.001 0.989 0.003 0.002 0.003 
 36    (0)    2 :  0.002 0.856 0.003 0.017 0.082 0.040 
 37    (0)    2 :  0.003 0.976 0.003 0.003 0.005 0.009 
 38    (0)    3 :  0.024 0.001 0.004 0.027 0.002 0.943 
 39    (0)    3 :  0.001 0.003 0.013 0.001 0.979 0.003 
 40    (0)    3 :  0.001 0.002 0.045 0.002 0.944 0.005 
 41    (0)    3 :  0.015 0.071 0.005 0.017 0.330 0.561 
 42    (0)    3 :  0.112 0.063 0.005 0.003 0.018 0.799 
 43    (0)    2 :  0.002 0.990 0.001 0.002 0.002 0.003 
 44    (0)    2 :  0.019 0.057 0.004 0.057 0.007 0.856 
 45    (0)    2 :  0.002 0.986 0.001 0.003 0.005 0.002 
 46    (0)    2 :  0.003 0.983 0.003 0.002 0.005 0.004 
 47    (0)    2 :  0.039 0.596 0.003 0.004 0.343 0.014 
 48    (0)    2 :  0.003 0.210 0.007 0.002 0.767 0.010 
 49    (0)    2 :  0.005 0.470 0.018 0.304 0.017 0.185 
 50    (0)    2 :  0.002 0.977 0.001 0.005 0.003 0.012 
 51    (0)    2 :  0.007 0.949 0.003 0.003 0.032 0.005 
 52    (0)    3 :  0.022 0.003 0.006 0.004 0.004 0.960 
 53    (0)    3 :  0.002 0.006 0.032 0.049 0.017 0.894 
 54    (0)    3 :  0.008 0.009 0.003 0.265 0.067 0.648 
 55    (0)    3 :  0.009 0.130 0.006 0.004 0.104 0.747 
 56    (0)    3 :  0.992 0.001 0.003 0.001 0.001 0.002 
 57    (0)    3 :  0.002 0.004 0.103 0.003 0.007 0.880 
 58    (0)    3 :  0.005 0.004 0.002 0.968 0.004 0.017 
 59    (0)    3 :  0.002 0.032 0.001 0.009 0.913 0.042 
 60    (0)    3 :  0.991 0.001 0.002 0.003 0.001 0.002 
 61    (0)    3 :  0.993 0.001 0.001 0.001 0.001 0.003 
 62    (0)    3 :  0.010 0.004 0.003 0.003 0.003 0.978 
 63    (0)    3 :  0.006 0.002 0.003 0.002 0.004 0.983 
 64    (0)    3 :  0.002 0.001 0.438 0.007 0.006 0.546 
 65    (0)    3 :  0.001 0.001 0.401 0.005 0.003 0.588 
 66    (0)    3 :  0.002 0.003 0.254 0.006 0.003 0.733 
 67    (0)    3 :  0.019 0.028 0.195 0.007 0.008 0.743 
 68    (0)    3 :  0.995 0.001 0.001 0.001 0.001 0.001 
 69    (0)    3 :  0.001 0.025 0.407 0.004 0.005 0.559 
 70    (0)    3 :  0.981 0.001 0.004 0.003 0.003 0.008 
 71    (0)    3 :  0.986 0.001 0.006 0.002 0.003 0.002 
 72    (0)    3 :  0.990 0.001 0.004 0.002 0.001 0.002 
 73    (0)    3 :  0.031 0.002 0.004 0.960 0.002 0.002 
 74    (0)    3 :  0.002 0.002 0.005 0.005 0.002 0.983 
 75    (0)    3 :  0.001 0.001 0.003 0.002 0.004 0.988 
 76    (0)    3 :  0.002 0.005 0.003 0.036 0.008 0.946 
 77    (0)    3 :  0.001 0.001 0.001 0.993 0.002 0.002 
 78    (0)    3 :  0.035 0.002 0.026 0.005 0.005 0.926 
 79    (0)    3 :  0.003 0.003 0.002 0.004 0.012 0.976 
 80    (0)    3 :  0.004 0.002 0.004 0.009 0.002 0.980 
 81    (0)    3 :  0.007 0.002 0.008 0.001 0.002 0.980 
 82    (0)    3 :  0.003 0.047 0.020 0.461 0.008 0.461 
 83    (0)    3 :  0.003 0.002 0.006 0.985 0.002 0.002 
 84    (0)    3 :  0.033 0.002 0.007 0.005 0.001 0.952 
 85    (0)    3 :  0.994 0.001 0.001 0.001 0.002 0.001 
 86    (0)    3 :  0.001 0.004 0.001 0.002 0.989 0.002 
 87    (0)    3 :  0.002 0.012 0.043 0.110 0.047 0.785 
 88    (0)    2 :  0.001 0.993 0.001 0.002 0.001 0.002 
 89    (0)    2 :  0.001 0.987 0.001 0.002 0.004 0.005 
 90    (0)    2 :  0.002 0.981 0.001 0.002 0.013 0.002 
 91    (0)    2 :  0.016 0.527 0.003 0.097 0.014 0.343 
 92    (0)    2 :  0.005 0.960 0.002 0.005 0.025 0.004 
 93    (0)    2 :  0.001 0.995 0.001 0.002 0.001 0.001 
 94    (0)    4 :  0.002 0.988 0.002 0.003 0.003 0.002 
 95    (0)    4 :  0.002 0.987 0.001 0.007 0.001 0.002 
 96    (2)    4 :  0.006 0.975 0.003 0.003 0.004 0.009 
 97    (0)    4 :  0.005 0.938 0.012 0.010 0.009 0.026 
 98    (1)    4 :  0.005 0.939 0.005 0.013 0.025 0.014 
 99    (0)    4 :  0.005 0.977 0.004 0.007 0.003 0.003 
100    (1)    4 :  0.008 0.972 0.003 0.003 0.003 0.012 
101    (0)    4 :  0.002 0.980 0.002 0.004 0.004 0.009 
102    (0)    4 :  0.002 0.993 0.001 0.002 0.001 0.002 
103    (0)    4 :  0.009 0.958 0.015 0.005 0.002 0.010 
104    (1)    4 :  0.014 0.973 0.002 0.004 0.001 0.006 
105    (1)    4 :  0.001 0.992 0.002 0.001 0.001 0.003 
106    (2)    4 :  0.003 0.972 0.006 0.012 0.005 0.003 
107    (1)    4 :  0.001 0.991 0.001 0.003 0.002 0.002 
108    (0)    4 :  0.011 0.963 0.003 0.005 0.012 0.006 
109    (1)    4 :  0.001 0.964 0.021 0.002 0.005 0.008 
110    (3)    4 :  0.003 0.990 0.001 0.001 0.003 0.002 
111    (0)    4 :  0.003 0.954 0.009 0.007 0.010 0.016 
112    (1)    4 :  0.002 0.980 0.003 0.006 0.006 0.002 
113    (1)    4 :  0.002 0.990 0.001 0.003 0.002 0.001 
114    (0)    4 :  0.001 0.994 0.001 0.001 0.002 0.001 
115    (1)    4 :  0.001 0.995 0.002 0.001 0.001 0.001 
116    (1)    4 :  0.010 0.881 0.003 0.074 0.017 0.015 
117    (0)    4 :  0.003 0.959 0.015 0.019 0.002 0.003 
118    (3)    4 :  0.002 0.986 0.003 0.003 0.003 0.004 
119    (2)    4 :  0.005 0.942 0.024 0.006 0.015 0.009 
120    (2)    4 :  0.008 0.969 0.002 0.008 0.003 0.010 
121    (0)    4 :  0.003 0.965 0.012 0.007 0.004 0.009 
122    (1)    4 :  0.008 0.980 0.003 0.002 0.005 0.002 
123    (0)    4 :  0.001 0.994 0.001 0.001 0.001 0.001 
124   (15)    4 :  0.026 0.954 0.004 0.004 0.004 0.010 
125    (1)    4 :  0.006 0.948 0.013 0.005 0.021 0.007 
126    (0)    4 :  0.017 0.955 0.005 0.003 0.014 0.007 
127    (2)    4 :  0.003 0.981 0.003 0.006 0.005 0.002 


Estimated Allele Frequencies in each cluster
First column gives estimated ancestral frequencies


Locus 1 : 
2 alleles
0.0% missing data
   3   (0.933) 0.990 0.912 0.998 0.985 0.792 0.981 
   2   (0.067) 0.010 0.088 0.002 0.015 0.208 0.019 

Locus 2 : 
2 alleles
0.0% missing data
   2   (0.339) 0.052 0.367 0.166 0.165 0.325 0.448 
   3   (0.661) 0.948 0.633 0.834 0.835 0.675 0.552 

Locus 3 : 
2 alleles
0.0% missing data
   2   (0.357) 0.218 0.339 0.251 0.164 0.340 0.411 
   4   (0.643) 0.782 0.661 0.749 0.836 0.660 0.589 

Locus 4 : 
2 alleles
0.0% missing data
   1   (0.687) 0.365 0.927 0.888 0.806 0.529 0.690 
   4   (0.313) 0.635 0.073 0.112 0.194 0.471 0.310 

Locus 5 : 
2 alleles
3.1% missing data
   2   (0.810) 0.972 0.738 0.952 0.946 0.757 0.814 
   1   (0.190) 0.028 0.262 0.048 0.054 0.243 0.186 

Locus 6 : 
2 alleles
2.4% missing data
   1   (0.208) 0.031 0.192 0.379 0.252 0.083 0.226 
   3   (0.792) 0.969 0.808 0.621 0.748 0.917 0.774 

Locus 7 : 
2 alleles
0.0% missing data
   2   (0.622) 0.944 0.412 0.457 0.583 0.654 0.652 
   3   (0.378) 0.056 0.588 0.543 0.417 0.346 0.348 

Locus 8 : 
2 alleles
2.4% missing data
   1   (0.246) 0.252 0.166 0.262 0.072 0.211 0.253 
   2   (0.754) 0.748 0.834 0.738 0.928 0.789 0.747 

Locus 9 : 
2 alleles
0.8% missing data
   4   (0.959) 0.994 0.824 0.999 0.990 0.984 0.989 
   1   (0.041) 0.006 0.176 0.001 0.010 0.016 0.011 

Locus 10 : 
2 alleles
0.0% missing data
   3   (0.729) 0.644 0.518 0.991 0.916 0.578 0.758 
   2   (0.271) 0.356 0.482 0.009 0.084 0.422 0.242 

Locus 11 : 
2 alleles
0.0% missing data
   2   (0.950) 0.993 0.772 0.998 0.988 0.957 0.986 
   1   (0.050) 0.007 0.228 0.002 0.012 0.043 0.014 

Locus 12 : 
2 alleles
0.0% missing data
   1   (0.489) 0.232 0.279 0.822 0.683 0.315 0.591 
   4   (0.511) 0.768 0.721 0.178 0.317 0.685 0.409 

Locus 13 : 
2 alleles
0.8% missing data
   2   (0.714) 0.800 0.585 0.804 0.921 0.866 0.637 
   4   (0.286) 0.200 0.415 0.196 0.079 0.134 0.363 

Locus 14 : 
2 alleles
0.0% missing data
   4   (0.685) 0.532 0.576 0.801 0.852 0.819 0.682 
   2   (0.315) 0.468 0.424 0.199 0.148 0.181 0.318 

Locus 15 : 
2 alleles
0.0% missing data
   4   (0.873) 0.982 0.885 0.996 0.968 0.657 0.894 
   2   (0.127) 0.018 0.115 0.004 0.032 0.343 0.106 

Locus 16 : 
2 alleles
0.0% missing data
   1   (0.414) 0.475 0.383 0.692 0.335 0.569 0.296 
   4   (0.586) 0.525 0.617 0.308 0.665 0.431 0.704 

Locus 17 : 
2 alleles
0.0% missing data
   4   (0.920) 0.889 0.939 0.997 0.678 0.969 0.978 
   3   (0.080) 0.111 0.061 0.003 0.322 0.031 0.022 

Locus 18 : 
2 alleles
0.0% missing data
   2   (0.800) 0.970 0.783 0.789 0.942 0.891 0.735 
   3   (0.200) 0.030 0.217 0.211 0.058 0.109 0.265 

Locus 19 : 
2 alleles
0.8% missing data
   4   (0.867) 0.981 0.820 0.984 0.959 0.719 0.920 
   2   (0.133) 0.019 0.180 0.016 0.041 0.281 0.080 

Locus 20 : 
2 alleles
0.0% missing data
   2   (0.662) 0.950 0.661 0.562 0.653 0.680 0.641 
   3   (0.338) 0.050 0.339 0.438 0.347 0.320 0.359 

Locus 21 : 
2 alleles
0.8% missing data
   2   (0.351) 0.262 0.452 0.206 0.197 0.300 0.363 
   3   (0.649) 0.738 0.548 0.794 0.803 0.700 0.637 

Locus 22 : 
2 alleles
0.0% missing data
   4   (0.797) 0.699 0.727 0.871 0.946 0.783 0.875 
   2   (0.203) 0.301 0.273 0.129 0.054 0.217 0.125 

Locus 23 : 
2 alleles
2.4% missing data
   1   (0.360) 0.484 0.401 0.564 0.105 0.320 0.350 
   4   (0.640) 0.516 0.599 0.436 0.895 0.680 0.650 

Locus 24 : 
2 alleles
0.0% missing data
   3   (0.764) 0.966 0.612 0.992 0.420 0.860 0.718 
   2   (0.236) 0.034 0.388 0.008 0.580 0.140 0.282 

Locus 25 : 
2 alleles
0.0% missing data
   3   (0.702) 0.956 0.714 0.491 0.839 0.711 0.674 
   2   (0.298) 0.044 0.286 0.509 0.161 0.289 0.326 

Locus 26 : 
2 alleles
0.8% missing data
   2   (0.574) 0.937 0.553 0.724 0.416 0.450 0.567 
   4   (0.426) 0.063 0.447 0.276 0.584 0.550 0.433 

Locus 27 : 
2 alleles
1.6% missing data
   1   (0.604) 0.193 0.626 0.754 0.501 0.811 0.595 
   4   (0.396) 0.807 0.374 0.246 0.499 0.189 0.405 

Locus 28 : 
2 alleles
3.9% missing data
   3   (0.530) 0.290 0.660 0.584 0.410 0.679 0.493 
   2   (0.470) 0.710 0.340 0.416 0.590 0.321 0.507 

Locus 29 : 
2 alleles
0.0% missing data
   4   (0.197) 0.339 0.352 0.441 0.346 0.120 0.068 
   1   (0.803) 0.661 0.648 0.559 0.654 0.880 0.932 

Locus 30 : 
2 alleles
0.0% missing data
   1   (0.429) 0.490 0.462 0.572 0.493 0.365 0.378 
   4   (0.571) 0.510 0.538 0.428 0.507 0.635 0.622 

Locus 31 : 
2 alleles
3.1% missing data
   2   (0.297) 0.044 0.299 0.503 0.331 0.342 0.259 
   4   (0.703) 0.956 0.701 0.497 0.669 0.658 0.741 

Locus 32 : 
2 alleles
0.0% missing data
   4   (0.523) 0.348 0.664 0.646 0.405 0.359 0.596 
   3   (0.477) 0.652 0.336 0.354 0.595 0.641 0.404 

Locus 33 : 
2 alleles
0.8% missing data
   2   (0.530) 0.449 0.619 0.565 0.161 0.564 0.603 
   3   (0.470) 0.551 0.381 0.435 0.839 0.436 0.397 

Locus 34 : 
2 alleles
0.0% missing data
   3   (0.497) 0.448 0.568 0.608 0.490 0.451 0.484 
   2   (0.503) 0.552 0.432 0.392 0.510 0.549 0.516 

Locus 35 : 
2 alleles
0.0% missing data
   4   (0.666) 0.685 0.794 0.989 0.685 0.704 0.519 
   1   (0.334) 0.315 0.206 0.011 0.315 0.296 0.481 

Locus 36 : 
2 alleles
0.0% missing data
   4   (0.645) 0.947 0.417 0.788 0.656 0.686 0.630 
   1   (0.355) 0.053 0.583 0.212 0.344 0.314 0.370 

Locus 37 : 
2 alleles
0.8% missing data
   2   (0.564) 0.733 0.449 0.814 0.388 0.511 0.618 
   3   (0.436) 0.267 0.551 0.186 0.612 0.489 0.382 

Locus 38 : 
2 alleles
0.8% missing data
   1   (0.917) 0.779 0.989 0.997 0.972 0.738 0.967 
   2   (0.083) 0.221 0.011 0.003 0.028 0.262 0.033 

Locus 39 : 
2 alleles
1.6% missing data
   2   (0.603) 0.518 0.340 0.963 0.665 0.680 0.594 
   4   (0.397) 0.482 0.660 0.037 0.335 0.320 0.406 

Locus 40 : 
2 alleles
0.0% missing data
   1   (0.402) 0.487 0.817 0.402 0.470 0.301 0.254 
   4   (0.598) 0.513 0.183 0.598 0.530 0.699 0.746 

Locus 41 : 
2 alleles
0.0% missing data
   2   (0.901) 0.986 0.622 0.933 0.971 0.895 0.970 
   1   (0.099) 0.014 0.378 0.067 0.029 0.105 0.030 

Locus 42 : 
2 alleles
0.0% missing data
   2   (0.532) 0.512 0.606 0.526 0.604 0.474 0.536 
   4   (0.468) 0.488 0.394 0.474 0.396 0.526 0.464 

Locus 43 : 
2 alleles
0.0% missing data
   2   (0.425) 0.444 0.684 0.366 0.167 0.459 0.374 
   4   (0.575) 0.556 0.316 0.634 0.833 0.541 0.626 

Locus 44 : 
3 alleles
1.6% missing data
   3   (0.847) 0.976 0.920 0.836 0.964 0.673 0.928 
   2   (0.121) 0.019 0.078 0.163 0.029 0.211 0.063 
   0   (0.032) 0.005 0.002 0.001 0.007 0.116 0.009 

Locus 45 : 
2 alleles
0.0% missing data
   1   (0.796) 0.970 0.794 0.984 0.685 0.606 0.850 
   2   (0.204) 0.030 0.206 0.016 0.315 0.394 0.150 

Locus 46 : 
2 alleles
0.0% missing data
   4   (0.876) 0.770 0.953 0.996 0.971 0.900 0.874 
   2   (0.124) 0.230 0.047 0.004 0.029 0.100 0.126 

Locus 47 : 
2 alleles
0.0% missing data
   2   (0.867) 0.707 0.949 0.957 0.968 0.931 0.888 
   1   (0.133) 0.293 0.051 0.043 0.032 0.069 0.112 

Locus 48 : 
2 alleles
1.6% missing data
   2   (0.572) 0.838 0.523 0.428 0.824 0.451 0.557 
   4   (0.428) 0.162 0.477 0.572 0.176 0.549 0.443 

Locus 49 : 
2 alleles
0.0% missing data
   1   (0.733) 0.798 0.649 0.915 0.631 0.811 0.780 
   2   (0.267) 0.202 0.351 0.085 0.369 0.189 0.220 

Locus 50 : 
2 alleles
0.0% missing data
   4   (0.717) 0.644 0.738 0.435 0.689 0.773 0.811 
   1   (0.283) 0.356 0.262 0.565 0.311 0.227 0.189 

Locus 51 : 
2 alleles
0.0% missing data
   3   (0.541) 0.556 0.667 0.570 0.568 0.807 0.361 
   2   (0.459) 0.444 0.333 0.430 0.432 0.193 0.639 

Locus 52 : 
2 alleles
0.8% missing data
   4   (0.921) 0.989 0.876 0.997 0.980 0.970 0.910 
   2   (0.079) 0.011 0.124 0.003 0.020 0.030 0.090 

Locus 53 : 
2 alleles
0.0% missing data
   4   (0.925) 0.730 0.625 0.998 0.980 0.972 0.978 
   2   (0.075) 0.270 0.375 0.002 0.020 0.028 0.022 

Locus 54 : 
2 alleles
3.1% missing data
   3   (0.587) 0.664 0.706 0.837 0.570 0.558 0.535 
   4   (0.413) 0.336 0.294 0.163 0.430 0.442 0.465 

Locus 55 : 
2 alleles
0.0% missing data
   2   (0.608) 0.787 0.777 0.594 0.615 0.510 0.594 
   1   (0.392) 0.213 0.223 0.406 0.385 0.490 0.406 

Locus 56 : 
3 alleles
2.4% missing data
   1   (0.783) 0.604 0.734 0.993 0.871 0.684 0.856 
   0   (0.070) 0.114 0.019 0.002 0.016 0.258 0.020 
   4   (0.147) 0.283 0.248 0.005 0.112 0.058 0.124 

Locus 57 : 
2 alleles
0.0% missing data
   4   (0.888) 0.984 0.646 0.996 0.925 0.809 0.945 
   1   (0.112) 0.016 0.354 0.004 0.075 0.191 0.055 

Locus 58 : 
2 alleles
0.0% missing data
   4   (0.879) 0.981 0.970 0.987 0.939 0.894 0.822 
   2   (0.121) 0.019 0.030 0.013 0.061 0.106 0.178 

Locus 59 : 
2 alleles
0.0% missing data
   3   (0.865) 0.981 0.954 0.889 0.961 0.785 0.887 
   2   (0.135) 0.019 0.046 0.111 0.039 0.215 0.113 

Locus 60 : 
2 alleles
0.0% missing data
   4   (0.760) 0.760 0.679 0.992 0.757 0.859 0.720 
   2   (0.240) 0.240 0.321 0.008 0.243 0.141 0.280 

Locus 61 : 
2 alleles
0.0% missing data
   4   (0.877) 0.826 0.775 0.996 0.962 0.953 0.886 
   2   (0.123) 0.174 0.225 0.004 0.038 0.047 0.114 

Locus 62 : 
2 alleles
0.0% missing data
   2   (0.739) 0.962 0.466 0.913 0.784 0.519 0.841 
   1   (0.261) 0.038 0.534 0.087 0.216 0.481 0.159 

Locus 63 : 
2 alleles
0.0% missing data
   2   (0.418) 0.705 0.218 0.642 0.528 0.274 0.422 
   1   (0.582) 0.295 0.782 0.358 0.472 0.726 0.578 

Locus 64 : 
2 alleles
0.0% missing data
   4   (0.823) 0.757 0.845 0.994 0.956 0.694 0.849 
   2   (0.177) 0.243 0.155 0.006 0.044 0.306 0.151 

Locus 65 : 
2 alleles
0.8% missing data
   1   (0.900) 0.983 0.743 0.997 0.673 0.957 0.947 
   4   (0.100) 0.017 0.257 0.003 0.327 0.043 0.053 

Locus 66 : 
3 alleles
1.6% missing data
   3   (0.595) 0.520 0.691 0.663 0.812 0.571 0.586 
   2   (0.372) 0.475 0.265 0.336 0.180 0.416 0.404 
   0   (0.034) 0.005 0.044 0.001 0.008 0.012 0.009 

Locus 67 : 
2 alleles
0.0% missing data
   1   (0.127) 0.229 0.039 0.030 0.032 0.076 0.113 
   3   (0.873) 0.771 0.961 0.970 0.968 0.924 0.887 

Locus 68 : 
2 alleles
0.0% missing data
   2   (0.526) 0.180 0.329 0.735 0.296 0.675 0.621 
   3   (0.474) 0.820 0.671 0.265 0.704 0.325 0.379 

Locus 69 : 
2 alleles
0.0% missing data
   4   (0.796) 0.702 0.506 0.993 0.662 0.916 0.840 
   2   (0.204) 0.298 0.494 0.007 0.338 0.084 0.160 

Locus 70 : 
3 alleles
0.0% missing data
   1   (0.314) 0.794 0.026 0.700 0.546 0.123 0.399 
   3   (0.644) 0.201 0.972 0.146 0.444 0.861 0.586 
   0   (0.042) 0.006 0.002 0.154 0.010 0.016 0.016 

Locus 71 : 
2 alleles
3.1% missing data
   2   (0.551) 0.505 0.748 0.214 0.435 0.403 0.640 
   4   (0.449) 0.495 0.252 0.786 0.565 0.597 0.360 

Locus 72 : 
2 alleles
1.6% missing data
   3   (0.532) 0.337 0.708 0.709 0.152 0.350 0.664 
   1   (0.468) 0.663 0.292 0.291 0.848 0.650 0.336 

Locus 73 : 
2 alleles
0.0% missing data
   1   (0.317) 0.475 0.351 0.538 0.509 0.192 0.213 
   2   (0.683) 0.525 0.649 0.462 0.491 0.808 0.787 

Locus 74 : 
2 alleles
1.6% missing data
   2   (0.819) 0.974 0.939 0.984 0.696 0.710 0.817 
   3   (0.181) 0.026 0.061 0.016 0.304 0.290 0.183 

Locus 75 : 
2 alleles
0.0% missing data
   3   (0.488) 0.170 0.665 0.790 0.218 0.579 0.472 
   1   (0.512) 0.830 0.335 0.210 0.782 0.421 0.528 

Locus 76 : 
2 alleles
0.0% missing data
   2   (0.446) 0.642 0.180 0.926 0.823 0.487 0.294 
   1   (0.554) 0.358 0.820 0.074 0.177 0.513 0.706 

Locus 77 : 
2 alleles
0.0% missing data
   4   (0.296) 0.316 0.103 0.479 0.113 0.189 0.398 
   1   (0.704) 0.684 0.897 0.521 0.887 0.811 0.602 

Locus 78 : 
2 alleles
0.0% missing data
   3   (0.713) 0.537 0.826 0.990 0.557 0.750 0.674 
   2   (0.287) 0.463 0.174 0.010 0.443 0.250 0.326 

Locus 79 : 
2 alleles
0.0% missing data
   2   (0.581) 0.837 0.523 0.722 0.796 0.653 0.467 
   3   (0.419) 0.163 0.477 0.278 0.204 0.347 0.533 

Locus 80 : 
2 alleles
0.0% missing data
   4   (0.809) 0.702 0.785 0.871 0.724 0.928 0.876 
   2   (0.191) 0.298 0.215 0.129 0.276 0.072 0.124 

Locus 81 : 
2 alleles
0.0% missing data
   3   (0.470) 0.069 0.580 0.337 0.575 0.529 0.504 
   2   (0.530) 0.931 0.420 0.663 0.425 0.471 0.496 

Locus 82 : 
2 alleles
0.0% missing data
   2   (0.730) 0.751 0.687 0.716 0.678 0.710 0.837 
   3   (0.270) 0.249 0.313 0.284 0.322 0.290 0.163 

Locus 83 : 
2 alleles
0.0% missing data
   3   (0.710) 0.957 0.471 0.881 0.781 0.575 0.774 
   2   (0.290) 0.043 0.529 0.119 0.219 0.425 0.226 

Locus 84 : 
2 alleles
0.0% missing data
   3   (0.534) 0.295 0.408 0.441 0.710 0.688 0.535 
   2   (0.466) 0.705 0.592 0.559 0.290 0.312 0.465 

Locus 85 : 
2 alleles
0.0% missing data
   3   (0.756) 0.651 0.819 0.873 0.384 0.859 0.836 
   4   (0.244) 0.349 0.181 0.127 0.616 0.141 0.164 

Locus 86 : 
2 alleles
0.0% missing data
   3   (0.525) 0.078 0.848 0.445 0.598 0.554 0.506 
   2   (0.475) 0.922 0.152 0.555 0.402 0.446 0.494 

Locus 87 : 
3 alleles
4.7% missing data
   1   (0.541) 0.503 0.431 0.712 0.467 0.521 0.615 
   4   (0.429) 0.487 0.563 0.287 0.525 0.395 0.376 
   0   (0.030) 0.011 0.006 0.001 0.007 0.084 0.009 

Locus 88 : 
2 alleles
1.6% missing data
   3   (0.819) 0.974 0.670 0.994 0.938 0.804 0.765 
   1   (0.181) 0.026 0.330 0.006 0.062 0.196 0.235 

Locus 89 : 
2 alleles
0.0% missing data
   1   (0.566) 0.505 0.425 0.894 0.232 0.558 0.661 
   4   (0.434) 0.495 0.575 0.106 0.768 0.442 0.339 

Locus 90 : 
2 alleles
0.8% missing data
   3   (0.741) 0.527 0.596 0.759 0.911 0.838 0.789 
   2   (0.259) 0.473 0.404 0.241 0.089 0.162 0.211 

Locus 91 : 
2 alleles
0.0% missing data
   2   (0.692) 0.740 0.719 0.692 0.919 0.744 0.646 
   4   (0.308) 0.260 0.281 0.308 0.081 0.256 0.354 

Locus 92 : 
2 alleles
0.0% missing data
   2   (0.766) 0.754 0.734 0.957 0.712 0.868 0.800 
   4   (0.234) 0.246 0.266 0.043 0.288 0.132 0.200 

Locus 93 : 
2 alleles
0.0% missing data
   4   (0.914) 0.985 0.876 0.997 0.979 0.749 0.962 
   1   (0.086) 0.015 0.124 0.003 0.021 0.251 0.038 

Locus 94 : 
2 alleles
0.0% missing data
   3   (0.781) 0.968 0.874 0.748 0.680 0.786 0.803 
   1   (0.219) 0.032 0.126 0.252 0.320 0.214 0.197 

Locus 95 : 
2 alleles
0.0% missing data
   1   (0.054) 0.007 0.003 0.067 0.013 0.179 0.015 
   3   (0.946) 0.993 0.997 0.933 0.987 0.821 0.985 

Locus 96 : 
2 alleles
0.0% missing data
   3   (0.562) 0.515 0.484 0.803 0.876 0.443 0.530 
   2   (0.438) 0.485 0.516 0.197 0.124 0.557 0.470 

Locus 97 : 
2 alleles
0.0% missing data
   2   (0.726) 0.755 0.634 0.991 0.734 0.688 0.731 
   1   (0.274) 0.245 0.366 0.009 0.266 0.312 0.269 

Locus 98 : 
2 alleles
0.0% missing data
   4   (0.770) 0.964 0.609 0.992 0.755 0.833 0.698 
   2   (0.230) 0.036 0.391 0.008 0.245 0.167 0.302 

Locus 99 : 
2 alleles
0.8% missing data
   4   (0.831) 0.765 0.619 0.995 0.772 0.880 0.900 
   1   (0.169) 0.235 0.381 0.005 0.228 0.120 0.100 

Locus 100 : 
2 alleles
0.8% missing data
   3   (0.432) 0.652 0.509 0.210 0.575 0.326 0.399 
   2   (0.568) 0.348 0.491 0.790 0.425 0.674 0.601 

Locus 101 : 
3 alleles
0.0% missing data
   4   (0.456) 0.489 0.086 0.432 0.792 0.373 0.575 
   2   (0.470) 0.500 0.910 0.542 0.190 0.586 0.310 
   0   (0.074) 0.011 0.004 0.025 0.018 0.041 0.114 

Locus 102 : 
2 alleles
2.4% missing data
   2   (0.759) 0.701 0.891 0.900 0.727 0.860 0.747 
   4   (0.241) 0.299 0.109 0.100 0.273 0.140 0.253 

Locus 103 : 
3 alleles
0.0% missing data
   4   (0.115) 0.016 0.027 0.520 0.043 0.053 0.119 
   2   (0.805) 0.972 0.969 0.477 0.580 0.916 0.750 
   0   (0.080) 0.012 0.004 0.002 0.376 0.031 0.131 

Locus 104 : 
2 alleles
0.0% missing data
   3   (0.300) 0.151 0.179 0.565 0.367 0.157 0.326 
   2   (0.700) 0.849 0.821 0.435 0.633 0.843 0.674 

Locus 105 : 
2 alleles
0.0% missing data
   4   (0.488) 0.503 0.418 0.411 0.535 0.508 0.493 
   1   (0.512) 0.497 0.582 0.589 0.465 0.492 0.507 

Locus 106 : 
2 alleles
0.0% missing data
   1   (0.144) 0.021 0.182 0.177 0.043 0.058 0.157 
   2   (0.856) 0.979 0.818 0.823 0.957 0.942 0.843 

Locus 107 : 
2 alleles
0.0% missing data
   1   (0.586) 0.394 0.479 0.793 0.796 0.621 0.575 
   4   (0.414) 0.606 0.521 0.207 0.204 0.379 0.425 

Locus 108 : 
2 alleles
0.0% missing data
   2   (0.761) 0.701 0.826 0.928 0.682 0.903 0.745 
   4   (0.239) 0.299 0.174 0.072 0.318 0.097 0.255 

Locus 109 : 
2 alleles
0.0% missing data
   3   (0.784) 0.812 0.794 0.967 0.761 0.752 0.854 
   2   (0.216) 0.188 0.206 0.033 0.239 0.248 0.146 

Locus 110 : 
2 alleles
0.0% missing data
   2   (0.925) 0.989 0.917 0.998 0.981 0.970 0.913 
   1   (0.075) 0.011 0.083 0.002 0.019 0.030 0.087 

Locus 111 : 
2 alleles
0.0% missing data
   1   (0.837) 0.976 0.733 0.994 0.871 0.871 0.822 
   2   (0.163) 0.024 0.267 0.006 0.129 0.129 0.178 

Locus 112 : 
2 alleles
7.1% missing data
   3   (0.841) 0.754 0.873 0.995 0.927 0.912 0.815 
   2   (0.159) 0.246 0.127 0.005 0.073 0.088 0.185 

Locus 113 : 
2 alleles
0.0% missing data
   2   (0.672) 0.952 0.869 0.743 0.412 0.649 0.609 
   3   (0.328) 0.048 0.131 0.257 0.588 0.351 0.391 

Locus 114 : 
2 alleles
0.0% missing data
   4   (0.718) 0.958 0.704 0.805 0.909 0.638 0.674 
   2   (0.282) 0.042 0.296 0.195 0.091 0.362 0.326 

Locus 115 : 
2 alleles
0.0% missing data
   3   (0.462) 0.658 0.538 0.340 0.335 0.344 0.487 
   2   (0.538) 0.342 0.462 0.660 0.665 0.656 0.513 

Locus 116 : 
2 alleles
0.0% missing data
   4   (0.458) 0.488 0.577 0.691 0.353 0.413 0.405 
   3   (0.542) 0.512 0.423 0.309 0.647 0.587 0.595 

Locus 117 : 
2 alleles
0.0% missing data
   2   (0.899) 0.985 0.895 0.996 0.974 0.944 0.852 
   3   (0.101) 0.015 0.105 0.004 0.026 0.056 0.148 

Locus 118 : 
2 alleles
0.0% missing data
   2   (0.911) 0.987 0.915 0.997 0.974 0.666 0.957 
   1   (0.089) 0.013 0.085 0.003 0.026 0.334 0.043 

Locus 119 : 
3 alleles
0.0% missing data
   2   (0.908) 0.573 0.916 0.971 0.978 0.965 0.974 
   0   (0.030) 0.004 0.002 0.027 0.007 0.011 0.008 
   3   (0.062) 0.423 0.082 0.002 0.015 0.024 0.017 

Locus 120 : 
2 alleles
0.0% missing data
   1   (0.921) 0.989 0.959 0.997 0.818 0.966 0.950 
   2   (0.079) 0.011 0.041 0.003 0.182 0.034 0.050 

Locus 121 : 
2 alleles
0.0% missing data
   3   (0.730) 0.853 0.827 0.656 0.567 0.864 0.731 
   4   (0.270) 0.147 0.173 0.344 0.433 0.136 0.269 

Locus 122 : 
2 alleles
0.0% missing data
   1   (0.962) 0.995 0.998 0.899 0.991 0.985 0.984 
   0   (0.038) 0.005 0.002 0.101 0.009 0.015 0.016 

Locus 123 : 
3 alleles
1.6% missing data
   2   (0.720) 0.855 0.338 0.913 0.500 0.866 0.810 
   3   (0.245) 0.141 0.660 0.032 0.492 0.121 0.180 
   0   (0.035) 0.005 0.002 0.055 0.008 0.013 0.010 

Locus 124 : 
2 alleles
0.8% missing data
   1   (0.814) 0.973 0.754 0.993 0.802 0.662 0.848 
   3   (0.186) 0.027 0.246 0.007 0.198 0.338 0.152 

Locus 125 : 
2 alleles
0.0% missing data
   1   (0.900) 0.545 0.987 0.997 0.976 0.961 0.854 
   2   (0.100) 0.455 0.013 0.003 0.024 0.039 0.146 

Locus 126 : 
2 alleles
0.0% missing data
   4   (0.235) 0.301 0.318 0.242 0.064 0.150 0.205 
   2   (0.765) 0.699 0.682 0.758 0.936 0.850 0.795 

Locus 127 : 
2 alleles
0.0% missing data
   3   (0.686) 0.528 0.388 0.989 0.916 0.673 0.663 
   2   (0.314) 0.472 0.612 0.011 0.084 0.327 0.337 

Locus 128 : 
2 alleles
0.8% missing data
   3   (0.775) 0.650 0.948 0.798 0.929 0.685 0.787 
   2   (0.225) 0.350 0.052 0.202 0.071 0.315 0.213 

Locus 129 : 
2 alleles
0.8% missing data
   1   (0.756) 0.760 0.927 0.979 0.870 0.735 0.679 
   3   (0.244) 0.240 0.073 0.021 0.130 0.265 0.321 

Locus 130 : 
2 alleles
0.0% missing data
   3   (0.875) 0.981 0.935 0.996 0.812 0.756 0.918 
   2   (0.125) 0.019 0.065 0.004 0.188 0.244 0.082 

Locus 131 : 
2 alleles
0.0% missing data
   4   (0.642) 0.577 0.894 0.331 0.788 0.566 0.630 
   1   (0.358) 0.423 0.106 0.669 0.212 0.434 0.370 

Locus 132 : 
2 alleles
0.0% missing data
   2   (0.800) 0.819 0.904 0.994 0.885 0.699 0.783 
   4   (0.200) 0.181 0.096 0.006 0.115 0.301 0.217 

Locus 133 : 
2 alleles
0.0% missing data
   3   (0.473) 0.071 0.521 0.843 0.457 0.541 0.478 
   2   (0.527) 0.929 0.479 0.157 0.543 0.459 0.522 

Locus 134 : 
2 alleles
0.8% missing data
   3   (0.771) 0.967 0.663 0.907 0.576 0.796 0.825 
   2   (0.229) 0.033 0.337 0.093 0.424 0.204 0.175 

Locus 135 : 
2 alleles
0.0% missing data
   3   (0.620) 0.511 0.599 0.898 0.633 0.670 0.613 
   2   (0.380) 0.489 0.401 0.102 0.367 0.330 0.387 

Locus 136 : 
2 alleles
0.0% missing data
   4   (0.893) 0.983 0.555 0.996 0.972 0.905 0.925 
   2   (0.107) 0.017 0.445 0.004 0.028 0.095 0.075 

Locus 137 : 
2 alleles
0.0% missing data
   2   (0.924) 0.989 0.989 0.996 0.972 0.900 0.922 
   3   (0.076) 0.011 0.011 0.004 0.028 0.100 0.078 

Locus 138 : 
2 alleles
0.8% missing data
   1   (0.673) 0.694 0.812 0.490 0.565 0.767 0.691 
   3   (0.327) 0.306 0.188 0.510 0.435 0.233 0.309 

Locus 139 : 
2 alleles
0.8% missing data
   2   (0.610) 0.451 0.521 0.404 0.837 0.508 0.710 
   3   (0.390) 0.549 0.479 0.596 0.163 0.492 0.290 

Locus 140 : 
2 alleles
0.0% missing data
   4   (0.705) 0.642 0.828 0.910 0.360 0.771 0.743 
   3   (0.295) 0.358 0.172 0.090 0.640 0.229 0.257 

Locus 141 : 
2 alleles
0.0% missing data
   1   (0.712) 0.686 0.618 0.773 0.919 0.798 0.707 
   4   (0.288) 0.314 0.382 0.227 0.081 0.202 0.293 

Locus 142 : 
2 alleles
0.0% missing data
   3   (0.634) 0.356 0.872 0.595 0.451 0.643 0.671 
   2   (0.366) 0.644 0.128 0.405 0.549 0.357 0.329 

Locus 143 : 
2 alleles
0.0% missing data
   2   (0.938) 0.991 0.966 0.998 0.986 0.974 0.937 
   3   (0.062) 0.009 0.034 0.002 0.014 0.026 0.063 

Locus 144 : 
3 alleles
0.8% missing data
   4   (0.608) 0.727 0.460 0.945 0.530 0.706 0.585 
   1   (0.360) 0.268 0.538 0.029 0.462 0.281 0.406 
   0   (0.032) 0.004 0.002 0.026 0.008 0.013 0.009 

Locus 145 : 
2 alleles
0.0% missing data
   1   (0.179) 0.027 0.050 0.272 0.130 0.129 0.211 
   3   (0.821) 0.973 0.950 0.728 0.870 0.871 0.789 

Locus 146 : 
2 alleles
0.0% missing data
   4   (0.919) 0.988 0.876 0.997 0.979 0.961 0.916 
   1   (0.081) 0.012 0.124 0.003 0.021 0.039 0.084 

Locus 147 : 
2 alleles
0.8% missing data
   1   (0.378) 0.535 0.183 0.404 0.448 0.524 0.310 
   4   (0.622) 0.465 0.817 0.596 0.552 0.476 0.690 

Locus 148 : 
2 alleles
0.0% missing data
   3   (0.739) 0.322 0.985 0.608 0.920 0.621 0.667 
   1   (0.261) 0.678 0.015 0.392 0.080 0.379 0.333 

Locus 149 : 
3 alleles
1.6% missing data
   2   (0.495) 0.179 0.439 0.589 0.757 0.590 0.497 
   3   (0.451) 0.814 0.537 0.408 0.230 0.389 0.458 
   0   (0.054) 0.007 0.024 0.003 0.013 0.021 0.045 

Locus 150 : 
2 alleles
0.0% missing data
   1   (0.724) 0.959 0.805 0.906 0.918 0.688 0.590 
   4   (0.276) 0.041 0.195 0.094 0.082 0.312 0.410 

Locus 151 : 
2 alleles
0.0% missing data
   3   (0.721) 0.960 0.888 0.404 0.843 0.555 0.718 
   2   (0.279) 0.040 0.112 0.596 0.157 0.445 0.282 

Locus 152 : 
2 alleles
0.0% missing data
   4   (0.929) 0.824 0.995 0.998 0.973 0.971 0.911 
   2   (0.071) 0.176 0.005 0.002 0.027 0.029 0.089 

Locus 153 : 
2 alleles
0.0% missing data
   1   (0.636) 0.673 0.499 0.680 0.501 0.739 0.698 
   4   (0.364) 0.327 0.501 0.320 0.499 0.261 0.302 

Locus 154 : 
2 alleles
0.8% missing data
   1   (0.535) 0.511 0.105 0.893 0.472 0.540 0.672 
   3   (0.465) 0.489 0.895 0.107 0.528 0.460 0.328 

Locus 155 : 
2 alleles
0.0% missing data
   3   (0.558) 0.778 0.637 0.850 0.452 0.434 0.537 
   4   (0.442) 0.222 0.363 0.150 0.548 0.566 0.463 

Locus 156 : 
2 alleles
0.8% missing data
   1   (0.808) 0.971 0.207 0.973 0.948 0.848 0.853 
   2   (0.192) 0.029 0.793 0.027 0.052 0.152 0.147 

Locus 157 : 
2 alleles
0.0% missing data
   4   (0.581) 0.672 0.559 0.753 0.605 0.693 0.520 
   2   (0.419) 0.328 0.441 0.247 0.395 0.307 0.480 

Locus 158 : 
2 alleles
0.8% missing data
   1   (0.708) 0.796 0.898 0.761 0.893 0.671 0.631 
   2   (0.292) 0.204 0.102 0.239 0.107 0.329 0.369 

Locus 159 : 
3 alleles
0.8% missing data
   2   (0.825) 0.974 0.515 0.868 0.943 0.826 0.859 
   0   (0.068) 0.010 0.004 0.129 0.016 0.025 0.087 
   3   (0.107) 0.015 0.481 0.003 0.041 0.150 0.053 

Locus 160 : 
3 alleles
0.0% missing data
   1   (0.450) 0.491 0.180 0.466 0.377 0.589 0.502 
   3   (0.518) 0.503 0.818 0.533 0.613 0.400 0.457 
   0   (0.032) 0.006 0.002 0.001 0.010 0.012 0.040 

Locus 161 : 
2 alleles
0.8% missing data
   1   (0.511) 0.180 0.537 0.512 0.505 0.539 0.559 
   4   (0.489) 0.820 0.463 0.488 0.495 0.461 0.441 

Locus 162 : 
3 alleles
3.1% missing data
   1   (0.910) 0.988 0.941 0.997 0.978 0.710 0.974 
   0   (0.057) 0.008 0.035 0.002 0.015 0.278 0.017 
   2   (0.033) 0.005 0.024 0.001 0.008 0.013 0.009 

Locus 163 : 
2 alleles
0.0% missing data
   2   (0.875) 0.982 0.654 0.854 0.959 0.943 0.917 
   3   (0.125) 0.018 0.346 0.146 0.041 0.057 0.083 

Locus 164 : 
3 alleles
0.8% missing data
   4   (0.864) 0.981 0.854 0.808 0.961 0.841 0.949 
   1   (0.106) 0.015 0.124 0.191 0.032 0.147 0.043 
   0   (0.030) 0.004 0.022 0.001 0.007 0.012 0.009 

Locus 165 : 
2 alleles
0.0% missing data
   4   (0.804) 0.870 0.679 0.828 0.617 0.848 0.916 
   1   (0.196) 0.130 0.321 0.172 0.383 0.152 0.084 

Locus 166 : 
2 alleles
0.8% missing data
   2   (0.886) 0.983 0.498 0.986 0.657 0.952 0.956 
   3   (0.114) 0.017 0.502 0.014 0.343 0.048 0.044 

Locus 167 : 
2 alleles
0.0% missing data
   2   (0.651) 0.635 0.237 0.760 0.695 0.810 0.731 
   3   (0.349) 0.365 0.763 0.240 0.305 0.190 0.269 

Locus 168 : 
2 alleles
0.0% missing data
   3   (0.741) 0.737 0.781 0.910 0.920 0.813 0.694 
   2   (0.259) 0.263 0.219 0.090 0.080 0.187 0.306 

Locus 169 : 
3 alleles
2.4% missing data
   4   (0.400) 0.163 0.146 0.558 0.331 0.629 0.448 
   3   (0.547) 0.830 0.851 0.386 0.642 0.345 0.514 
   0   (0.052) 0.007 0.003 0.057 0.027 0.026 0.038 

Locus 170 : 
2 alleles
0.0% missing data
   1   (0.742) 0.530 0.686 0.549 0.872 0.826 0.817 
   3   (0.258) 0.470 0.314 0.451 0.128 0.174 0.183 

Locus 171 : 
3 alleles
3.1% missing data
   2   (0.819) 0.973 0.653 0.956 0.947 0.802 0.890 
   3   (0.145) 0.022 0.302 0.043 0.044 0.182 0.100 
   0   (0.036) 0.005 0.045 0.001 0.009 0.015 0.010 

Locus 172 : 
2 alleles
0.0% missing data
   4   (0.721) 0.959 0.726 0.611 0.645 0.768 0.726 
   1   (0.279) 0.041 0.274 0.389 0.355 0.232 0.274 

Locus 173 : 
2 alleles
0.0% missing data
   2   (0.760) 0.548 0.778 0.530 0.728 0.810 0.867 
   3   (0.240) 0.452 0.222 0.470 0.272 0.190 0.133 

Locus 174 : 
2 alleles
0.0% missing data
   4   (0.726) 0.852 0.699 0.812 0.700 0.748 0.775 
   1   (0.274) 0.148 0.301 0.188 0.300 0.252 0.225 

Locus 175 : 
2 alleles
0.0% missing data
   2   (0.743) 0.856 0.623 0.767 0.920 0.853 0.717 
   4   (0.257) 0.144 0.377 0.233 0.080 0.147 0.283 

Locus 176 : 
2 alleles
0.8% missing data
   4   (0.948) 0.992 0.996 0.998 0.828 0.980 0.962 
   1   (0.052) 0.008 0.004 0.002 0.172 0.020 0.038 

Locus 177 : 
2 alleles
0.0% missing data
   3   (0.507) 0.666 0.691 0.536 0.216 0.605 0.444 
   2   (0.493) 0.334 0.309 0.464 0.784 0.395 0.556 

Locus 178 : 
3 alleles
2.4% missing data
   3   (0.609) 0.623 0.827 0.654 0.836 0.686 0.491 
   2   (0.360) 0.272 0.171 0.345 0.157 0.302 0.500 
   0   (0.030) 0.104 0.002 0.001 0.007 0.011 0.009 

Locus 179 : 
2 alleles
0.0% missing data
   3   (0.899) 0.985 0.837 0.967 0.965 0.939 0.937 
   2   (0.101) 0.015 0.163 0.033 0.035 0.061 0.063 

Locus 180 : 
3 alleles
1.6% missing data
   3   (0.515) 0.658 0.174 0.798 0.669 0.326 0.641 
   2   (0.434) 0.335 0.823 0.201 0.259 0.622 0.309 
   0   (0.051) 0.007 0.003 0.002 0.072 0.052 0.050 

Locus 181 : 
2 alleles
0.0% missing data
   2   (0.731) 0.962 0.556 0.745 0.595 0.825 0.763 
   1   (0.269) 0.038 0.444 0.255 0.405 0.175 0.237 

Locus 182 : 
2 alleles
1.6% missing data
   4   (0.789) 0.864 0.915 0.534 0.948 0.825 0.781 
   2   (0.211) 0.136 0.085 0.466 0.052 0.175 0.219 

Locus 183 : 
2 alleles
0.0% missing data
   4   (0.893) 0.983 0.975 0.904 0.961 0.959 0.862 
   2   (0.107) 0.017 0.025 0.096 0.039 0.041 0.138 

Locus 184 : 
2 alleles
0.0% missing data
   2   (0.883) 0.772 0.966 0.971 0.972 0.817 0.947 
   3   (0.117) 0.228 0.034 0.029 0.028 0.183 0.053 

Locus 185 : 
2 alleles
0.0% missing data
   2   (0.777) 0.537 0.723 0.809 0.937 0.879 0.809 
   3   (0.223) 0.463 0.277 0.191 0.063 0.121 0.191 

Locus 186 : 
2 alleles
0.0% missing data
   2   (0.903) 0.987 0.995 0.636 0.977 0.805 0.927 
   3   (0.097) 0.013 0.005 0.364 0.023 0.195 0.073 

Locus 187 : 
2 alleles
0.0% missing data
   3   (0.899) 0.774 0.968 0.958 0.974 0.959 0.939 
   2   (0.101) 0.226 0.032 0.042 0.026 0.041 0.061 

Locus 188 : 
2 alleles
2.4% missing data
   2   (0.747) 0.962 0.566 0.741 0.910 0.487 0.835 
   3   (0.253) 0.038 0.434 0.259 0.090 0.513 0.165 

Locus 189 : 
3 alleles
3.1% missing data
   3   (0.629) 0.737 0.590 0.493 0.735 0.569 0.737 
   1   (0.318) 0.255 0.361 0.505 0.252 0.367 0.234 
   0   (0.053) 0.008 0.049 0.002 0.013 0.064 0.029 

Locus 190 : 
2 alleles
0.0% missing data
   1   (0.874) 0.981 0.953 0.996 0.882 0.901 0.827 
   5   (0.126) 0.019 0.047 0.004 0.118 0.099 0.173 

Locus 191 : 
2 alleles
0.0% missing data
   1   (0.805) 0.823 0.989 0.681 0.952 0.709 0.733 
   5   (0.195) 0.177 0.011 0.319 0.048 0.291 0.267 

Locus 192 : 
2 alleles
0.0% missing data
   2   (0.580) 0.242 0.512 0.791 0.469 0.728 0.613 
   1   (0.420) 0.758 0.488 0.209 0.531 0.272 0.387 

Locus 193 : 
2 alleles
2.4% missing data
   1   (0.937) 0.991 0.904 0.998 0.978 0.865 0.982 
   4   (0.063) 0.009 0.096 0.002 0.022 0.135 0.018 

Locus 194 : 
2 alleles
0.0% missing data
   3   (0.772) 0.966 0.684 0.992 0.718 0.565 0.799 
   2   (0.228) 0.034 0.316 0.008 0.282 0.435 0.201 

Locus 195 : 
2 alleles
6.3% missing data
   4   (0.576) 0.677 0.472 0.986 0.448 0.463 0.548 
   1   (0.424) 0.323 0.528 0.014 0.552 0.537 0.452 

Locus 196 : 
2 alleles
0.8% missing data
   3   (0.888) 0.984 0.976 0.766 0.732 0.956 0.920 
   2   (0.112) 0.016 0.024 0.234 0.268 0.044 0.080 

Locus 197 : 
2 alleles
0.8% missing data
   3   (0.682) 0.788 0.766 0.752 0.912 0.764 0.576 
   4   (0.318) 0.212 0.234 0.248 0.088 0.236 0.424 

Locus 198 : 
2 alleles
0.0% missing data
   1   (0.963) 0.995 0.898 0.999 0.991 0.987 0.990 
   2   (0.037) 0.005 0.102 0.001 0.009 0.013 0.010 

Locus 199 : 
2 alleles
0.0% missing data
   2   (0.847) 0.979 0.557 0.995 0.963 0.810 0.857 
   3   (0.153) 0.021 0.443 0.005 0.037 0.190 0.143 

Locus 200 : 
2 alleles
0.0% missing data
   2   (0.508) 0.449 0.497 0.603 0.173 0.447 0.617 
   4   (0.492) 0.551 0.503 0.397 0.827 0.553 0.383 

Locus 201 : 
2 alleles
0.8% missing data
   2   (0.718) 0.959 0.337 0.990 0.635 0.852 0.637 
   1   (0.282) 0.041 0.663 0.010 0.365 0.148 0.363 

Locus 202 : 
2 alleles
0.0% missing data
   1   (0.900) 0.831 0.994 0.748 0.837 0.947 0.949 
   3   (0.100) 0.169 0.006 0.252 0.163 0.053 0.051 

Locus 203 : 
2 alleles
0.8% missing data
   2   (0.710) 0.587 0.765 0.991 0.648 0.763 0.653 
   1   (0.290) 0.413 0.235 0.009 0.352 0.237 0.347 

Locus 204 : 
2 alleles
0.0% missing data
   2   (0.865) 0.981 0.822 0.995 0.957 0.947 0.744 
   5   (0.135) 0.019 0.178 0.005 0.043 0.053 0.256 

Locus 205 : 
2 alleles
0.0% missing data
   3   (0.675) 0.641 0.884 0.651 0.715 0.471 0.732 
   1   (0.325) 0.359 0.116 0.349 0.285 0.529 0.268 

Locus 206 : 
2 alleles
0.0% missing data
   4   (0.589) 0.887 0.596 0.324 0.851 0.496 0.554 
   1   (0.411) 0.113 0.404 0.676 0.149 0.504 0.446 

Locus 207 : 
2 alleles
0.8% missing data
   3   (0.814) 0.655 0.878 0.994 0.896 0.856 0.781 
   2   (0.186) 0.345 0.122 0.006 0.104 0.144 0.219 

Locus 208 : 
2 alleles
1.6% missing data
   1   (0.722) 0.802 0.533 0.991 0.696 0.483 0.813 
   2   (0.278) 0.198 0.467 0.009 0.304 0.517 0.187 

Locus 209 : 
3 alleles
0.0% missing data
   3   (0.939) 0.991 0.997 0.906 0.985 0.977 0.983 
   2   (0.031) 0.004 0.002 0.067 0.008 0.011 0.008 
   0   (0.031) 0.004 0.002 0.027 0.007 0.011 0.009 

Locus 210 : 
2 alleles
0.0% missing data
   2   (0.610) 0.095 0.443 0.980 0.721 0.593 0.676 
   4   (0.390) 0.905 0.557 0.020 0.279 0.407 0.324 

Locus 211 : 
2 alleles
0.0% missing data
   2   (0.893) 0.983 0.761 0.996 0.793 0.958 0.922 
   4   (0.107) 0.017 0.239 0.004 0.207 0.042 0.078 

Locus 212 : 
2 alleles
0.0% missing data
   4   (0.734) 0.849 0.751 0.777 0.691 0.723 0.805 
   1   (0.266) 0.151 0.249 0.223 0.309 0.277 0.195 

Locus 213 : 
2 alleles
0.0% missing data
   3   (0.752) 0.597 0.618 0.219 0.939 0.896 0.807 
   2   (0.248) 0.403 0.382 0.781 0.061 0.104 0.193 

Locus 214 : 
2 alleles
0.0% missing data
   1   (0.735) 0.700 0.657 0.862 0.910 0.765 0.767 
   4   (0.265) 0.300 0.343 0.138 0.090 0.235 0.233 

Locus 215 : 
2 alleles
0.0% missing data
   4   (0.311) 0.520 0.093 0.319 0.665 0.147 0.329 
   5   (0.689) 0.480 0.907 0.681 0.335 0.853 0.671 

Locus 216 : 
2 alleles
0.0% missing data
   3   (0.897) 0.985 0.807 0.904 0.974 0.815 0.967 
   1   (0.103) 0.015 0.193 0.096 0.026 0.185 0.033 

Locus 217 : 
2 alleles
0.0% missing data
   3   (0.884) 0.819 0.864 0.996 0.972 0.955 0.875 
   2   (0.116) 0.181 0.136 0.004 0.028 0.045 0.125 

Locus 218 : 
2 alleles
0.0% missing data
   3   (0.431) 0.066 0.433 0.237 0.210 0.493 0.567 
   2   (0.569) 0.934 0.567 0.763 0.790 0.507 0.433 

Locus 219 : 
2 alleles
0.0% missing data
   4   (0.741) 0.755 0.288 0.992 0.903 0.584 0.820 
   2   (0.259) 0.245 0.712 0.008 0.097 0.416 0.180 

Locus 220 : 
2 alleles
0.0% missing data
   3   (0.748) 0.695 0.663 0.953 0.904 0.765 0.772 
   2   (0.252) 0.305 0.337 0.047 0.096 0.235 0.228 

Locus 221 : 
2 alleles
0.0% missing data
   3   (0.790) 0.704 0.917 0.768 0.665 0.852 0.852 
   2   (0.210) 0.296 0.083 0.232 0.335 0.148 0.148 

Locus 222 : 
2 alleles
0.0% missing data
   2   (0.728) 0.634 0.491 0.991 0.798 0.893 0.657 
   3   (0.272) 0.366 0.509 0.009 0.202 0.107 0.343 

Locus 223 : 
2 alleles
0.8% missing data
   1   (0.949) 0.993 0.789 0.998 0.988 0.975 0.977 
   2   (0.051) 0.007 0.211 0.002 0.012 0.025 0.023 

Locus 224 : 
2 alleles
0.0% missing data
   5   (0.771) 0.864 0.419 0.885 0.890 0.899 0.801 
   1   (0.229) 0.136 0.581 0.115 0.110 0.101 0.199 

Locus 225 : 
2 alleles
0.8% missing data
   2   (0.763) 0.755 0.784 0.642 0.923 0.904 0.729 
   3   (0.237) 0.245 0.216 0.358 0.077 0.096 0.271 

Locus 226 : 
2 alleles
0.0% missing data
   3   (0.927) 0.989 0.995 0.998 0.633 0.971 0.909 
   1   (0.073) 0.011 0.005 0.002 0.367 0.029 0.091 

Values of parameters used in structure:
DATAFILE=/Users/ddayan/FRA/small_omy_projects/sf_crooked_river_2021/structure_SFGL_Omy269/project_data,	OUTFILE=/Users/ddayan/FRA/small_omy_projects/sf_crooked_river_2021/structure_SFGL_Omy269/5k10kadmcorr/Results/5k10kadmcorr_run_59,	NUMINDS=127,	NUMLOCI=226,	MISSING=-9,	LABEL=0,	POPDATA=1,	POPFLAG=0,	PHENOTYPE=0,	EXTRACOLS=0,	MAXPOPS=6,	BURNIN=5000,	NUMREPS=10000,	USEPOPINFO=0,	INFERALPHA=1,	INFERLAMBDA=0,	POPSPECIFICLAMBDA=0,	POPALPHAS=0,	COMPUTEPROB=1,	NOADMIX=0,	ADMBURNIN=2500,	UPDATEFREQ=1,	PRINTLIKES=0,	INTERMEDSAVE=0,	PRINTKLD=0,	PRINTNET=0,	PRINTLAMBDA=0,	ANCESTDIST=0,	NUMBOXES=1000,	ANCESTPINT=0.90000,	GENSBACK=2,	MIGRPRIOR=0.05000,	PRINTQHAT=0,	PRINTQSUM=0,	ALPHA=1.0000,	FREQSCORR=1,	FPRIORMEAN=0.0100,	FPRIORSD=0.0500,	ONEFST=0,	LAMBDA=1.0000,	UNIFPRIORALPHA=1,	ALPHAMAX=10.0000,	ALPHAPRIORA=1.0000,	ALPHAPRIORB=2.0000,	ALPHAPROPSD=0.0250,	STARTATPOPINFO=0,	RANDOMIZE=1,	LINKAGE=0,	METROFREQ=10,	REPORTHITRATE=0,	MARKOVPHASE=-1,	PHASED=0,	PLOIDY=2,	PHASEINFO=0	LOCPRIOR=0, 	LOCPRIORINIT=1.000000, 	LOCDATA=0, 	LOCISPOP=0, 	LOCPRIORSTEP=0.100000, 	MAXLOCPRIOR=20.000000, 	SEED=1642738340,	
[STRAT parameters]:    NUMSIMSTATS=1000,	PHENOTYPECOL=-9,	POOLFREQ=10,	LOCUSxONLY=0,	EMERROR=0.00100,	MISSINGPHENO=-9,	