

----------------------------------------------------
STRUCTURE by Pritchard, Stephens and Donnelly (2000)
     and Falush, Stephens and Pritchard (2003)
       Code by Pritchard, Falush and Hubisz
             Version 2.3.4 (Jul 2012)
----------------------------------------------------



Command line arguments:   bin/structure -m "/Users/ddayan/FRA/small_omy_projects/sf_crooked_river_2021/structure_SFGL_Omy269/5k10kadmcorr/mainparams" -e "/Users/ddayan/FRA/small_omy_projects/sf_crooked_river_2021/structure_SFGL_Omy269/5k10kadmcorr/extraparams" 
Input File:    /Users/ddayan/FRA/small_omy_projects/sf_crooked_river_2021/structure_SFGL_Omy269/project_data

Run parameters:
   127 individuals
   226 loci
   4 populations assumed
   5000 Burn-in period
   10000 Reps


--------------------------------------------
Proportion of membership of each pre-defined
 population in each of the 4 clusters

Given    Inferred Clusters              Number of
 Pop       1      2      3      4      Individuals

  1:     0.003  0.990  0.002  0.005       35
  2:     0.186  0.004  0.802  0.008       17
  3:     0.722  0.054  0.008  0.217       41
  4:     0.008  0.006  0.981  0.005       34
--------------------------------------------

Allele-freq. divergence among pops (Net nucleotide distance),
computed using point estimates of P.

      1       2       3       4      
 1      -    0.0333  0.0329  0.0345  
 2   0.0333     -    0.0776  0.0587  
 3   0.0329  0.0776     -    0.0652  
 4   0.0345  0.0587  0.0652     -    

Average distances (expected heterozygosity) between individuals in same cluster:
cluster  1  : 0.3419 
cluster  2  : 0.2453 
cluster  3  : 0.3349 
cluster  4  : 0.2742 

--------------------------------------------
Estimated Ln Prob of Data   = -26600.6
Mean value of ln likelihood = -26331.7
Variance of ln likelihood   = 537.8
Mean value of alpha         = 0.0329

Mean value of Fst_1         = 0.0285
Mean value of Fst_2         = 0.2958
Mean value of Fst_3         = 0.1514
Mean value of Fst_4         = 0.2717


Inferred ancestry of individuals:
     (%Miss) Pop:  Inferred clusters
  1    (0)    1 :  0.002 0.995 0.001 0.002 
  2    (0)    1 :  0.007 0.974 0.010 0.008 
  3    (0)    1 :  0.002 0.997 0.001 0.001 
  4    (0)    1 :  0.003 0.992 0.002 0.003 
  5    (0)    1 :  0.001 0.996 0.002 0.001 
  6    (0)    1 :  0.002 0.994 0.001 0.002 
  7    (0)    1 :  0.001 0.997 0.001 0.001 
  8    (0)    1 :  0.004 0.992 0.001 0.003 
  9    (0)    1 :  0.002 0.995 0.001 0.002 
 10    (0)    1 :  0.004 0.993 0.001 0.002 
 11    (0)    1 :  0.006 0.907 0.003 0.084 
 12    (0)    1 :  0.015 0.975 0.008 0.002 
 13    (0)    1 :  0.001 0.994 0.001 0.004 
 14    (0)    1 :  0.002 0.995 0.001 0.003 
 15    (0)    1 :  0.001 0.996 0.001 0.002 
 16    (0)    1 :  0.001 0.994 0.001 0.004 
 17    (0)    1 :  0.007 0.990 0.001 0.002 
 18    (0)    1 :  0.027 0.949 0.015 0.009 
 19    (0)    1 :  0.001 0.995 0.001 0.002 
 20    (0)    1 :  0.001 0.996 0.001 0.002 
 21    (0)    1 :  0.002 0.995 0.001 0.001 
 22    (0)    1 :  0.003 0.994 0.001 0.002 
 23    (0)    1 :  0.001 0.997 0.001 0.001 
 24    (0)    1 :  0.001 0.996 0.001 0.002 
 25    (0)    1 :  0.002 0.992 0.005 0.001 
 26    (0)    1 :  0.001 0.997 0.002 0.001 
 27    (0)    1 :  0.002 0.996 0.001 0.001 
 28    (0)    1 :  0.002 0.990 0.002 0.006 
 29    (0)    1 :  0.001 0.997 0.001 0.001 
 30    (0)    1 :  0.001 0.997 0.001 0.001 
 31    (0)    1 :  0.001 0.994 0.001 0.003 
 32    (0)    1 :  0.002 0.994 0.002 0.002 
 33    (0)    1 :  0.001 0.998 0.001 0.001 
 34    (0)    1 :  0.001 0.997 0.001 0.001 
 35    (0)    1 :  0.003 0.994 0.001 0.002 
 36    (0)    2 :  0.093 0.006 0.897 0.004 
 37    (0)    2 :  0.006 0.008 0.983 0.003 
 38    (0)    3 :  0.926 0.006 0.002 0.066 
 39    (0)    3 :  0.970 0.024 0.005 0.001 
 40    (0)    3 :  0.908 0.081 0.009 0.002 
 41    (0)    3 :  0.955 0.004 0.037 0.004 
 42    (0)    3 :  0.783 0.005 0.019 0.193 
 43    (0)    2 :  0.002 0.001 0.996 0.001 
 44    (0)    2 :  0.933 0.009 0.041 0.018 
 45    (0)    2 :  0.008 0.001 0.989 0.002 
 46    (0)    2 :  0.006 0.004 0.990 0.001 
 47    (0)    2 :  0.204 0.017 0.717 0.062 
 48    (0)    2 :  0.739 0.010 0.248 0.003 
 49    (0)    2 :  0.613 0.005 0.375 0.006 
 50    (0)    2 :  0.010 0.001 0.987 0.002 
 51    (0)    2 :  0.010 0.003 0.978 0.009 
 52    (0)    3 :  0.953 0.020 0.003 0.024 
 53    (0)    3 :  0.963 0.030 0.005 0.001 
 54    (0)    3 :  0.978 0.004 0.004 0.015 
 55    (0)    3 :  0.957 0.005 0.035 0.003 
 56    (0)    3 :  0.002 0.006 0.001 0.991 
 57    (0)    3 :  0.834 0.154 0.008 0.004 
 58    (0)    3 :  0.982 0.004 0.003 0.012 
 59    (0)    3 :  0.931 0.002 0.064 0.003 
 60    (0)    3 :  0.002 0.002 0.002 0.994 
 61    (0)    3 :  0.002 0.002 0.001 0.995 
 62    (0)    3 :  0.975 0.003 0.004 0.018 
 63    (0)    3 :  0.983 0.009 0.003 0.006 
 64    (0)    3 :  0.536 0.459 0.002 0.004 
 65    (0)    3 :  0.574 0.423 0.001 0.002 
 66    (0)    3 :  0.679 0.315 0.004 0.002 
 67    (0)    3 :  0.830 0.140 0.008 0.022 
 68    (0)    3 :  0.001 0.001 0.001 0.997 
 69    (0)    3 :  0.617 0.372 0.010 0.001 
 70    (0)    3 :  0.007 0.004 0.003 0.986 
 71    (0)    3 :  0.003 0.006 0.001 0.990 
 72    (0)    3 :  0.003 0.004 0.002 0.992 
 73    (0)    3 :  0.737 0.001 0.003 0.259 
 74    (0)    3 :  0.989 0.006 0.002 0.003 
 75    (0)    3 :  0.991 0.004 0.002 0.003 
 76    (0)    3 :  0.993 0.002 0.003 0.002 
 77    (0)    3 :  0.958 0.006 0.011 0.024 
 78    (0)    3 :  0.912 0.028 0.001 0.058 
 79    (0)    3 :  0.988 0.004 0.004 0.004 
 80    (0)    3 :  0.980 0.004 0.002 0.014 
 81    (0)    3 :  0.975 0.008 0.003 0.014 
 82    (0)    3 :  0.978 0.007 0.012 0.003 
 83    (0)    3 :  0.954 0.012 0.002 0.032 
 84    (0)    3 :  0.853 0.010 0.001 0.137 
 85    (0)    3 :  0.001 0.001 0.001 0.996 
 86    (0)    3 :  0.970 0.003 0.025 0.002 
 87    (0)    3 :  0.973 0.021 0.004 0.003 
 88    (0)    2 :  0.002 0.001 0.996 0.001 
 89    (0)    2 :  0.005 0.002 0.991 0.002 
 90    (0)    2 :  0.004 0.001 0.993 0.002 
 91    (0)    2 :  0.516 0.003 0.472 0.010 
 92    (0)    2 :  0.011 0.001 0.980 0.007 
 93    (0)    2 :  0.002 0.000 0.997 0.001 
 94    (0)    4 :  0.003 0.003 0.993 0.002 
 95    (0)    4 :  0.004 0.002 0.992 0.002 
 96    (2)    4 :  0.010 0.002 0.981 0.006 
 97    (0)    4 :  0.024 0.011 0.956 0.009 
 98    (1)    4 :  0.041 0.004 0.950 0.005 
 99    (0)    4 :  0.007 0.007 0.982 0.004 
100    (1)    4 :  0.006 0.003 0.983 0.008 
101    (0)    4 :  0.020 0.003 0.975 0.003 
102    (0)    4 :  0.004 0.001 0.993 0.001 
103    (0)    4 :  0.008 0.009 0.974 0.008 
104    (1)    4 :  0.005 0.002 0.978 0.015 
105    (1)    4 :  0.002 0.003 0.995 0.001 
106    (2)    4 :  0.006 0.003 0.985 0.006 
107    (1)    4 :  0.003 0.001 0.994 0.002 
108    (0)    4 :  0.004 0.004 0.982 0.010 
109    (1)    4 :  0.008 0.023 0.967 0.002 
110    (3)    4 :  0.002 0.001 0.994 0.003 
111    (0)    4 :  0.013 0.006 0.975 0.005 
112    (1)    4 :  0.008 0.004 0.985 0.004 
113    (1)    4 :  0.002 0.002 0.995 0.002 
114    (0)    4 :  0.001 0.001 0.997 0.001 
115    (1)    4 :  0.001 0.003 0.995 0.001 
116    (1)    4 :  0.036 0.007 0.948 0.008 
117    (0)    4 :  0.006 0.014 0.978 0.003 
118    (3)    4 :  0.005 0.002 0.990 0.003 
119    (2)    4 :  0.008 0.024 0.960 0.007 
120    (2)    4 :  0.009 0.002 0.985 0.004 
121    (0)    4 :  0.010 0.011 0.977 0.003 
122    (1)    4 :  0.004 0.003 0.988 0.006 
123    (0)    4 :  0.001 0.001 0.996 0.001 
124   (15)    4 :  0.012 0.005 0.976 0.007 
125    (1)    4 :  0.006 0.012 0.976 0.006 
126    (0)    4 :  0.007 0.006 0.974 0.013 
127    (2)    4 :  0.002 0.003 0.993 0.001 


Estimated Allele Frequencies in each cluster
First column gives estimated ancestral frequencies


Locus 1 : 
2 alleles
0.0% missing data
   3   (0.930) 0.949 0.998 0.904 0.991 
   2   (0.070) 0.051 0.002 0.096 0.009 

Locus 2 : 
2 alleles
0.0% missing data
   2   (0.347) 0.383 0.170 0.366 0.053 
   3   (0.653) 0.617 0.830 0.634 0.947 

Locus 3 : 
2 alleles
0.0% missing data
   2   (0.355) 0.353 0.254 0.339 0.227 
   4   (0.645) 0.647 0.746 0.661 0.773 

Locus 4 : 
2 alleles
0.0% missing data
   1   (0.697) 0.680 0.887 0.924 0.377 
   4   (0.303) 0.320 0.113 0.076 0.623 

Locus 5 : 
2 alleles
3.1% missing data
   2   (0.813) 0.819 0.952 0.740 0.975 
   1   (0.187) 0.181 0.048 0.260 0.025 

Locus 6 : 
2 alleles
2.4% missing data
   1   (0.217) 0.204 0.381 0.193 0.033 
   3   (0.783) 0.796 0.619 0.807 0.967 

Locus 7 : 
2 alleles
0.0% missing data
   2   (0.621) 0.633 0.455 0.417 0.945 
   3   (0.379) 0.367 0.545 0.583 0.055 

Locus 8 : 
2 alleles
2.4% missing data
   1   (0.242) 0.214 0.263 0.168 0.253 
   2   (0.758) 0.786 0.737 0.832 0.747 

Locus 9 : 
2 alleles
0.8% missing data
   4   (0.961) 0.986 0.999 0.824 0.995 
   1   (0.039) 0.014 0.001 0.176 0.005 

Locus 10 : 
2 alleles
0.0% missing data
   3   (0.734) 0.745 0.991 0.521 0.665 
   2   (0.266) 0.255 0.009 0.479 0.335 

Locus 11 : 
2 alleles
0.0% missing data
   2   (0.955) 0.981 0.999 0.772 0.994 
   1   (0.045) 0.019 0.001 0.228 0.006 

Locus 12 : 
2 alleles
0.0% missing data
   1   (0.514) 0.554 0.822 0.282 0.247 
   4   (0.486) 0.446 0.178 0.718 0.753 

Locus 13 : 
2 alleles
0.8% missing data
   2   (0.684) 0.709 0.800 0.589 0.797 
   4   (0.316) 0.291 0.200 0.411 0.203 

Locus 14 : 
2 alleles
0.0% missing data
   4   (0.684) 0.732 0.800 0.579 0.545 
   2   (0.316) 0.268 0.200 0.421 0.455 

Locus 15 : 
2 alleles
0.0% missing data
   4   (0.873) 0.860 0.996 0.881 0.984 
   2   (0.127) 0.140 0.004 0.119 0.016 

Locus 16 : 
2 alleles
0.0% missing data
   1   (0.394) 0.354 0.690 0.387 0.451 
   4   (0.606) 0.646 0.310 0.613 0.549 

Locus 17 : 
2 alleles
0.0% missing data
   4   (0.906) 0.933 0.997 0.936 0.869 
   3   (0.094) 0.067 0.003 0.064 0.131 

Locus 18 : 
2 alleles
0.0% missing data
   2   (0.781) 0.786 0.786 0.789 0.966 
   3   (0.219) 0.214 0.214 0.211 0.034 

Locus 19 : 
2 alleles
0.8% missing data
   4   (0.870) 0.886 0.983 0.818 0.982 
   2   (0.130) 0.114 0.017 0.182 0.018 

Locus 20 : 
2 alleles
0.0% missing data
   2   (0.664) 0.648 0.563 0.661 0.948 
   3   (0.336) 0.352 0.437 0.339 0.052 

Locus 21 : 
2 alleles
0.8% missing data
   2   (0.350) 0.332 0.207 0.447 0.260 
   3   (0.650) 0.668 0.793 0.553 0.740 

Locus 22 : 
2 alleles
0.0% missing data
   4   (0.812) 0.870 0.873 0.727 0.709 
   2   (0.188) 0.130 0.127 0.273 0.291 

Locus 23 : 
2 alleles
2.4% missing data
   1   (0.357) 0.308 0.566 0.399 0.472 
   4   (0.643) 0.692 0.434 0.601 0.528 

Locus 24 : 
2 alleles
0.0% missing data
   3   (0.739) 0.689 0.991 0.613 0.963 
   2   (0.261) 0.311 0.009 0.387 0.037 

Locus 25 : 
2 alleles
0.0% missing data
   3   (0.710) 0.707 0.490 0.715 0.957 
   2   (0.290) 0.293 0.510 0.285 0.043 

Locus 26 : 
2 alleles
0.8% missing data
   2   (0.570) 0.518 0.723 0.550 0.935 
   4   (0.430) 0.482 0.277 0.450 0.065 

Locus 27 : 
2 alleles
1.6% missing data
   1   (0.586) 0.618 0.753 0.629 0.186 
   4   (0.414) 0.382 0.247 0.371 0.814 

Locus 28 : 
2 alleles
3.9% missing data
   3   (0.521) 0.519 0.584 0.659 0.276 
   2   (0.479) 0.481 0.416 0.341 0.724 

Locus 29 : 
2 alleles
0.0% missing data
   4   (0.198) 0.121 0.435 0.352 0.345 
   1   (0.802) 0.879 0.565 0.648 0.655 

Locus 30 : 
2 alleles
0.0% missing data
   1   (0.428) 0.395 0.570 0.460 0.494 
   4   (0.572) 0.605 0.430 0.540 0.506 

Locus 31 : 
2 alleles
3.1% missing data
   2   (0.292) 0.289 0.502 0.301 0.045 
   4   (0.708) 0.711 0.498 0.699 0.955 

Locus 32 : 
2 alleles
0.0% missing data
   4   (0.531) 0.524 0.645 0.658 0.356 
   3   (0.469) 0.476 0.355 0.342 0.644 

Locus 33 : 
2 alleles
0.8% missing data
   2   (0.535) 0.533 0.567 0.616 0.436 
   3   (0.465) 0.467 0.433 0.384 0.564 

Locus 34 : 
2 alleles
0.0% missing data
   3   (0.495) 0.479 0.607 0.566 0.453 
   2   (0.505) 0.521 0.393 0.434 0.547 

Locus 35 : 
2 alleles
0.0% missing data
   4   (0.653) 0.578 0.988 0.795 0.688 
   1   (0.347) 0.422 0.012 0.205 0.312 

Locus 36 : 
2 alleles
0.0% missing data
   4   (0.645) 0.642 0.787 0.418 0.947 
   1   (0.355) 0.358 0.213 0.582 0.053 

Locus 37 : 
2 alleles
0.8% missing data
   2   (0.561) 0.554 0.813 0.450 0.734 
   3   (0.439) 0.446 0.187 0.550 0.266 

Locus 38 : 
2 alleles
0.8% missing data
   1   (0.909) 0.919 0.997 0.986 0.793 
   2   (0.091) 0.081 0.003 0.014 0.207 

Locus 39 : 
2 alleles
1.6% missing data
   2   (0.600) 0.613 0.962 0.345 0.521 
   4   (0.400) 0.387 0.038 0.655 0.479 

Locus 40 : 
2 alleles
0.0% missing data
   1   (0.393) 0.300 0.400 0.814 0.482 
   4   (0.607) 0.700 0.600 0.186 0.518 

Locus 41 : 
2 alleles
0.0% missing data
   2   (0.911) 0.958 0.934 0.622 0.988 
   1   (0.089) 0.042 0.066 0.378 0.012 

Locus 42 : 
2 alleles
0.0% missing data
   2   (0.538) 0.536 0.527 0.605 0.524 
   4   (0.462) 0.464 0.473 0.395 0.476 

Locus 43 : 
2 alleles
0.0% missing data
   2   (0.408) 0.355 0.367 0.680 0.442 
   4   (0.592) 0.645 0.633 0.320 0.558 

Locus 44 : 
3 alleles
1.6% missing data
   3   (0.849) 0.882 0.836 0.918 0.976 
   2   (0.118) 0.088 0.163 0.079 0.019 
   0   (0.034) 0.030 0.001 0.003 0.005 

Locus 45 : 
2 alleles
0.0% missing data
   1   (0.803) 0.783 0.984 0.790 0.968 
   2   (0.197) 0.217 0.016 0.210 0.032 

Locus 46 : 
2 alleles
0.0% missing data
   4   (0.882) 0.898 0.996 0.954 0.759 
   2   (0.118) 0.102 0.004 0.046 0.241 

Locus 47 : 
2 alleles
0.0% missing data
   2   (0.870) 0.909 0.957 0.949 0.708 
   1   (0.130) 0.091 0.043 0.051 0.292 

Locus 48 : 
2 alleles
1.6% missing data
   2   (0.567) 0.566 0.429 0.523 0.848 
   4   (0.433) 0.434 0.571 0.477 0.152 

Locus 49 : 
2 alleles
0.0% missing data
   1   (0.737) 0.765 0.913 0.649 0.792 
   2   (0.263) 0.235 0.087 0.351 0.208 

Locus 50 : 
2 alleles
0.0% missing data
   4   (0.731) 0.786 0.438 0.738 0.644 
   1   (0.269) 0.214 0.562 0.262 0.356 

Locus 51 : 
2 alleles
0.0% missing data
   3   (0.509) 0.474 0.567 0.670 0.545 
   2   (0.491) 0.526 0.433 0.330 0.455 

Locus 52 : 
2 alleles
0.8% missing data
   4   (0.914) 0.927 0.997 0.877 0.988 
   2   (0.086) 0.073 0.003 0.123 0.012 

Locus 53 : 
2 alleles
0.0% missing data
   4   (0.927) 0.973 0.998 0.629 0.746 
   2   (0.073) 0.027 0.002 0.371 0.254 

Locus 54 : 
2 alleles
3.1% missing data
   3   (0.585) 0.548 0.837 0.708 0.652 
   4   (0.415) 0.452 0.163 0.292 0.348 

Locus 55 : 
2 alleles
0.0% missing data
   2   (0.612) 0.584 0.592 0.775 0.782 
   1   (0.388) 0.416 0.408 0.225 0.218 

Locus 56 : 
3 alleles
2.4% missing data
   1   (0.772) 0.819 0.993 0.729 0.620 
   0   (0.086) 0.070 0.003 0.024 0.113 
   4   (0.142) 0.111 0.004 0.247 0.268 

Locus 57 : 
2 alleles
0.0% missing data
   4   (0.894) 0.914 0.997 0.647 0.986 
   1   (0.106) 0.086 0.003 0.353 0.014 

Locus 58 : 
2 alleles
0.0% missing data
   4   (0.874) 0.852 0.985 0.969 0.980 
   2   (0.126) 0.148 0.015 0.031 0.020 

Locus 59 : 
2 alleles
0.0% missing data
   3   (0.869) 0.877 0.890 0.952 0.983 
   2   (0.131) 0.123 0.110 0.048 0.017 

Locus 60 : 
2 alleles
0.0% missing data
   4   (0.752) 0.744 0.991 0.683 0.770 
   2   (0.248) 0.256 0.009 0.317 0.230 

Locus 61 : 
2 alleles
0.0% missing data
   4   (0.873) 0.905 0.996 0.778 0.828 
   2   (0.127) 0.095 0.004 0.222 0.172 

Locus 62 : 
2 alleles
0.0% missing data
   2   (0.750) 0.766 0.912 0.467 0.966 
   1   (0.250) 0.234 0.088 0.533 0.034 

Locus 63 : 
2 alleles
0.0% missing data
   2   (0.417) 0.402 0.642 0.219 0.714 
   1   (0.583) 0.598 0.358 0.781 0.286 

Locus 64 : 
2 alleles
0.0% missing data
   4   (0.830) 0.839 0.994 0.842 0.764 
   2   (0.170) 0.161 0.006 0.158 0.236 

Locus 65 : 
2 alleles
0.8% missing data
   1   (0.885) 0.895 0.996 0.747 0.979 
   4   (0.115) 0.105 0.004 0.253 0.021 

Locus 66 : 
3 alleles
1.6% missing data
   3   (0.601) 0.617 0.663 0.691 0.539 
   2   (0.367) 0.372 0.336 0.266 0.457 
   0   (0.032) 0.011 0.001 0.043 0.004 

Locus 67 : 
2 alleles
0.0% missing data
   1   (0.127) 0.095 0.031 0.039 0.227 
   3   (0.873) 0.905 0.969 0.961 0.773 

Locus 68 : 
2 alleles
0.0% missing data
   2   (0.527) 0.577 0.737 0.333 0.176 
   3   (0.473) 0.423 0.263 0.667 0.824 

Locus 69 : 
2 alleles
0.0% missing data
   4   (0.797) 0.831 0.994 0.510 0.687 
   2   (0.203) 0.169 0.006 0.490 0.313 

Locus 70 : 
3 alleles
0.0% missing data
   1   (0.340) 0.365 0.699 0.028 0.807 
   3   (0.622) 0.619 0.148 0.970 0.188 
   0   (0.038) 0.016 0.153 0.002 0.005 

Locus 71 : 
2 alleles
3.1% missing data
   2   (0.559) 0.568 0.216 0.742 0.512 
   4   (0.441) 0.432 0.784 0.258 0.488 

Locus 72 : 
2 alleles
1.6% missing data
   3   (0.551) 0.538 0.711 0.701 0.326 
   1   (0.449) 0.462 0.289 0.299 0.674 

Locus 73 : 
2 alleles
0.0% missing data
   1   (0.311) 0.251 0.538 0.351 0.483 
   2   (0.689) 0.749 0.462 0.649 0.517 

Locus 74 : 
2 alleles
1.6% missing data
   2   (0.823) 0.781 0.981 0.938 0.974 
   3   (0.177) 0.219 0.019 0.062 0.026 

Locus 75 : 
2 alleles
0.0% missing data
   3   (0.489) 0.467 0.789 0.658 0.158 
   1   (0.511) 0.533 0.211 0.342 0.842 

Locus 76 : 
2 alleles
0.0% missing data
   2   (0.430) 0.403 0.922 0.185 0.642 
   1   (0.570) 0.597 0.078 0.815 0.358 

Locus 77 : 
2 alleles
0.0% missing data
   4   (0.314) 0.320 0.479 0.104 0.320 
   1   (0.686) 0.680 0.521 0.896 0.680 

Locus 78 : 
2 alleles
0.0% missing data
   3   (0.719) 0.684 0.990 0.823 0.528 
   2   (0.281) 0.316 0.010 0.177 0.472 

Locus 79 : 
2 alleles
0.0% missing data
   2   (0.570) 0.548 0.719 0.523 0.842 
   3   (0.430) 0.452 0.281 0.477 0.158 

Locus 80 : 
2 alleles
0.0% missing data
   4   (0.809) 0.861 0.872 0.786 0.705 
   2   (0.191) 0.139 0.128 0.214 0.295 

Locus 81 : 
2 alleles
0.0% missing data
   3   (0.479) 0.523 0.338 0.582 0.069 
   2   (0.521) 0.477 0.662 0.418 0.931 

Locus 82 : 
2 alleles
0.0% missing data
   2   (0.739) 0.785 0.721 0.688 0.753 
   3   (0.261) 0.215 0.279 0.312 0.247 

Locus 83 : 
2 alleles
0.0% missing data
   3   (0.731) 0.742 0.883 0.469 0.961 
   2   (0.269) 0.258 0.117 0.531 0.039 

Locus 84 : 
2 alleles
0.0% missing data
   3   (0.536) 0.588 0.441 0.414 0.302 
   2   (0.464) 0.412 0.559 0.586 0.698 

Locus 85 : 
2 alleles
0.0% missing data
   3   (0.751) 0.777 0.876 0.817 0.634 
   4   (0.249) 0.223 0.124 0.183 0.366 

Locus 86 : 
2 alleles
0.0% missing data
   3   (0.533) 0.536 0.446 0.846 0.083 
   2   (0.467) 0.464 0.554 0.154 0.917 

Locus 87 : 
3 alleles
4.7% missing data
   1   (0.548) 0.582 0.711 0.428 0.502 
   4   (0.418) 0.400 0.288 0.558 0.485 
   0   (0.033) 0.019 0.001 0.014 0.014 

Locus 88 : 
2 alleles
1.6% missing data
   3   (0.813) 0.794 0.994 0.672 0.974 
   1   (0.187) 0.206 0.006 0.328 0.026 

Locus 89 : 
2 alleles
0.0% missing data
   1   (0.565) 0.572 0.893 0.426 0.497 
   4   (0.435) 0.428 0.107 0.574 0.503 

Locus 90 : 
2 alleles
0.8% missing data
   3   (0.745) 0.810 0.761 0.603 0.535 
   2   (0.255) 0.190 0.239 0.397 0.465 

Locus 91 : 
2 alleles
0.0% missing data
   2   (0.688) 0.706 0.691 0.718 0.744 
   4   (0.312) 0.294 0.309 0.282 0.256 

Locus 92 : 
2 alleles
0.0% missing data
   2   (0.774) 0.804 0.956 0.736 0.736 
   4   (0.226) 0.196 0.044 0.264 0.264 

Locus 93 : 
2 alleles
0.0% missing data
   4   (0.906) 0.916 0.997 0.878 0.985 
   1   (0.094) 0.084 0.003 0.122 0.015 

Locus 94 : 
2 alleles
0.0% missing data
   3   (0.788) 0.784 0.749 0.872 0.966 
   1   (0.212) 0.216 0.251 0.128 0.034 

Locus 95 : 
2 alleles
0.0% missing data
   1   (0.063) 0.050 0.069 0.004 0.008 
   3   (0.937) 0.950 0.931 0.996 0.992 

Locus 96 : 
2 alleles
0.0% missing data
   3   (0.559) 0.561 0.803 0.488 0.533 
   2   (0.441) 0.439 0.197 0.512 0.467 

Locus 97 : 
2 alleles
0.0% missing data
   2   (0.735) 0.723 0.992 0.637 0.761 
   1   (0.265) 0.277 0.008 0.363 0.239 

Locus 98 : 
2 alleles
0.0% missing data
   4   (0.765) 0.727 0.992 0.614 0.964 
   2   (0.235) 0.273 0.008 0.386 0.036 

Locus 99 : 
2 alleles
0.8% missing data
   4   (0.837) 0.873 0.995 0.622 0.764 
   1   (0.163) 0.127 0.005 0.378 0.236 

Locus 100 : 
2 alleles
0.8% missing data
   3   (0.432) 0.408 0.210 0.509 0.664 
   2   (0.568) 0.592 0.790 0.491 0.336 

Locus 101 : 
3 alleles
0.0% missing data
   4   (0.480) 0.570 0.433 0.091 0.512 
   2   (0.441) 0.344 0.537 0.904 0.477 
   0   (0.079) 0.085 0.029 0.005 0.011 

Locus 102 : 
2 alleles
2.4% missing data
   2   (0.762) 0.769 0.900 0.890 0.698 
   4   (0.238) 0.231 0.100 0.110 0.302 

Locus 103 : 
3 alleles
0.0% missing data
   4   (0.113) 0.092 0.525 0.025 0.016 
   2   (0.793) 0.757 0.472 0.970 0.967 
   0   (0.094) 0.152 0.003 0.005 0.017 

Locus 104 : 
2 alleles
0.0% missing data
   3   (0.310) 0.306 0.564 0.177 0.154 
   2   (0.690) 0.694 0.436 0.823 0.846 

Locus 105 : 
2 alleles
0.0% missing data
   4   (0.492) 0.506 0.413 0.416 0.503 
   1   (0.508) 0.494 0.587 0.584 0.497 

Locus 106 : 
2 alleles
0.0% missing data
   1   (0.155) 0.129 0.176 0.181 0.021 
   2   (0.845) 0.871 0.824 0.819 0.979 

Locus 107 : 
2 alleles
0.0% missing data
   1   (0.588) 0.615 0.793 0.481 0.399 
   4   (0.412) 0.385 0.207 0.519 0.601 

Locus 108 : 
2 alleles
0.0% missing data
   2   (0.753) 0.766 0.927 0.825 0.693 
   4   (0.247) 0.234 0.073 0.175 0.307 

Locus 109 : 
2 alleles
0.0% missing data
   3   (0.796) 0.820 0.966 0.794 0.814 
   2   (0.204) 0.180 0.034 0.206 0.186 

Locus 110 : 
2 alleles
0.0% missing data
   2   (0.922) 0.933 0.998 0.917 0.989 
   1   (0.078) 0.067 0.002 0.083 0.011 

Locus 111 : 
2 alleles
0.0% missing data
   1   (0.847) 0.840 0.994 0.734 0.979 
   2   (0.153) 0.160 0.006 0.266 0.021 

Locus 112 : 
2 alleles
7.1% missing data
   3   (0.838) 0.847 0.994 0.875 0.754 
   2   (0.162) 0.153 0.006 0.125 0.246 

Locus 113 : 
2 alleles
0.0% missing data
   2   (0.660) 0.583 0.742 0.867 0.949 
   3   (0.340) 0.417 0.258 0.133 0.051 

Locus 114 : 
2 alleles
0.0% missing data
   4   (0.714) 0.701 0.805 0.703 0.960 
   2   (0.286) 0.299 0.195 0.297 0.040 

Locus 115 : 
2 alleles
0.0% missing data
   3   (0.462) 0.435 0.340 0.535 0.659 
   2   (0.538) 0.565 0.660 0.465 0.341 

Locus 116 : 
2 alleles
0.0% missing data
   4   (0.449) 0.402 0.689 0.572 0.479 
   3   (0.551) 0.598 0.311 0.428 0.521 

Locus 117 : 
2 alleles
0.0% missing data
   2   (0.886) 0.882 0.995 0.896 0.984 
   3   (0.114) 0.118 0.005 0.104 0.016 

Locus 118 : 
2 alleles
0.0% missing data
   2   (0.899) 0.899 0.997 0.912 0.987 
   1   (0.101) 0.101 0.003 0.088 0.013 

Locus 119 : 
3 alleles
0.0% missing data
   2   (0.913) 0.969 0.971 0.917 0.592 
   0   (0.029) 0.010 0.027 0.002 0.004 
   3   (0.059) 0.021 0.002 0.081 0.404 

Locus 120 : 
2 alleles
0.0% missing data
   1   (0.926) 0.936 0.997 0.957 0.987 
   2   (0.074) 0.064 0.003 0.043 0.013 

Locus 121 : 
2 alleles
0.0% missing data
   3   (0.722) 0.727 0.656 0.826 0.850 
   4   (0.278) 0.273 0.344 0.174 0.150 

Locus 122 : 
2 alleles
0.0% missing data
   1   (0.964) 0.984 0.900 0.998 0.996 
   0   (0.036) 0.016 0.100 0.002 0.004 

Locus 123 : 
3 alleles
1.6% missing data
   2   (0.710) 0.766 0.915 0.341 0.846 
   3   (0.260) 0.224 0.031 0.657 0.150 
   0   (0.030) 0.010 0.054 0.002 0.004 

Locus 124 : 
2 alleles
0.8% missing data
   1   (0.828) 0.809 0.994 0.751 0.976 
   3   (0.172) 0.191 0.006 0.249 0.024 

Locus 125 : 
2 alleles
0.0% missing data
   1   (0.893) 0.898 0.997 0.986 0.537 
   2   (0.107) 0.102 0.003 0.014 0.463 

Locus 126 : 
2 alleles
0.0% missing data
   4   (0.236) 0.181 0.243 0.316 0.286 
   2   (0.764) 0.819 0.757 0.684 0.714 

Locus 127 : 
2 alleles
0.0% missing data
   3   (0.684) 0.702 0.989 0.389 0.529 
   2   (0.316) 0.298 0.011 0.611 0.471 

Locus 128 : 
2 alleles
0.8% missing data
   3   (0.780) 0.788 0.798 0.947 0.664 
   2   (0.220) 0.212 0.202 0.053 0.336 

Locus 129 : 
2 alleles
0.8% missing data
   1   (0.759) 0.723 0.978 0.926 0.769 
   3   (0.241) 0.277 0.022 0.074 0.231 

Locus 130 : 
2 alleles
0.0% missing data
   3   (0.890) 0.880 0.996 0.927 0.984 
   2   (0.110) 0.120 0.004 0.073 0.016 

Locus 131 : 
2 alleles
0.0% missing data
   4   (0.651) 0.647 0.333 0.890 0.594 
   1   (0.349) 0.353 0.667 0.110 0.406 

Locus 132 : 
2 alleles
0.0% missing data
   2   (0.804) 0.779 0.994 0.906 0.829 
   4   (0.196) 0.221 0.006 0.094 0.171 

Locus 133 : 
2 alleles
0.0% missing data
   3   (0.482) 0.493 0.845 0.522 0.070 
   2   (0.518) 0.507 0.155 0.478 0.930 

Locus 134 : 
2 alleles
0.8% missing data
   3   (0.772) 0.778 0.907 0.664 0.967 
   2   (0.228) 0.222 0.093 0.336 0.033 

Locus 135 : 
2 alleles
0.0% missing data
   3   (0.625) 0.632 0.896 0.599 0.514 
   2   (0.375) 0.368 0.104 0.401 0.486 

Locus 136 : 
2 alleles
0.0% missing data
   4   (0.896) 0.924 0.996 0.559 0.984 
   2   (0.104) 0.076 0.004 0.441 0.016 

Locus 137 : 
2 alleles
0.0% missing data
   2   (0.932) 0.926 0.997 0.989 0.991 
   3   (0.068) 0.074 0.003 0.011 0.009 

Locus 138 : 
2 alleles
0.8% missing data
   1   (0.677) 0.689 0.490 0.811 0.690 
   3   (0.323) 0.311 0.510 0.189 0.310 

Locus 139 : 
2 alleles
0.8% missing data
   2   (0.639) 0.703 0.405 0.519 0.453 
   3   (0.361) 0.297 0.595 0.481 0.547 

Locus 140 : 
2 alleles
0.0% missing data
   4   (0.695) 0.688 0.909 0.824 0.633 
   3   (0.305) 0.312 0.091 0.176 0.367 

Locus 141 : 
2 alleles
0.0% missing data
   1   (0.713) 0.755 0.771 0.620 0.692 
   4   (0.287) 0.245 0.229 0.380 0.308 

Locus 142 : 
2 alleles
0.0% missing data
   3   (0.640) 0.641 0.595 0.869 0.356 
   2   (0.360) 0.359 0.405 0.131 0.644 

Locus 143 : 
2 alleles
0.0% missing data
   2   (0.936) 0.949 0.997 0.966 0.992 
   3   (0.064) 0.051 0.003 0.034 0.008 

Locus 144 : 
3 alleles
0.8% missing data
   4   (0.599) 0.596 0.942 0.461 0.717 
   1   (0.372) 0.394 0.031 0.537 0.279 
   0   (0.029) 0.010 0.027 0.002 0.004 

Locus 145 : 
2 alleles
0.0% missing data
   1   (0.171) 0.178 0.275 0.051 0.023 
   3   (0.829) 0.822 0.725 0.949 0.977 

Locus 146 : 
2 alleles
0.0% missing data
   4   (0.916) 0.931 0.997 0.877 0.988 
   1   (0.084) 0.069 0.003 0.123 0.012 

Locus 147 : 
2 alleles
0.8% missing data
   1   (0.368) 0.366 0.402 0.187 0.536 
   4   (0.632) 0.634 0.598 0.813 0.464 

Locus 148 : 
2 alleles
0.0% missing data
   3   (0.733) 0.701 0.606 0.983 0.331 
   1   (0.267) 0.299 0.394 0.017 0.669 

Locus 149 : 
3 alleles
1.6% missing data
   2   (0.506) 0.556 0.589 0.441 0.191 
   3   (0.442) 0.408 0.409 0.536 0.802 
   0   (0.052) 0.036 0.003 0.023 0.007 

Locus 150 : 
2 alleles
0.0% missing data
   1   (0.709) 0.658 0.901 0.801 0.957 
   4   (0.291) 0.342 0.099 0.199 0.043 

Locus 151 : 
2 alleles
0.0% missing data
   3   (0.732) 0.709 0.405 0.886 0.963 
   2   (0.268) 0.291 0.595 0.114 0.037 

Locus 152 : 
2 alleles
0.0% missing data
   4   (0.929) 0.932 0.998 0.995 0.827 
   2   (0.071) 0.068 0.002 0.005 0.173 

Locus 153 : 
2 alleles
0.0% missing data
   1   (0.641) 0.682 0.681 0.500 0.649 
   4   (0.359) 0.318 0.319 0.500 0.351 

Locus 154 : 
2 alleles
0.8% missing data
   1   (0.547) 0.612 0.892 0.108 0.520 
   3   (0.453) 0.388 0.108 0.892 0.480 

Locus 155 : 
2 alleles
0.0% missing data
   3   (0.552) 0.503 0.848 0.636 0.776 
   4   (0.448) 0.497 0.152 0.364 0.224 

Locus 156 : 
2 alleles
0.8% missing data
   1   (0.807) 0.857 0.972 0.219 0.971 
   2   (0.193) 0.143 0.028 0.781 0.029 

Locus 157 : 
2 alleles
0.0% missing data
   4   (0.575) 0.568 0.751 0.559 0.664 
   2   (0.425) 0.432 0.249 0.441 0.336 

Locus 158 : 
2 alleles
0.8% missing data
   1   (0.703) 0.676 0.757 0.900 0.802 
   2   (0.297) 0.324 0.243 0.100 0.198 

Locus 159 : 
3 alleles
0.8% missing data
   2   (0.828) 0.865 0.864 0.519 0.976 
   0   (0.072) 0.062 0.133 0.004 0.011 
   3   (0.100) 0.073 0.003 0.477 0.013 

Locus 160 : 
3 alleles
0.0% missing data
   1   (0.449) 0.494 0.468 0.182 0.482 
   3   (0.516) 0.475 0.531 0.816 0.511 
   0   (0.035) 0.031 0.001 0.002 0.007 

Locus 161 : 
2 alleles
0.8% missing data
   1   (0.518) 0.552 0.513 0.535 0.182 
   4   (0.482) 0.448 0.487 0.465 0.818 

Locus 162 : 
3 alleles
3.1% missing data
   1   (0.893) 0.920 0.997 0.933 0.986 
   0   (0.076) 0.069 0.002 0.044 0.010 
   2   (0.031) 0.011 0.001 0.023 0.004 

Locus 163 : 
2 alleles
0.0% missing data
   2   (0.877) 0.924 0.854 0.658 0.982 
   3   (0.123) 0.076 0.146 0.342 0.018 

Locus 164 : 
3 alleles
0.8% missing data
   4   (0.867) 0.920 0.811 0.856 0.982 
   1   (0.103) 0.069 0.188 0.122 0.014 
   0   (0.030) 0.010 0.001 0.022 0.004 

Locus 165 : 
2 alleles
0.0% missing data
   4   (0.801) 0.851 0.830 0.682 0.862 
   1   (0.199) 0.149 0.170 0.318 0.138 

Locus 166 : 
2 alleles
0.8% missing data
   2   (0.859) 0.895 0.984 0.502 0.976 
   3   (0.141) 0.105 0.016 0.498 0.024 

Locus 167 : 
2 alleles
0.0% missing data
   2   (0.652) 0.729 0.760 0.246 0.644 
   3   (0.348) 0.271 0.240 0.754 0.356 

Locus 168 : 
2 alleles
0.0% missing data
   3   (0.732) 0.743 0.910 0.785 0.737 
   2   (0.268) 0.257 0.090 0.215 0.263 

Locus 169 : 
3 alleles
2.4% missing data
   4   (0.403) 0.462 0.560 0.152 0.163 
   3   (0.544) 0.501 0.385 0.844 0.830 
   0   (0.054) 0.037 0.055 0.003 0.007 

Locus 170 : 
2 alleles
0.0% missing data
   1   (0.754) 0.823 0.550 0.691 0.536 
   3   (0.246) 0.177 0.450 0.309 0.464 

Locus 171 : 
3 alleles
3.1% missing data
   2   (0.829) 0.881 0.956 0.653 0.974 
   3   (0.138) 0.107 0.043 0.302 0.022 
   0   (0.033) 0.012 0.001 0.045 0.004 

Locus 172 : 
2 alleles
0.0% missing data
   4   (0.722) 0.720 0.611 0.725 0.959 
   1   (0.278) 0.280 0.389 0.275 0.041 

Locus 173 : 
2 alleles
0.0% missing data
   2   (0.772) 0.832 0.534 0.778 0.553 
   3   (0.228) 0.168 0.466 0.222 0.447 

Locus 174 : 
2 alleles
0.0% missing data
   4   (0.737) 0.762 0.811 0.699 0.849 
   1   (0.263) 0.238 0.189 0.301 0.151 

Locus 175 : 
2 alleles
0.0% missing data
   2   (0.727) 0.762 0.766 0.627 0.855 
   4   (0.273) 0.238 0.234 0.373 0.145 

Locus 176 : 
2 alleles
0.8% missing data
   4   (0.954) 0.946 0.998 0.997 0.993 
   1   (0.046) 0.054 0.002 0.003 0.007 

Locus 177 : 
2 alleles
0.0% missing data
   3   (0.484) 0.434 0.536 0.688 0.653 
   2   (0.516) 0.566 0.464 0.312 0.347 

Locus 178 : 
3 alleles
2.4% missing data
   3   (0.606) 0.589 0.651 0.824 0.618 
   2   (0.366) 0.401 0.348 0.175 0.283 
   0   (0.028) 0.010 0.001 0.002 0.099 

Locus 179 : 
2 alleles
0.0% missing data
   3   (0.899) 0.930 0.967 0.842 0.987 
   2   (0.101) 0.070 0.033 0.158 0.013 

Locus 180 : 
3 alleles
1.6% missing data
   3   (0.531) 0.579 0.796 0.179 0.671 
   2   (0.421) 0.364 0.203 0.818 0.323 
   0   (0.048) 0.056 0.001 0.003 0.006 

Locus 181 : 
2 alleles
0.0% missing data
   2   (0.729) 0.744 0.746 0.560 0.962 
   1   (0.271) 0.256 0.254 0.440 0.038 

Locus 182 : 
2 alleles
1.6% missing data
   4   (0.787) 0.809 0.536 0.916 0.870 
   2   (0.213) 0.191 0.464 0.084 0.130 

Locus 183 : 
2 alleles
0.0% missing data
   4   (0.885) 0.893 0.904 0.975 0.977 
   2   (0.115) 0.107 0.096 0.025 0.023 

Locus 184 : 
2 alleles
0.0% missing data
   2   (0.887) 0.923 0.971 0.964 0.783 
   3   (0.113) 0.077 0.029 0.036 0.217 

Locus 185 : 
2 alleles
0.0% missing data
   2   (0.779) 0.838 0.809 0.729 0.538 
   3   (0.221) 0.162 0.191 0.271 0.462 

Locus 186 : 
2 alleles
0.0% missing data
   2   (0.912) 0.914 0.637 0.995 0.989 
   3   (0.088) 0.086 0.363 0.005 0.011 

Locus 187 : 
2 alleles
0.0% missing data
   3   (0.904) 0.948 0.958 0.968 0.781 
   2   (0.096) 0.052 0.042 0.032 0.219 

Locus 188 : 
2 alleles
2.4% missing data
   2   (0.748) 0.770 0.742 0.571 0.966 
   3   (0.252) 0.230 0.258 0.429 0.034 

Locus 189 : 
3 alleles
3.1% missing data
   3   (0.647) 0.701 0.497 0.590 0.749 
   1   (0.299) 0.262 0.501 0.362 0.244 
   0   (0.054) 0.037 0.002 0.048 0.007 

Locus 190 : 
2 alleles
0.0% missing data
   1   (0.880) 0.851 0.996 0.954 0.982 
   5   (0.120) 0.149 0.004 0.046 0.018 

Locus 191 : 
2 alleles
0.0% missing data
   1   (0.801) 0.764 0.679 0.989 0.833 
   5   (0.199) 0.236 0.321 0.011 0.167 

Locus 192 : 
2 alleles
0.0% missing data
   2   (0.578) 0.613 0.791 0.510 0.242 
   1   (0.422) 0.387 0.209 0.490 0.758 

Locus 193 : 
2 alleles
2.4% missing data
   1   (0.934) 0.954 0.998 0.905 0.991 
   4   (0.066) 0.046 0.002 0.095 0.009 

Locus 194 : 
2 alleles
0.0% missing data
   3   (0.788) 0.753 0.993 0.679 0.971 
   2   (0.212) 0.247 0.007 0.321 0.029 

Locus 195 : 
2 alleles
6.3% missing data
   4   (0.572) 0.518 0.985 0.471 0.679 
   1   (0.428) 0.482 0.015 0.529 0.321 

Locus 196 : 
2 alleles
0.8% missing data
   3   (0.883) 0.893 0.767 0.974 0.984 
   2   (0.117) 0.107 0.233 0.026 0.016 

Locus 197 : 
2 alleles
0.8% missing data
   3   (0.670) 0.661 0.750 0.767 0.787 
   4   (0.330) 0.339 0.250 0.233 0.213 

Locus 198 : 
2 alleles
0.0% missing data
   1   (0.964) 0.987 0.999 0.898 0.995 
   2   (0.036) 0.013 0.001 0.102 0.005 

Locus 199 : 
2 alleles
0.0% missing data
   2   (0.853) 0.864 0.995 0.560 0.980 
   3   (0.147) 0.136 0.005 0.440 0.020 

Locus 200 : 
2 alleles
0.0% missing data
   2   (0.521) 0.529 0.604 0.493 0.444 
   4   (0.479) 0.471 0.396 0.507 0.556 

Locus 201 : 
2 alleles
0.8% missing data
   2   (0.697) 0.666 0.989 0.343 0.957 
   1   (0.303) 0.334 0.011 0.657 0.043 

Locus 202 : 
2 alleles
0.0% missing data
   1   (0.907) 0.935 0.748 0.995 0.822 
   3   (0.093) 0.065 0.252 0.005 0.178 

Locus 203 : 
2 alleles
0.8% missing data
   2   (0.708) 0.677 0.991 0.763 0.586 
   1   (0.292) 0.323 0.009 0.237 0.414 

Locus 204 : 
2 alleles
0.0% missing data
   2   (0.835) 0.805 0.994 0.822 0.978 
   5   (0.165) 0.195 0.006 0.178 0.022 

Locus 205 : 
2 alleles
0.0% missing data
   3   (0.686) 0.680 0.653 0.882 0.650 
   1   (0.314) 0.320 0.347 0.118 0.350 

Locus 206 : 
2 alleles
0.0% missing data
   4   (0.587) 0.579 0.323 0.599 0.891 
   1   (0.413) 0.421 0.677 0.401 0.109 

Locus 207 : 
2 alleles
0.8% missing data
   3   (0.813) 0.807 0.994 0.882 0.670 
   2   (0.187) 0.193 0.006 0.118 0.330 

Locus 208 : 
2 alleles
1.6% missing data
   1   (0.737) 0.736 0.991 0.530 0.800 
   2   (0.263) 0.264 0.009 0.470 0.200 

Locus 209 : 
3 alleles
0.0% missing data
   3   (0.941) 0.979 0.906 0.997 0.992 
   2   (0.030) 0.010 0.066 0.002 0.004 
   0   (0.029) 0.010 0.027 0.002 0.004 

Locus 210 : 
2 alleles
0.0% missing data
   2   (0.628) 0.669 0.980 0.449 0.100 
   4   (0.372) 0.331 0.020 0.551 0.900 

Locus 211 : 
2 alleles
0.0% missing data
   2   (0.890) 0.904 0.996 0.763 0.979 
   4   (0.110) 0.096 0.004 0.237 0.021 

Locus 212 : 
2 alleles
0.0% missing data
   4   (0.745) 0.770 0.779 0.749 0.854 
   1   (0.255) 0.230 0.221 0.251 0.146 

Locus 213 : 
2 alleles
0.0% missing data
   3   (0.758) 0.844 0.221 0.622 0.609 
   2   (0.242) 0.156 0.779 0.378 0.391 

Locus 214 : 
2 alleles
0.0% missing data
   1   (0.740) 0.778 0.864 0.661 0.717 
   4   (0.260) 0.222 0.136 0.339 0.283 

Locus 215 : 
2 alleles
0.0% missing data
   4   (0.329) 0.344 0.318 0.096 0.534 
   5   (0.671) 0.656 0.682 0.904 0.466 

Locus 216 : 
2 alleles
0.0% missing data
   3   (0.897) 0.937 0.904 0.803 0.986 
   1   (0.103) 0.063 0.096 0.197 0.014 

Locus 217 : 
2 alleles
0.0% missing data
   3   (0.879) 0.905 0.996 0.865 0.815 
   2   (0.121) 0.095 0.004 0.135 0.185 

Locus 218 : 
2 alleles
0.0% missing data
   3   (0.436) 0.498 0.241 0.432 0.067 
   2   (0.564) 0.502 0.759 0.568 0.933 

Locus 219 : 
2 alleles
0.0% missing data
   4   (0.744) 0.778 0.992 0.292 0.771 
   2   (0.256) 0.222 0.008 0.708 0.229 

Locus 220 : 
2 alleles
0.0% missing data
   3   (0.759) 0.792 0.952 0.666 0.697 
   2   (0.241) 0.208 0.048 0.334 0.303 

Locus 221 : 
2 alleles
0.0% missing data
   3   (0.797) 0.827 0.771 0.917 0.687 
   2   (0.203) 0.173 0.229 0.083 0.313 

Locus 222 : 
2 alleles
0.0% missing data
   2   (0.716) 0.722 0.991 0.496 0.635 
   3   (0.284) 0.278 0.009 0.504 0.365 

Locus 223 : 
2 alleles
0.8% missing data
   1   (0.945) 0.971 0.998 0.795 0.993 
   2   (0.055) 0.029 0.002 0.205 0.007 

Locus 224 : 
2 alleles
0.0% missing data
   5   (0.760) 0.816 0.883 0.427 0.871 
   1   (0.240) 0.184 0.117 0.573 0.129 

Locus 225 : 
2 alleles
0.8% missing data
   2   (0.750) 0.788 0.640 0.786 0.757 
   3   (0.250) 0.212 0.360 0.214 0.243 

Locus 226 : 
2 alleles
0.0% missing data
   3   (0.918) 0.875 0.997 0.995 0.987 
   1   (0.082) 0.125 0.003 0.005 0.013 

Values of parameters used in structure:
DATAFILE=/Users/ddayan/FRA/small_omy_projects/sf_crooked_river_2021/structure_SFGL_Omy269/project_data,	OUTFILE=/Users/ddayan/FRA/small_omy_projects/sf_crooked_river_2021/structure_SFGL_Omy269/5k10kadmcorr/Results/5k10kadmcorr_run_33,	NUMINDS=127,	NUMLOCI=226,	MISSING=-9,	LABEL=0,	POPDATA=1,	POPFLAG=0,	PHENOTYPE=0,	EXTRACOLS=0,	MAXPOPS=4,	BURNIN=5000,	NUMREPS=10000,	USEPOPINFO=0,	INFERALPHA=1,	INFERLAMBDA=0,	POPSPECIFICLAMBDA=0,	POPALPHAS=0,	COMPUTEPROB=1,	NOADMIX=0,	ADMBURNIN=2500,	UPDATEFREQ=1,	PRINTLIKES=0,	INTERMEDSAVE=0,	PRINTKLD=0,	PRINTNET=0,	PRINTLAMBDA=0,	ANCESTDIST=0,	NUMBOXES=1000,	ANCESTPINT=0.90000,	GENSBACK=2,	MIGRPRIOR=0.05000,	PRINTQHAT=0,	PRINTQSUM=0,	ALPHA=1.0000,	FREQSCORR=1,	FPRIORMEAN=0.0100,	FPRIORSD=0.0500,	ONEFST=0,	LAMBDA=1.0000,	UNIFPRIORALPHA=1,	ALPHAMAX=10.0000,	ALPHAPRIORA=1.0000,	ALPHAPRIORB=2.0000,	ALPHAPROPSD=0.0250,	STARTATPOPINFO=0,	RANDOMIZE=1,	LINKAGE=0,	METROFREQ=10,	REPORTHITRATE=0,	MARKOVPHASE=-1,	PHASED=0,	PLOIDY=2,	PHASEINFO=0	LOCPRIOR=0, 	LOCPRIORINIT=1.000000, 	LOCDATA=0, 	LOCISPOP=0, 	LOCPRIORSTEP=0.100000, 	MAXLOCPRIOR=20.000000, 	SEED=1642736591,	
[STRAT parameters]:    NUMSIMSTATS=1000,	PHENOTYPECOL=-9,	POOLFREQ=10,	LOCUSxONLY=0,	EMERROR=0.00100,	MISSINGPHENO=-9,	