

----------------------------------------------------
STRUCTURE by Pritchard, Stephens and Donnelly (2000)
     and Falush, Stephens and Pritchard (2003)
       Code by Pritchard, Falush and Hubisz
             Version 2.3.4 (Jul 2012)
----------------------------------------------------



Command line arguments:   bin/structure -m "/Users/ddayan/FRA/small_omy_projects/sf_crooked_river_2021/structure_SFGL_Omy269/5k10kadmcorr/mainparams" -e "/Users/ddayan/FRA/small_omy_projects/sf_crooked_river_2021/structure_SFGL_Omy269/5k10kadmcorr/extraparams" 
Input File:    /Users/ddayan/FRA/small_omy_projects/sf_crooked_river_2021/structure_SFGL_Omy269/project_data

Run parameters:
   127 individuals
   226 loci
   6 populations assumed
   5000 Burn-in period
   10000 Reps


--------------------------------------------
Proportion of membership of each pre-defined
 population in each of the 6 clusters

Given    Inferred Clusters                            Number of
 Pop       1      2      3      4      5      6      Individuals

  1:     0.004  0.003  0.003  0.005  0.002  0.984       35
  2:     0.089  0.043  0.072  0.007  0.785  0.005       17
  3:     0.179  0.379  0.177  0.201  0.013  0.051       41
  4:     0.007  0.008  0.007  0.005  0.967  0.006       34
--------------------------------------------

Allele-freq. divergence among pops (Net nucleotide distance),
computed using point estimates of P.

      1       2       3       4       5       6      
 1      -    0.0127  0.0223  0.0422  0.0334  0.0354  
 2   0.0127     -    0.0231  0.0372  0.0407  0.0379  
 3   0.0223  0.0231     -    0.0423  0.0478  0.0461  
 4   0.0422  0.0372  0.0423     -    0.0660  0.0591  
 5   0.0334  0.0407  0.0478  0.0660     -    0.0791  
 6   0.0354  0.0379  0.0461  0.0591  0.0791     -    

Average distances (expected heterozygosity) between individuals in same cluster:
cluster  1  : 0.3425 
cluster  2  : 0.3297 
cluster  3  : 0.3075 
cluster  4  : 0.2742 
cluster  5  : 0.3339 
cluster  6  : 0.2446 

--------------------------------------------
Estimated Ln Prob of Data   = -26611.9
Mean value of ln likelihood = -25976.0
Variance of ln likelihood   = 1271.8
Mean value of alpha         = 0.0320

Mean value of Fst_1         = 0.0698
Mean value of Fst_2         = 0.0781
Mean value of Fst_3         = 0.1746
Mean value of Fst_4         = 0.2745
Mean value of Fst_5         = 0.1547
Mean value of Fst_6         = 0.2980


Inferred ancestry of individuals:
     (%Miss) Pop:  Inferred clusters
  1    (0)    1 :  0.002 0.002 0.002 0.001 0.001 0.992 
  2    (0)    1 :  0.006 0.009 0.007 0.004 0.008 0.967 
  3    (0)    1 :  0.001 0.001 0.001 0.001 0.001 0.994 
  4    (0)    1 :  0.003 0.002 0.003 0.002 0.002 0.989 
  5    (0)    1 :  0.002 0.001 0.004 0.001 0.002 0.990 
  6    (0)    1 :  0.002 0.002 0.002 0.002 0.002 0.990 
  7    (0)    1 :  0.001 0.001 0.001 0.002 0.001 0.994 
  8    (0)    1 :  0.003 0.004 0.005 0.004 0.001 0.983 
  9    (0)    1 :  0.001 0.002 0.002 0.002 0.001 0.993 
 10    (0)    1 :  0.003 0.005 0.002 0.003 0.001 0.987 
 11    (0)    1 :  0.006 0.006 0.003 0.105 0.002 0.878 
 12    (0)    1 :  0.010 0.004 0.009 0.003 0.006 0.968 
 13    (0)    1 :  0.001 0.001 0.001 0.002 0.001 0.994 
 14    (0)    1 :  0.001 0.002 0.002 0.002 0.000 0.993 
 15    (0)    1 :  0.002 0.001 0.002 0.001 0.001 0.993 
 16    (0)    1 :  0.001 0.003 0.003 0.006 0.001 0.986 
 17    (0)    1 :  0.005 0.016 0.006 0.002 0.001 0.970 
 18    (0)    1 :  0.043 0.005 0.011 0.003 0.012 0.926 
 19    (0)    1 :  0.002 0.001 0.001 0.003 0.001 0.992 
 20    (0)    1 :  0.002 0.001 0.001 0.002 0.001 0.993 
 21    (0)    1 :  0.002 0.003 0.004 0.002 0.001 0.987 
 22    (0)    1 :  0.005 0.005 0.003 0.002 0.001 0.983 
 23    (0)    1 :  0.001 0.001 0.001 0.001 0.001 0.996 
 24    (0)    1 :  0.001 0.002 0.002 0.002 0.000 0.993 
 25    (0)    1 :  0.004 0.003 0.004 0.001 0.004 0.984 
 26    (0)    1 :  0.001 0.001 0.001 0.001 0.001 0.995 
 27    (0)    1 :  0.001 0.001 0.001 0.001 0.001 0.996 
 28    (0)    1 :  0.005 0.006 0.002 0.004 0.001 0.982 
 29    (0)    1 :  0.002 0.003 0.001 0.002 0.001 0.992 
 30    (0)    1 :  0.001 0.001 0.001 0.001 0.002 0.995 
 31    (0)    1 :  0.002 0.002 0.003 0.002 0.002 0.990 
 32    (0)    1 :  0.002 0.003 0.002 0.002 0.001 0.990 
 33    (0)    1 :  0.001 0.001 0.001 0.001 0.000 0.996 
 34    (0)    1 :  0.001 0.001 0.001 0.001 0.001 0.996 
 35    (0)    1 :  0.001 0.003 0.003 0.001 0.001 0.990 
 36    (0)    2 :  0.134 0.014 0.035 0.003 0.809 0.005 
 37    (0)    2 :  0.005 0.003 0.002 0.002 0.980 0.008 
 38    (0)    3 :  0.002 0.953 0.020 0.018 0.001 0.006 
 39    (0)    3 :  0.979 0.003 0.010 0.001 0.001 0.005 
 40    (0)    3 :  0.938 0.002 0.010 0.002 0.001 0.048 
 41    (0)    3 :  0.388 0.388 0.125 0.017 0.078 0.003 
 42    (0)    3 :  0.009 0.813 0.002 0.075 0.093 0.008 
 43    (0)    2 :  0.003 0.003 0.003 0.001 0.990 0.001 
 44    (0)    2 :  0.068 0.514 0.304 0.026 0.070 0.019 
 45    (0)    2 :  0.004 0.003 0.003 0.001 0.988 0.001 
 46    (0)    2 :  0.004 0.005 0.002 0.003 0.984 0.003 
 47    (0)    2 :  0.404 0.003 0.011 0.021 0.559 0.001 
 48    (0)    2 :  0.763 0.006 0.069 0.003 0.154 0.005 
 49    (0)    2 :  0.016 0.046 0.451 0.011 0.436 0.040 
 50    (0)    2 :  0.003 0.007 0.004 0.001 0.983 0.001 
 51    (0)    2 :  0.027 0.004 0.004 0.014 0.949 0.002 
 52    (0)    3 :  0.004 0.934 0.037 0.011 0.004 0.009 
 53    (0)    3 :  0.876 0.049 0.027 0.003 0.005 0.039 
 54    (0)    3 :  0.014 0.385 0.583 0.006 0.005 0.008 
 55    (0)    3 :  0.079 0.709 0.007 0.008 0.181 0.015 
 56    (0)    3 :  0.002 0.003 0.001 0.991 0.001 0.002 
 57    (0)    3 :  0.003 0.834 0.004 0.003 0.004 0.152 
 58    (0)    3 :  0.007 0.002 0.983 0.004 0.002 0.002 
 59    (0)    3 :  0.834 0.005 0.133 0.002 0.022 0.004 
 60    (0)    3 :  0.001 0.001 0.004 0.990 0.002 0.001 
 61    (0)    3 :  0.001 0.001 0.001 0.993 0.001 0.002 
 62    (0)    3 :  0.008 0.971 0.003 0.007 0.003 0.008 
 63    (0)    3 :  0.002 0.988 0.002 0.004 0.001 0.003 
 64    (0)    3 :  0.017 0.458 0.062 0.004 0.002 0.456 
 65    (0)    3 :  0.039 0.484 0.016 0.003 0.002 0.457 
 66    (0)    3 :  0.697 0.004 0.008 0.001 0.004 0.286 
 67    (0)    3 :  0.707 0.064 0.010 0.033 0.014 0.173 
 68    (0)    3 :  0.001 0.001 0.001 0.994 0.001 0.002 
 69    (0)    3 :  0.651 0.029 0.002 0.001 0.008 0.308 
 70    (0)    3 :  0.005 0.008 0.004 0.977 0.002 0.004 
 71    (0)    3 :  0.003 0.004 0.002 0.986 0.001 0.003 
 72    (0)    3 :  0.003 0.002 0.004 0.987 0.001 0.003 
 73    (0)    3 :  0.003 0.003 0.923 0.063 0.001 0.007 
 74    (0)    3 :  0.015 0.700 0.273 0.003 0.004 0.005 
 75    (0)    3 :  0.008 0.978 0.006 0.002 0.003 0.003 
 76    (0)    3 :  0.028 0.628 0.328 0.003 0.009 0.003 
 77    (0)    3 :  0.001 0.002 0.990 0.003 0.001 0.001 
 78    (0)    3 :  0.012 0.938 0.019 0.016 0.001 0.015 
 79    (0)    3 :  0.010 0.690 0.287 0.005 0.006 0.003 
 80    (0)    3 :  0.004 0.975 0.010 0.005 0.002 0.005 
 81    (0)    3 :  0.005 0.982 0.001 0.006 0.003 0.003 
 82    (0)    3 :  0.071 0.213 0.654 0.007 0.041 0.014 
 83    (0)    3 :  0.003 0.006 0.981 0.004 0.001 0.006 
 84    (0)    3 :  0.002 0.965 0.007 0.022 0.002 0.003 
 85    (0)    3 :  0.001 0.001 0.001 0.996 0.001 0.001 
 86    (0)    3 :  0.830 0.008 0.150 0.002 0.007 0.003 
 87    (0)    3 :  0.069 0.357 0.547 0.001 0.003 0.022 
 88    (0)    2 :  0.003 0.002 0.002 0.001 0.991 0.001 
 89    (0)    2 :  0.007 0.003 0.004 0.002 0.983 0.001 
 90    (0)    2 :  0.007 0.003 0.002 0.002 0.985 0.001 
 91    (0)    2 :  0.032 0.104 0.312 0.013 0.537 0.002 
 92    (0)    2 :  0.020 0.005 0.006 0.005 0.962 0.002 
 93    (0)    2 :  0.006 0.002 0.002 0.001 0.989 0.001 
 94    (0)    4 :  0.003 0.002 0.002 0.003 0.989 0.001 
 95    (0)    4 :  0.002 0.003 0.005 0.003 0.985 0.003 
 96    (2)    4 :  0.003 0.016 0.007 0.015 0.957 0.002 
 97    (0)    4 :  0.012 0.036 0.008 0.005 0.935 0.003 
 98    (1)    4 :  0.012 0.023 0.019 0.005 0.939 0.003 
 99    (0)    4 :  0.004 0.004 0.013 0.005 0.966 0.007 
100    (1)    4 :  0.003 0.016 0.002 0.007 0.970 0.002 
101    (0)    4 :  0.005 0.020 0.014 0.002 0.959 0.001 
102    (0)    4 :  0.002 0.002 0.005 0.003 0.987 0.001 
103    (0)    4 :  0.005 0.016 0.007 0.005 0.959 0.008 
104    (1)    4 :  0.004 0.008 0.013 0.016 0.957 0.002 
105    (1)    4 :  0.001 0.003 0.001 0.001 0.993 0.001 
106    (2)    4 :  0.002 0.008 0.009 0.008 0.966 0.006 
107    (1)    4 :  0.001 0.001 0.002 0.001 0.993 0.002 
108    (0)    4 :  0.005 0.003 0.003 0.014 0.972 0.003 
109    (1)    4 :  0.007 0.003 0.001 0.003 0.954 0.031 
110    (3)    4 :  0.002 0.002 0.002 0.004 0.989 0.001 
111    (0)    4 :  0.017 0.021 0.005 0.003 0.948 0.006 
112    (1)    4 :  0.009 0.008 0.005 0.003 0.972 0.003 
113    (1)    4 :  0.003 0.001 0.002 0.002 0.991 0.001 
114    (0)    4 :  0.001 0.001 0.001 0.001 0.995 0.001 
115    (1)    4 :  0.002 0.001 0.001 0.002 0.989 0.004 
116    (1)    4 :  0.023 0.016 0.043 0.008 0.905 0.004 
117    (0)    4 :  0.007 0.003 0.024 0.003 0.951 0.012 
118    (3)    4 :  0.004 0.005 0.004 0.002 0.983 0.002 
119    (2)    4 :  0.034 0.006 0.014 0.005 0.919 0.021 
120    (2)    4 :  0.008 0.009 0.005 0.005 0.971 0.002 
121    (0)    4 :  0.014 0.007 0.007 0.002 0.948 0.022 
122    (1)    4 :  0.003 0.002 0.001 0.008 0.982 0.002 
123    (0)    4 :  0.002 0.001 0.001 0.001 0.994 0.002 
124   (15)    4 :  0.007 0.006 0.010 0.014 0.959 0.004 
125    (1)    4 :  0.013 0.009 0.009 0.006 0.950 0.013 
126    (0)    4 :  0.007 0.005 0.003 0.013 0.965 0.007 
127    (2)    4 :  0.006 0.002 0.005 0.003 0.979 0.005 


Estimated Allele Frequencies in each cluster
First column gives estimated ancestral frequencies


Locus 1 : 
2 alleles
0.0% missing data
   3   (0.930) 0.866 0.981 0.978 0.991 0.912 0.998 
   2   (0.070) 0.134 0.019 0.022 0.009 0.088 0.002 

Locus 2 : 
2 alleles
0.0% missing data
   2   (0.334) 0.320 0.494 0.197 0.048 0.367 0.169 
   3   (0.666) 0.680 0.506 0.803 0.952 0.633 0.831 

Locus 3 : 
2 alleles
0.0% missing data
   2   (0.343) 0.288 0.487 0.175 0.211 0.340 0.251 
   4   (0.657) 0.712 0.513 0.825 0.789 0.660 0.749 

Locus 4 : 
2 alleles
0.0% missing data
   1   (0.687) 0.602 0.712 0.743 0.366 0.927 0.888 
   4   (0.313) 0.398 0.288 0.257 0.634 0.073 0.112 

Locus 5 : 
2 alleles
3.1% missing data
   2   (0.804) 0.786 0.807 0.908 0.972 0.739 0.952 
   1   (0.196) 0.214 0.193 0.092 0.028 0.261 0.048 

Locus 6 : 
2 alleles
2.4% missing data
   1   (0.226) 0.241 0.177 0.225 0.033 0.193 0.383 
   3   (0.774) 0.759 0.823 0.775 0.967 0.807 0.617 

Locus 7 : 
2 alleles
0.0% missing data
   2   (0.632) 0.678 0.671 0.553 0.948 0.412 0.454 
   3   (0.368) 0.322 0.329 0.447 0.052 0.588 0.546 

Locus 8 : 
2 alleles
2.4% missing data
   1   (0.241) 0.196 0.267 0.113 0.253 0.167 0.263 
   2   (0.759) 0.804 0.733 0.887 0.747 0.833 0.737 

Locus 9 : 
2 alleles
0.8% missing data
   4   (0.964) 0.984 0.990 0.991 0.995 0.823 0.999 
   1   (0.036) 0.016 0.010 0.009 0.005 0.177 0.001 

Locus 10 : 
2 alleles
0.0% missing data
   3   (0.722) 0.531 0.852 0.851 0.648 0.519 0.991 
   2   (0.278) 0.469 0.148 0.149 0.352 0.481 0.009 

Locus 11 : 
2 alleles
0.0% missing data
   2   (0.947) 0.956 0.985 0.987 0.993 0.772 0.998 
   1   (0.053) 0.044 0.015 0.013 0.007 0.228 0.002 

Locus 12 : 
2 alleles
0.0% missing data
   1   (0.482) 0.338 0.636 0.668 0.228 0.276 0.826 
   4   (0.518) 0.662 0.364 0.332 0.772 0.724 0.174 

Locus 13 : 
2 alleles
0.8% missing data
   2   (0.694) 0.713 0.639 0.879 0.798 0.586 0.802 
   4   (0.306) 0.287 0.361 0.121 0.202 0.414 0.198 

Locus 14 : 
2 alleles
0.0% missing data
   4   (0.706) 0.833 0.665 0.813 0.527 0.575 0.800 
   2   (0.294) 0.167 0.335 0.187 0.473 0.425 0.200 

Locus 15 : 
2 alleles
0.0% missing data
   4   (0.872) 0.719 0.932 0.939 0.982 0.884 0.996 
   2   (0.128) 0.281 0.068 0.061 0.018 0.116 0.004 

Locus 16 : 
2 alleles
0.0% missing data
   1   (0.403) 0.415 0.288 0.377 0.470 0.385 0.694 
   4   (0.597) 0.585 0.712 0.623 0.530 0.615 0.306 

Locus 17 : 
2 alleles
0.0% missing data
   4   (0.919) 0.963 0.977 0.765 0.886 0.938 0.997 
   3   (0.081) 0.037 0.023 0.235 0.114 0.062 0.003 

Locus 18 : 
2 alleles
0.0% missing data
   2   (0.789) 0.813 0.724 0.913 0.970 0.784 0.788 
   3   (0.211) 0.187 0.276 0.087 0.030 0.216 0.212 

Locus 19 : 
2 alleles
0.8% missing data
   4   (0.862) 0.816 0.924 0.924 0.980 0.819 0.984 
   2   (0.138) 0.184 0.076 0.076 0.020 0.181 0.016 

Locus 20 : 
2 alleles
0.0% missing data
   2   (0.659) 0.633 0.630 0.690 0.950 0.662 0.561 
   3   (0.341) 0.367 0.370 0.310 0.050 0.338 0.439 

Locus 21 : 
2 alleles
0.8% missing data
   2   (0.355) 0.359 0.343 0.226 0.262 0.452 0.207 
   3   (0.645) 0.641 0.657 0.774 0.738 0.548 0.793 

Locus 22 : 
2 alleles
0.0% missing data
   4   (0.799) 0.775 0.896 0.930 0.703 0.727 0.874 
   2   (0.201) 0.225 0.104 0.070 0.297 0.273 0.126 

Locus 23 : 
2 alleles
2.4% missing data
   1   (0.351) 0.311 0.374 0.139 0.484 0.404 0.567 
   4   (0.649) 0.689 0.626 0.861 0.516 0.596 0.433 

Locus 24 : 
2 alleles
0.0% missing data
   3   (0.759) 0.797 0.753 0.457 0.965 0.611 0.992 
   2   (0.241) 0.203 0.247 0.543 0.035 0.389 0.008 

Locus 25 : 
2 alleles
0.0% missing data
   3   (0.707) 0.723 0.658 0.817 0.959 0.713 0.487 
   2   (0.293) 0.277 0.342 0.183 0.041 0.287 0.513 

Locus 26 : 
2 alleles
0.8% missing data
   2   (0.563) 0.452 0.614 0.426 0.937 0.553 0.723 
   4   (0.437) 0.548 0.386 0.574 0.063 0.447 0.277 

Locus 27 : 
2 alleles
1.6% missing data
   1   (0.594) 0.664 0.615 0.552 0.183 0.628 0.752 
   4   (0.406) 0.336 0.385 0.448 0.817 0.372 0.248 

Locus 28 : 
2 alleles
3.9% missing data
   3   (0.546) 0.676 0.468 0.428 0.286 0.661 0.583 
   2   (0.454) 0.324 0.532 0.572 0.714 0.339 0.417 

Locus 29 : 
2 alleles
0.0% missing data
   4   (0.196) 0.127 0.058 0.274 0.346 0.352 0.439 
   1   (0.804) 0.873 0.942 0.726 0.654 0.648 0.561 

Locus 30 : 
2 alleles
0.0% missing data
   1   (0.435) 0.435 0.352 0.458 0.499 0.463 0.569 
   4   (0.565) 0.565 0.648 0.542 0.501 0.537 0.431 

Locus 31 : 
2 alleles
3.1% missing data
   2   (0.306) 0.376 0.238 0.318 0.044 0.297 0.501 
   4   (0.694) 0.624 0.762 0.682 0.956 0.703 0.499 

Locus 32 : 
2 alleles
0.0% missing data
   4   (0.514) 0.429 0.625 0.409 0.347 0.665 0.646 
   3   (0.486) 0.571 0.375 0.591 0.653 0.335 0.354 

Locus 33 : 
2 alleles
0.8% missing data
   2   (0.538) 0.580 0.627 0.246 0.446 0.618 0.564 
   3   (0.462) 0.420 0.373 0.754 0.554 0.382 0.436 

Locus 34 : 
2 alleles
0.0% missing data
   3   (0.488) 0.419 0.518 0.473 0.448 0.567 0.610 
   2   (0.512) 0.581 0.482 0.527 0.552 0.433 0.390 

Locus 35 : 
2 alleles
0.0% missing data
   4   (0.674) 0.690 0.464 0.695 0.691 0.796 0.989 
   1   (0.326) 0.310 0.536 0.305 0.309 0.204 0.011 

Locus 36 : 
2 alleles
0.0% missing data
   4   (0.637) 0.595 0.667 0.646 0.947 0.418 0.789 
   1   (0.363) 0.405 0.333 0.354 0.053 0.582 0.211 

Locus 37 : 
2 alleles
0.8% missing data
   2   (0.569) 0.573 0.637 0.402 0.732 0.450 0.815 
   3   (0.431) 0.427 0.363 0.598 0.268 0.550 0.185 

Locus 38 : 
2 alleles
0.8% missing data
   1   (0.911) 0.840 0.960 0.964 0.782 0.988 0.997 
   2   (0.089) 0.160 0.040 0.036 0.218 0.012 0.003 

Locus 39 : 
2 alleles
1.6% missing data
   2   (0.603) 0.642 0.604 0.626 0.517 0.340 0.963 
   4   (0.397) 0.358 0.396 0.374 0.483 0.660 0.037 

Locus 40 : 
2 alleles
0.0% missing data
   1   (0.401) 0.337 0.210 0.442 0.491 0.817 0.399 
   4   (0.599) 0.663 0.790 0.558 0.509 0.183 0.601 

Locus 41 : 
2 alleles
0.0% missing data
   2   (0.903) 0.919 0.973 0.965 0.986 0.621 0.933 
   1   (0.097) 0.081 0.027 0.035 0.014 0.379 0.067 

Locus 42 : 
2 alleles
0.0% missing data
   2   (0.540) 0.569 0.545 0.533 0.515 0.606 0.526 
   4   (0.460) 0.431 0.455 0.467 0.485 0.394 0.474 

Locus 43 : 
2 alleles
0.0% missing data
   2   (0.432) 0.511 0.358 0.173 0.441 0.687 0.366 
   4   (0.568) 0.489 0.642 0.827 0.559 0.313 0.634 

Locus 44 : 
3 alleles
1.6% missing data
   3   (0.845) 0.789 0.917 0.950 0.977 0.919 0.835 
   2   (0.122) 0.143 0.074 0.037 0.018 0.078 0.164 
   0   (0.033) 0.068 0.009 0.013 0.004 0.002 0.001 

Locus 45 : 
2 alleles
0.0% missing data
   1   (0.792) 0.742 0.825 0.721 0.971 0.792 0.985 
   2   (0.208) 0.258 0.175 0.279 0.029 0.208 0.015 

Locus 46 : 
2 alleles
0.0% missing data
   4   (0.884) 0.923 0.840 0.965 0.778 0.954 0.996 
   2   (0.116) 0.077 0.160 0.035 0.222 0.046 0.004 

Locus 47 : 
2 alleles
0.0% missing data
   2   (0.874) 0.930 0.857 0.967 0.716 0.950 0.957 
   1   (0.126) 0.070 0.143 0.033 0.284 0.050 0.043 

Locus 48 : 
2 alleles
1.6% missing data
   2   (0.563) 0.511 0.577 0.702 0.837 0.524 0.428 
   4   (0.437) 0.489 0.423 0.298 0.163 0.476 0.572 

Locus 49 : 
2 alleles
0.0% missing data
   1   (0.735) 0.796 0.760 0.689 0.802 0.649 0.915 
   2   (0.265) 0.204 0.240 0.311 0.198 0.351 0.085 

Locus 50 : 
2 alleles
0.0% missing data
   4   (0.721) 0.777 0.827 0.711 0.636 0.738 0.435 
   1   (0.279) 0.223 0.173 0.289 0.364 0.262 0.565 

Locus 51 : 
2 alleles
0.0% missing data
   3   (0.556) 0.758 0.294 0.534 0.562 0.667 0.566 
   2   (0.444) 0.242 0.706 0.466 0.438 0.333 0.434 

Locus 52 : 
2 alleles
0.8% missing data
   4   (0.911) 0.931 0.908 0.970 0.988 0.874 0.997 
   2   (0.089) 0.069 0.092 0.030 0.012 0.126 0.003 

Locus 53 : 
2 alleles
0.0% missing data
   4   (0.928) 0.967 0.980 0.979 0.733 0.624 0.998 
   2   (0.072) 0.033 0.020 0.021 0.267 0.376 0.002 

Locus 54 : 
2 alleles
3.1% missing data
   3   (0.577) 0.511 0.529 0.594 0.660 0.707 0.839 
   4   (0.423) 0.489 0.471 0.406 0.340 0.293 0.161 

Locus 55 : 
2 alleles
0.0% missing data
   2   (0.611) 0.611 0.568 0.606 0.783 0.776 0.592 
   1   (0.389) 0.389 0.432 0.394 0.217 0.224 0.408 

Locus 56 : 
3 alleles
2.4% missing data
   1   (0.793) 0.769 0.874 0.844 0.604 0.732 0.994 
   0   (0.075) 0.170 0.020 0.019 0.119 0.020 0.002 
   4   (0.132) 0.061 0.106 0.137 0.277 0.248 0.004 

Locus 57 : 
2 alleles
0.0% missing data
   4   (0.889) 0.876 0.954 0.901 0.985 0.644 0.996 
   1   (0.111) 0.124 0.046 0.099 0.015 0.356 0.004 

Locus 58 : 
2 alleles
0.0% missing data
   4   (0.872) 0.876 0.842 0.865 0.980 0.969 0.987 
   2   (0.128) 0.124 0.158 0.135 0.020 0.031 0.013 

Locus 59 : 
2 alleles
0.0% missing data
   3   (0.862) 0.853 0.876 0.925 0.981 0.954 0.890 
   2   (0.138) 0.147 0.124 0.075 0.019 0.046 0.110 

Locus 60 : 
2 alleles
0.0% missing data
   4   (0.754) 0.790 0.748 0.719 0.759 0.681 0.992 
   2   (0.246) 0.210 0.252 0.281 0.241 0.319 0.008 

Locus 61 : 
2 alleles
0.0% missing data
   4   (0.875) 0.918 0.876 0.960 0.825 0.775 0.996 
   2   (0.125) 0.082 0.124 0.040 0.175 0.225 0.004 

Locus 62 : 
2 alleles
0.0% missing data
   2   (0.729) 0.662 0.831 0.785 0.962 0.462 0.913 
   1   (0.271) 0.338 0.169 0.215 0.038 0.538 0.087 

Locus 63 : 
2 alleles
0.0% missing data
   2   (0.398) 0.258 0.470 0.464 0.708 0.217 0.644 
   1   (0.602) 0.742 0.530 0.536 0.292 0.783 0.356 

Locus 64 : 
2 alleles
0.0% missing data
   4   (0.822) 0.761 0.832 0.945 0.761 0.843 0.994 
   2   (0.178) 0.239 0.168 0.055 0.239 0.157 0.006 

Locus 65 : 
2 alleles
0.8% missing data
   1   (0.905) 0.956 0.947 0.737 0.984 0.741 0.997 
   4   (0.095) 0.044 0.053 0.263 0.016 0.259 0.003 

Locus 66 : 
3 alleles
1.6% missing data
   3   (0.588) 0.564 0.579 0.774 0.520 0.691 0.664 
   2   (0.381) 0.422 0.413 0.219 0.475 0.265 0.335 
   0   (0.031) 0.014 0.008 0.007 0.004 0.044 0.001 

Locus 67 : 
2 alleles
0.0% missing data
   1   (0.121) 0.072 0.143 0.033 0.229 0.038 0.030 
   3   (0.879) 0.928 0.857 0.967 0.771 0.962 0.970 

Locus 68 : 
2 alleles
0.0% missing data
   2   (0.544) 0.715 0.618 0.324 0.179 0.330 0.737 
   3   (0.456) 0.285 0.382 0.676 0.821 0.670 0.263 

Locus 69 : 
2 alleles
0.0% missing data
   4   (0.797) 0.879 0.833 0.725 0.704 0.506 0.994 
   2   (0.203) 0.121 0.167 0.275 0.296 0.494 0.006 

Locus 70 : 
3 alleles
0.0% missing data
   1   (0.334) 0.298 0.346 0.515 0.802 0.026 0.702 
   3   (0.630) 0.685 0.640 0.475 0.193 0.972 0.145 
   0   (0.036) 0.017 0.014 0.010 0.005 0.002 0.153 

Locus 71 : 
2 alleles
3.1% missing data
   2   (0.541) 0.437 0.658 0.494 0.509 0.747 0.214 
   4   (0.459) 0.563 0.342 0.506 0.491 0.253 0.786 

Locus 72 : 
2 alleles
1.6% missing data
   3   (0.536) 0.520 0.659 0.220 0.336 0.711 0.712 
   1   (0.464) 0.480 0.341 0.780 0.664 0.289 0.288 

Locus 73 : 
2 alleles
0.0% missing data
   1   (0.312) 0.263 0.186 0.422 0.473 0.353 0.541 
   2   (0.688) 0.737 0.814 0.578 0.527 0.647 0.459 

Locus 74 : 
2 alleles
1.6% missing data
   2   (0.816) 0.719 0.848 0.729 0.975 0.940 0.984 
   3   (0.184) 0.281 0.152 0.271 0.025 0.060 0.016 

Locus 75 : 
2 alleles
0.0% missing data
   3   (0.505) 0.650 0.414 0.266 0.175 0.666 0.792 
   1   (0.495) 0.350 0.586 0.734 0.825 0.334 0.208 

Locus 76 : 
2 alleles
0.0% missing data
   2   (0.442) 0.435 0.281 0.702 0.641 0.179 0.928 
   1   (0.558) 0.565 0.719 0.298 0.359 0.821 0.072 

Locus 77 : 
2 alleles
0.0% missing data
   4   (0.301) 0.264 0.400 0.181 0.315 0.103 0.481 
   1   (0.699) 0.736 0.600 0.819 0.685 0.897 0.519 

Locus 78 : 
2 alleles
0.0% missing data
   3   (0.705) 0.660 0.665 0.649 0.535 0.829 0.990 
   2   (0.295) 0.340 0.335 0.351 0.465 0.171 0.010 

Locus 79 : 
2 alleles
0.0% missing data
   2   (0.568) 0.506 0.520 0.712 0.839 0.523 0.720 
   3   (0.432) 0.494 0.480 0.288 0.161 0.477 0.280 

Locus 80 : 
2 alleles
0.0% missing data
   4   (0.816) 0.916 0.872 0.757 0.699 0.786 0.872 
   2   (0.184) 0.084 0.128 0.243 0.301 0.214 0.128 

Locus 81 : 
2 alleles
0.0% missing data
   3   (0.481) 0.571 0.455 0.591 0.069 0.579 0.339 
   2   (0.519) 0.429 0.545 0.409 0.931 0.421 0.661 

Locus 82 : 
2 alleles
0.0% missing data
   2   (0.731) 0.680 0.885 0.706 0.745 0.688 0.722 
   3   (0.269) 0.320 0.115 0.294 0.255 0.312 0.278 

Locus 83 : 
2 alleles
0.0% missing data
   3   (0.703) 0.602 0.782 0.793 0.959 0.470 0.885 
   2   (0.297) 0.398 0.218 0.207 0.041 0.530 0.115 

Locus 84 : 
2 alleles
0.0% missing data
   3   (0.541) 0.623 0.539 0.689 0.295 0.406 0.435 
   2   (0.459) 0.377 0.461 0.311 0.705 0.594 0.565 

Locus 85 : 
2 alleles
0.0% missing data
   3   (0.762) 0.731 0.914 0.513 0.646 0.819 0.873 
   4   (0.238) 0.269 0.086 0.487 0.354 0.181 0.127 

Locus 86 : 
2 alleles
0.0% missing data
   3   (0.527) 0.540 0.541 0.528 0.075 0.851 0.446 
   2   (0.473) 0.460 0.459 0.472 0.925 0.149 0.554 

Locus 87 : 
3 alleles
4.7% missing data
   1   (0.559) 0.627 0.556 0.538 0.506 0.430 0.713 
   4   (0.408) 0.311 0.435 0.453 0.487 0.564 0.286 
   0   (0.032) 0.063 0.009 0.009 0.006 0.006 0.001 

Locus 88 : 
2 alleles
1.6% missing data
   3   (0.815) 0.814 0.760 0.884 0.974 0.669 0.994 
   1   (0.185) 0.186 0.240 0.116 0.026 0.331 0.006 

Locus 89 : 
2 alleles
0.0% missing data
   1   (0.579) 0.663 0.657 0.294 0.507 0.424 0.894 
   4   (0.421) 0.337 0.343 0.706 0.493 0.576 0.106 

Locus 90 : 
2 alleles
0.8% missing data
   3   (0.741) 0.816 0.771 0.886 0.533 0.597 0.760 
   2   (0.259) 0.184 0.229 0.114 0.467 0.403 0.240 

Locus 91 : 
2 alleles
0.0% missing data
   2   (0.702) 0.776 0.583 0.889 0.746 0.718 0.690 
   4   (0.298) 0.224 0.417 0.111 0.254 0.282 0.310 

Locus 92 : 
2 alleles
0.0% missing data
   2   (0.778) 0.873 0.777 0.740 0.755 0.736 0.957 
   4   (0.222) 0.127 0.223 0.260 0.245 0.264 0.043 

Locus 93 : 
2 alleles
0.0% missing data
   4   (0.905) 0.846 0.958 0.961 0.985 0.875 0.997 
   1   (0.095) 0.154 0.042 0.039 0.015 0.125 0.003 

Locus 94 : 
2 alleles
0.0% missing data
   3   (0.779) 0.773 0.788 0.746 0.966 0.875 0.750 
   1   (0.221) 0.227 0.212 0.254 0.034 0.125 0.250 

Locus 95 : 
2 alleles
0.0% missing data
   1   (0.059) 0.110 0.016 0.021 0.008 0.003 0.068 
   3   (0.941) 0.890 0.984 0.979 0.992 0.997 0.932 

Locus 96 : 
2 alleles
0.0% missing data
   3   (0.566) 0.538 0.453 0.843 0.518 0.481 0.804 
   2   (0.434) 0.462 0.547 0.157 0.482 0.519 0.196 

Locus 97 : 
2 alleles
0.0% missing data
   2   (0.734) 0.760 0.714 0.719 0.757 0.635 0.992 
   1   (0.266) 0.240 0.286 0.281 0.243 0.365 0.008 

Locus 98 : 
2 alleles
0.0% missing data
   4   (0.768) 0.786 0.689 0.751 0.966 0.608 0.993 
   2   (0.232) 0.214 0.311 0.249 0.034 0.392 0.007 

Locus 99 : 
2 alleles
0.8% missing data
   4   (0.841) 0.893 0.923 0.773 0.763 0.618 0.995 
   1   (0.159) 0.107 0.077 0.227 0.237 0.382 0.005 

Locus 100 : 
2 alleles
0.8% missing data
   3   (0.419) 0.300 0.430 0.532 0.655 0.509 0.210 
   2   (0.581) 0.700 0.570 0.468 0.345 0.491 0.790 

Locus 101 : 
3 alleles
0.0% missing data
   4   (0.454) 0.389 0.566 0.782 0.489 0.084 0.437 
   2   (0.477) 0.576 0.296 0.187 0.501 0.912 0.537 
   0   (0.069) 0.035 0.137 0.031 0.010 0.004 0.025 

Locus 102 : 
2 alleles
2.4% missing data
   2   (0.752) 0.775 0.786 0.724 0.701 0.893 0.899 
   4   (0.248) 0.225 0.214 0.276 0.299 0.107 0.101 

Locus 103 : 
3 alleles
0.0% missing data
   4   (0.112) 0.084 0.107 0.045 0.016 0.026 0.529 
   2   (0.815) 0.882 0.774 0.604 0.974 0.970 0.469 
   0   (0.073) 0.034 0.119 0.352 0.010 0.004 0.002 

Locus 104 : 
2 alleles
0.0% missing data
   3   (0.300) 0.227 0.344 0.327 0.151 0.177 0.567 
   2   (0.700) 0.773 0.656 0.673 0.849 0.823 0.433 

Locus 105 : 
2 alleles
0.0% missing data
   4   (0.486) 0.488 0.475 0.556 0.500 0.418 0.414 
   1   (0.514) 0.512 0.525 0.444 0.500 0.582 0.586 

Locus 106 : 
2 alleles
0.0% missing data
   1   (0.138) 0.065 0.174 0.069 0.020 0.181 0.177 
   2   (0.862) 0.935 0.826 0.931 0.980 0.819 0.823 

Locus 107 : 
2 alleles
0.0% missing data
   1   (0.581) 0.581 0.582 0.737 0.389 0.478 0.797 
   4   (0.419) 0.419 0.418 0.263 0.611 0.522 0.203 

Locus 108 : 
2 alleles
0.0% missing data
   2   (0.776) 0.896 0.714 0.706 0.702 0.826 0.928 
   4   (0.224) 0.104 0.286 0.294 0.298 0.174 0.072 

Locus 109 : 
2 alleles
0.0% missing data
   3   (0.788) 0.785 0.874 0.770 0.813 0.793 0.966 
   2   (0.212) 0.215 0.126 0.230 0.187 0.207 0.034 

Locus 110 : 
2 alleles
0.0% missing data
   2   (0.929) 0.967 0.888 0.981 0.989 0.917 0.998 
   1   (0.071) 0.033 0.112 0.019 0.011 0.083 0.002 

Locus 111 : 
2 alleles
0.0% missing data
   1   (0.835) 0.788 0.887 0.824 0.977 0.734 0.994 
   2   (0.165) 0.212 0.113 0.176 0.023 0.266 0.006 

Locus 112 : 
2 alleles
7.1% missing data
   3   (0.852) 0.910 0.788 0.915 0.761 0.871 0.995 
   2   (0.148) 0.090 0.212 0.085 0.239 0.129 0.005 

Locus 113 : 
2 alleles
0.0% missing data
   2   (0.670) 0.652 0.623 0.431 0.952 0.869 0.743 
   3   (0.330) 0.348 0.377 0.569 0.048 0.131 0.257 

Locus 114 : 
2 alleles
0.0% missing data
   4   (0.707) 0.616 0.700 0.844 0.959 0.704 0.807 
   2   (0.293) 0.384 0.300 0.156 0.041 0.296 0.193 

Locus 115 : 
2 alleles
0.0% missing data
   3   (0.469) 0.490 0.440 0.368 0.657 0.537 0.340 
   2   (0.531) 0.510 0.560 0.632 0.343 0.463 0.660 

Locus 116 : 
2 alleles
0.0% missing data
   4   (0.465) 0.517 0.323 0.404 0.489 0.576 0.690 
   3   (0.535) 0.483 0.677 0.596 0.511 0.424 0.310 

Locus 117 : 
2 alleles
0.0% missing data
   2   (0.895) 0.908 0.831 0.971 0.985 0.895 0.995 
   3   (0.105) 0.092 0.169 0.029 0.015 0.105 0.005 

Locus 118 : 
2 alleles
0.0% missing data
   2   (0.901) 0.793 0.959 0.953 0.986 0.913 0.997 
   1   (0.099) 0.207 0.041 0.047 0.014 0.087 0.003 

Locus 119 : 
3 alleles
0.0% missing data
   2   (0.909) 0.960 0.975 0.978 0.572 0.916 0.971 
   0   (0.031) 0.014 0.009 0.007 0.004 0.002 0.027 
   3   (0.060) 0.026 0.016 0.015 0.424 0.082 0.002 

Locus 120 : 
2 alleles
0.0% missing data
   1   (0.919) 0.934 0.961 0.859 0.987 0.958 0.996 
   2   (0.081) 0.066 0.039 0.141 0.013 0.042 0.004 

Locus 121 : 
2 alleles
0.0% missing data
   3   (0.744) 0.865 0.724 0.587 0.856 0.828 0.654 
   4   (0.256) 0.135 0.276 0.413 0.144 0.172 0.346 

Locus 122 : 
2 alleles
0.0% missing data
   1   (0.965) 0.984 0.985 0.990 0.995 0.998 0.898 
   0   (0.035) 0.016 0.015 0.010 0.005 0.002 0.102 

Locus 123 : 
3 alleles
1.6% missing data
   2   (0.710) 0.762 0.844 0.573 0.842 0.339 0.916 
   3   (0.259) 0.224 0.148 0.419 0.153 0.660 0.029 
   0   (0.031) 0.013 0.008 0.008 0.004 0.002 0.054 

Locus 124 : 
2 alleles
0.8% missing data
   1   (0.815) 0.770 0.842 0.802 0.974 0.751 0.993 
   3   (0.185) 0.230 0.158 0.198 0.026 0.249 0.007 

Locus 125 : 
2 alleles
0.0% missing data
   1   (0.909) 0.959 0.808 0.972 0.554 0.988 0.997 
   2   (0.091) 0.041 0.192 0.028 0.446 0.012 0.003 

Locus 126 : 
2 alleles
0.0% missing data
   4   (0.229) 0.170 0.230 0.076 0.297 0.317 0.244 
   2   (0.771) 0.830 0.770 0.924 0.703 0.683 0.756 

Locus 127 : 
2 alleles
0.0% missing data
   3   (0.697) 0.716 0.614 0.891 0.531 0.385 0.989 
   2   (0.303) 0.284 0.386 0.109 0.469 0.615 0.011 

Locus 128 : 
2 alleles
0.8% missing data
   3   (0.774) 0.745 0.757 0.914 0.651 0.948 0.798 
   2   (0.226) 0.255 0.243 0.086 0.349 0.052 0.202 

Locus 129 : 
2 alleles
0.8% missing data
   1   (0.762) 0.744 0.655 0.855 0.761 0.928 0.980 
   3   (0.238) 0.256 0.345 0.145 0.239 0.072 0.020 

Locus 130 : 
2 alleles
0.0% missing data
   3   (0.874) 0.832 0.917 0.830 0.982 0.935 0.996 
   2   (0.126) 0.168 0.083 0.170 0.018 0.065 0.004 

Locus 131 : 
2 alleles
0.0% missing data
   4   (0.631) 0.507 0.659 0.768 0.574 0.897 0.333 
   1   (0.369) 0.493 0.341 0.232 0.426 0.103 0.667 

Locus 132 : 
2 alleles
0.0% missing data
   2   (0.794) 0.720 0.791 0.850 0.819 0.904 0.993 
   4   (0.206) 0.280 0.209 0.150 0.181 0.096 0.007 

Locus 133 : 
2 alleles
0.0% missing data
   3   (0.487) 0.546 0.465 0.477 0.067 0.522 0.846 
   2   (0.513) 0.454 0.535 0.523 0.933 0.478 0.154 

Locus 134 : 
2 alleles
0.8% missing data
   3   (0.776) 0.743 0.887 0.611 0.968 0.664 0.908 
   2   (0.224) 0.257 0.113 0.389 0.032 0.336 0.092 

Locus 135 : 
2 alleles
0.0% missing data
   3   (0.620) 0.627 0.585 0.672 0.518 0.599 0.899 
   2   (0.380) 0.373 0.415 0.328 0.482 0.401 0.101 

Locus 136 : 
2 alleles
0.0% missing data
   4   (0.892) 0.876 0.942 0.964 0.984 0.555 0.996 
   2   (0.108) 0.124 0.058 0.036 0.016 0.445 0.004 

Locus 137 : 
2 alleles
0.0% missing data
   2   (0.926) 0.927 0.912 0.960 0.989 0.989 0.997 
   3   (0.074) 0.073 0.088 0.040 0.011 0.011 0.003 

Locus 138 : 
2 alleles
0.8% missing data
   1   (0.676) 0.731 0.707 0.574 0.696 0.815 0.487 
   3   (0.324) 0.269 0.293 0.426 0.304 0.185 0.513 

Locus 139 : 
2 alleles
0.8% missing data
   2   (0.611) 0.564 0.688 0.836 0.452 0.521 0.407 
   3   (0.389) 0.436 0.312 0.164 0.548 0.479 0.593 

Locus 140 : 
2 alleles
0.0% missing data
   4   (0.703) 0.721 0.786 0.414 0.642 0.829 0.910 
   3   (0.297) 0.279 0.214 0.586 0.358 0.171 0.090 

Locus 141 : 
2 alleles
0.0% missing data
   1   (0.704) 0.699 0.726 0.887 0.686 0.617 0.773 
   4   (0.296) 0.301 0.274 0.113 0.314 0.383 0.227 

Locus 142 : 
2 alleles
0.0% missing data
   3   (0.649) 0.727 0.642 0.503 0.355 0.874 0.595 
   2   (0.351) 0.273 0.358 0.497 0.645 0.126 0.405 

Locus 143 : 
2 alleles
0.0% missing data
   2   (0.941) 0.971 0.923 0.985 0.992 0.966 0.998 
   3   (0.059) 0.029 0.077 0.015 0.008 0.034 0.002 

Locus 144 : 
3 alleles
0.8% missing data
   4   (0.619) 0.710 0.565 0.553 0.717 0.459 0.946 
   1   (0.351) 0.277 0.426 0.439 0.278 0.539 0.027 
   0   (0.030) 0.014 0.009 0.008 0.004 0.002 0.026 

Locus 145 : 
2 alleles
0.0% missing data
   1   (0.179) 0.163 0.201 0.159 0.025 0.050 0.274 
   3   (0.821) 0.837 0.799 0.841 0.975 0.950 0.726 

Locus 146 : 
2 alleles
0.0% missing data
   4   (0.907) 0.883 0.950 0.960 0.985 0.877 0.996 
   1   (0.093) 0.117 0.050 0.040 0.015 0.123 0.004 

Locus 147 : 
2 alleles
0.8% missing data
   1   (0.386) 0.455 0.333 0.384 0.539 0.182 0.402 
   4   (0.614) 0.545 0.667 0.616 0.461 0.818 0.598 

Locus 148 : 
2 alleles
0.0% missing data
   3   (0.737) 0.703 0.639 0.852 0.322 0.985 0.607 
   1   (0.263) 0.297 0.361 0.148 0.678 0.015 0.393 

Locus 149 : 
3 alleles
1.6% missing data
   2   (0.491) 0.489 0.537 0.688 0.176 0.440 0.591 
   3   (0.458) 0.425 0.450 0.299 0.817 0.538 0.407 
   0   (0.050) 0.086 0.013 0.013 0.007 0.023 0.002 

Locus 150 : 
2 alleles
0.0% missing data
   1   (0.717) 0.660 0.607 0.830 0.959 0.806 0.903 
   4   (0.283) 0.340 0.393 0.170 0.041 0.194 0.097 

Locus 151 : 
2 alleles
0.0% missing data
   3   (0.720) 0.656 0.714 0.796 0.961 0.889 0.405 
   2   (0.280) 0.344 0.286 0.204 0.039 0.111 0.595 

Locus 152 : 
2 alleles
0.0% missing data
   4   (0.917) 0.901 0.944 0.948 0.818 0.994 0.997 
   2   (0.083) 0.099 0.056 0.052 0.182 0.006 0.003 

Locus 153 : 
2 alleles
0.0% missing data
   1   (0.647) 0.744 0.669 0.564 0.681 0.498 0.681 
   4   (0.353) 0.256 0.331 0.436 0.319 0.502 0.319 

Locus 154 : 
2 alleles
0.8% missing data
   1   (0.536) 0.583 0.675 0.490 0.512 0.106 0.893 
   3   (0.464) 0.417 0.325 0.510 0.488 0.894 0.107 

Locus 155 : 
2 alleles
0.0% missing data
   3   (0.546) 0.425 0.573 0.473 0.777 0.638 0.850 
   4   (0.454) 0.575 0.427 0.527 0.223 0.362 0.150 

Locus 156 : 
2 alleles
0.8% missing data
   1   (0.805) 0.801 0.888 0.918 0.971 0.207 0.974 
   2   (0.195) 0.199 0.112 0.082 0.029 0.793 0.026 

Locus 157 : 
2 alleles
0.0% missing data
   4   (0.576) 0.606 0.512 0.620 0.667 0.560 0.751 
   2   (0.424) 0.394 0.488 0.380 0.333 0.440 0.249 

Locus 158 : 
2 alleles
0.8% missing data
   1   (0.707) 0.690 0.621 0.822 0.798 0.900 0.758 
   2   (0.293) 0.310 0.379 0.178 0.202 0.100 0.242 

Locus 159 : 
3 alleles
0.8% missing data
   2   (0.821) 0.789 0.895 0.897 0.974 0.514 0.870 
   0   (0.076) 0.110 0.063 0.021 0.012 0.004 0.127 
   3   (0.103) 0.101 0.042 0.082 0.014 0.481 0.003 

Locus 160 : 
3 alleles
0.0% missing data
   1   (0.457) 0.536 0.511 0.391 0.491 0.181 0.468 
   3   (0.513) 0.451 0.436 0.601 0.504 0.817 0.531 
   0   (0.030) 0.013 0.052 0.008 0.005 0.002 0.001 

Locus 161 : 
2 alleles
0.8% missing data
   1   (0.525) 0.607 0.535 0.503 0.181 0.537 0.510 
   4   (0.475) 0.393 0.465 0.497 0.819 0.463 0.490 

Locus 162 : 
3 alleles
3.1% missing data
   1   (0.900) 0.814 0.972 0.965 0.986 0.940 0.997 
   0   (0.068) 0.171 0.019 0.027 0.010 0.036 0.002 
   2   (0.032) 0.014 0.009 0.008 0.004 0.024 0.001 

Locus 163 : 
2 alleles
0.0% missing data
   2   (0.877) 0.935 0.926 0.932 0.981 0.654 0.852 
   3   (0.123) 0.065 0.074 0.068 0.019 0.346 0.148 

Locus 164 : 
3 alleles
0.8% missing data
   4   (0.862) 0.830 0.961 0.957 0.981 0.854 0.813 
   1   (0.107) 0.155 0.030 0.035 0.014 0.124 0.186 
   0   (0.031) 0.015 0.009 0.008 0.004 0.022 0.001 

Locus 165 : 
2 alleles
0.0% missing data
   4   (0.812) 0.877 0.927 0.664 0.869 0.680 0.828 
   1   (0.188) 0.123 0.073 0.336 0.131 0.320 0.172 

Locus 166 : 
2 alleles
0.8% missing data
   2   (0.887) 0.947 0.960 0.723 0.985 0.496 0.986 
   3   (0.113) 0.053 0.040 0.277 0.015 0.504 0.014 

Locus 167 : 
2 alleles
0.0% missing data
   2   (0.647) 0.708 0.744 0.728 0.634 0.236 0.760 
   3   (0.353) 0.292 0.256 0.272 0.366 0.764 0.240 

Locus 168 : 
2 alleles
0.0% missing data
   3   (0.755) 0.838 0.644 0.888 0.746 0.779 0.910 
   2   (0.245) 0.162 0.356 0.112 0.254 0.221 0.090 

Locus 169 : 
3 alleles
2.4% missing data
   4   (0.413) 0.582 0.400 0.391 0.161 0.146 0.558 
   3   (0.535) 0.392 0.573 0.552 0.832 0.851 0.386 
   0   (0.051) 0.027 0.027 0.057 0.007 0.003 0.055 

Locus 170 : 
2 alleles
0.0% missing data
   1   (0.747) 0.798 0.828 0.870 0.527 0.685 0.549 
   3   (0.253) 0.202 0.172 0.130 0.473 0.315 0.451 

Locus 171 : 
3 alleles
3.1% missing data
   2   (0.812) 0.811 0.892 0.934 0.969 0.651 0.957 
   3   (0.156) 0.174 0.099 0.058 0.026 0.303 0.042 
   0   (0.032) 0.015 0.009 0.008 0.005 0.046 0.001 

Locus 172 : 
2 alleles
0.0% missing data
   4   (0.715) 0.707 0.758 0.673 0.959 0.726 0.607 
   1   (0.285) 0.293 0.242 0.327 0.041 0.274 0.393 

Locus 173 : 
2 alleles
0.0% missing data
   2   (0.765) 0.791 0.909 0.717 0.542 0.780 0.530 
   3   (0.235) 0.209 0.091 0.283 0.458 0.220 0.470 

Locus 174 : 
2 alleles
0.0% missing data
   4   (0.720) 0.703 0.790 0.742 0.848 0.699 0.813 
   1   (0.280) 0.297 0.210 0.258 0.152 0.301 0.187 

Locus 175 : 
2 alleles
0.0% missing data
   2   (0.744) 0.823 0.688 0.892 0.862 0.620 0.766 
   4   (0.256) 0.177 0.312 0.108 0.138 0.380 0.234 

Locus 176 : 
2 alleles
0.8% missing data
   4   (0.951) 0.950 0.984 0.848 0.993 0.997 0.998 
   1   (0.049) 0.050 0.016 0.152 0.007 0.003 0.002 

Locus 177 : 
2 alleles
0.0% missing data
   3   (0.510) 0.560 0.437 0.277 0.664 0.694 0.535 
   2   (0.490) 0.440 0.563 0.723 0.336 0.306 0.465 

Locus 178 : 
3 alleles
2.4% missing data
   3   (0.602) 0.597 0.475 0.790 0.619 0.829 0.654 
   2   (0.368) 0.390 0.517 0.203 0.275 0.169 0.345 
   0   (0.030) 0.013 0.008 0.007 0.106 0.002 0.001 

Locus 179 : 
2 alleles
0.0% missing data
   3   (0.904) 0.940 0.940 0.958 0.986 0.836 0.966 
   2   (0.096) 0.060 0.060 0.042 0.014 0.164 0.034 

Locus 180 : 
3 alleles
1.6% missing data
   3   (0.517) 0.440 0.639 0.668 0.662 0.172 0.799 
   2   (0.435) 0.511 0.321 0.259 0.331 0.825 0.199 
   0   (0.048) 0.049 0.040 0.074 0.007 0.003 0.002 

Locus 181 : 
2 alleles
0.0% missing data
   2   (0.735) 0.766 0.786 0.652 0.962 0.556 0.744 
   1   (0.265) 0.234 0.214 0.348 0.038 0.444 0.256 

Locus 182 : 
2 alleles
1.6% missing data
   4   (0.795) 0.814 0.758 0.939 0.863 0.915 0.534 
   2   (0.205) 0.186 0.242 0.061 0.137 0.085 0.466 

Locus 183 : 
2 alleles
0.0% missing data
   4   (0.897) 0.952 0.829 0.954 0.984 0.975 0.905 
   2   (0.103) 0.048 0.171 0.046 0.016 0.025 0.095 

Locus 184 : 
2 alleles
0.0% missing data
   2   (0.887) 0.848 0.962 0.962 0.772 0.966 0.974 
   3   (0.113) 0.152 0.038 0.038 0.228 0.034 0.026 

Locus 185 : 
2 alleles
0.0% missing data
   2   (0.792) 0.884 0.765 0.932 0.545 0.725 0.809 
   3   (0.208) 0.116 0.235 0.068 0.455 0.275 0.191 

Locus 186 : 
2 alleles
0.0% missing data
   2   (0.906) 0.881 0.908 0.970 0.986 0.995 0.637 
   3   (0.094) 0.119 0.092 0.030 0.014 0.005 0.363 

Locus 187 : 
2 alleles
0.0% missing data
   3   (0.902) 0.954 0.934 0.967 0.777 0.969 0.958 
   2   (0.098) 0.046 0.066 0.033 0.223 0.031 0.042 

Locus 188 : 
2 alleles
2.4% missing data
   2   (0.742) 0.659 0.817 0.883 0.963 0.562 0.741 
   3   (0.258) 0.341 0.183 0.117 0.037 0.438 0.259 

Locus 189 : 
3 alleles
3.1% missing data
   3   (0.628) 0.590 0.771 0.713 0.734 0.591 0.497 
   1   (0.317) 0.361 0.200 0.269 0.258 0.359 0.502 
   0   (0.055) 0.049 0.029 0.019 0.008 0.050 0.002 

Locus 190 : 
2 alleles
0.0% missing data
   1   (0.866) 0.855 0.842 0.858 0.980 0.954 0.995 
   5   (0.134) 0.145 0.158 0.142 0.020 0.046 0.005 

Locus 191 : 
2 alleles
0.0% missing data
   1   (0.804) 0.747 0.717 0.910 0.824 0.989 0.679 
   5   (0.196) 0.253 0.283 0.090 0.176 0.011 0.321 

Locus 192 : 
2 alleles
0.0% missing data
   2   (0.588) 0.702 0.613 0.489 0.243 0.514 0.792 
   1   (0.412) 0.298 0.387 0.511 0.757 0.486 0.208 

Locus 193 : 
2 alleles
2.4% missing data
   1   (0.936) 0.913 0.982 0.973 0.991 0.903 0.998 
   4   (0.064) 0.087 0.018 0.027 0.009 0.097 0.002 

Locus 194 : 
2 alleles
0.0% missing data
   3   (0.762) 0.613 0.807 0.764 0.967 0.683 0.992 
   2   (0.238) 0.387 0.193 0.236 0.033 0.317 0.008 

Locus 195 : 
2 alleles
6.3% missing data
   4   (0.581) 0.542 0.549 0.458 0.680 0.472 0.986 
   1   (0.419) 0.458 0.451 0.542 0.320 0.528 0.014 

Locus 196 : 
2 alleles
0.8% missing data
   3   (0.885) 0.873 0.958 0.785 0.984 0.976 0.765 
   2   (0.115) 0.127 0.042 0.215 0.016 0.024 0.235 

Locus 197 : 
2 alleles
0.8% missing data
   3   (0.690) 0.755 0.542 0.843 0.785 0.765 0.753 
   4   (0.310) 0.245 0.458 0.157 0.215 0.235 0.247 

Locus 198 : 
2 alleles
0.0% missing data
   1   (0.962) 0.983 0.990 0.990 0.995 0.897 0.999 
   2   (0.038) 0.017 0.010 0.010 0.005 0.103 0.001 

Locus 199 : 
2 alleles
0.0% missing data
   2   (0.845) 0.766 0.901 0.937 0.979 0.557 0.995 
   3   (0.155) 0.234 0.099 0.063 0.021 0.443 0.005 

Locus 200 : 
2 alleles
0.0% missing data
   2   (0.515) 0.536 0.616 0.271 0.448 0.498 0.603 
   4   (0.485) 0.464 0.384 0.729 0.552 0.502 0.397 

Locus 201 : 
2 alleles
0.8% missing data
   2   (0.720) 0.803 0.658 0.562 0.961 0.339 0.990 
   1   (0.280) 0.197 0.342 0.438 0.039 0.661 0.010 

Locus 202 : 
2 alleles
0.0% missing data
   1   (0.904) 0.946 0.950 0.873 0.829 0.995 0.744 
   3   (0.096) 0.054 0.050 0.127 0.171 0.005 0.256 

Locus 203 : 
2 alleles
0.8% missing data
   2   (0.719) 0.777 0.622 0.652 0.585 0.766 0.991 
   1   (0.281) 0.223 0.378 0.348 0.415 0.234 0.009 

Locus 204 : 
2 alleles
0.0% missing data
   2   (0.830) 0.773 0.773 0.926 0.977 0.821 0.994 
   5   (0.170) 0.227 0.227 0.074 0.023 0.179 0.006 

Locus 205 : 
2 alleles
0.0% missing data
   3   (0.669) 0.523 0.780 0.687 0.639 0.883 0.652 
   1   (0.331) 0.477 0.220 0.313 0.361 0.117 0.348 

Locus 206 : 
2 alleles
0.0% missing data
   4   (0.598) 0.609 0.504 0.790 0.890 0.595 0.319 
   1   (0.402) 0.391 0.496 0.210 0.110 0.405 0.681 

Locus 207 : 
2 alleles
0.8% missing data
   3   (0.817) 0.874 0.770 0.835 0.655 0.880 0.994 
   2   (0.183) 0.126 0.230 0.165 0.345 0.120 0.006 

Locus 208 : 
2 alleles
1.6% missing data
   1   (0.719) 0.653 0.773 0.740 0.799 0.526 0.991 
   2   (0.281) 0.347 0.227 0.260 0.201 0.474 0.009 

Locus 209 : 
3 alleles
0.0% missing data
   3   (0.941) 0.975 0.984 0.986 0.992 0.997 0.905 
   2   (0.029) 0.013 0.008 0.007 0.004 0.002 0.067 
   0   (0.029) 0.013 0.008 0.007 0.004 0.002 0.028 

Locus 210 : 
2 alleles
0.0% missing data
   2   (0.626) 0.688 0.663 0.693 0.094 0.442 0.980 
   4   (0.374) 0.312 0.337 0.307 0.906 0.558 0.020 

Locus 211 : 
2 alleles
0.0% missing data
   2   (0.888) 0.922 0.926 0.833 0.981 0.760 0.996 
   4   (0.112) 0.078 0.074 0.167 0.019 0.240 0.004 

Locus 212 : 
2 alleles
0.0% missing data
   4   (0.737) 0.726 0.849 0.671 0.852 0.751 0.778 
   1   (0.263) 0.274 0.151 0.329 0.148 0.249 0.222 

Locus 213 : 
2 alleles
0.0% missing data
   3   (0.745) 0.799 0.827 0.919 0.601 0.620 0.216 
   2   (0.255) 0.201 0.173 0.081 0.399 0.380 0.784 

Locus 214 : 
2 alleles
0.0% missing data
   1   (0.732) 0.667 0.834 0.863 0.698 0.655 0.865 
   4   (0.268) 0.333 0.166 0.137 0.302 0.345 0.135 

Locus 215 : 
2 alleles
0.0% missing data
   4   (0.324) 0.265 0.319 0.555 0.523 0.094 0.320 
   5   (0.676) 0.735 0.681 0.445 0.477 0.906 0.680 

Locus 216 : 
2 alleles
0.0% missing data
   3   (0.895) 0.878 0.967 0.964 0.985 0.804 0.904 
   1   (0.105) 0.122 0.033 0.036 0.015 0.196 0.096 

Locus 217 : 
2 alleles
0.0% missing data
   3   (0.888) 0.950 0.845 0.964 0.825 0.863 0.996 
   2   (0.112) 0.050 0.155 0.036 0.175 0.137 0.004 

Locus 218 : 
2 alleles
0.0% missing data
   3   (0.433) 0.483 0.561 0.317 0.064 0.433 0.240 
   2   (0.567) 0.517 0.439 0.683 0.936 0.567 0.760 

Locus 219 : 
2 alleles
0.0% missing data
   4   (0.735) 0.712 0.826 0.845 0.757 0.284 0.991 
   2   (0.265) 0.288 0.174 0.155 0.243 0.716 0.009 

Locus 220 : 
2 alleles
0.0% missing data
   3   (0.748) 0.787 0.756 0.862 0.698 0.661 0.954 
   2   (0.252) 0.213 0.244 0.138 0.302 0.339 0.046 

Locus 221 : 
2 alleles
0.0% missing data
   3   (0.796) 0.869 0.829 0.721 0.699 0.918 0.769 
   2   (0.204) 0.131 0.171 0.279 0.301 0.082 0.231 

Locus 222 : 
2 alleles
0.0% missing data
   2   (0.735) 0.827 0.592 0.829 0.641 0.490 0.992 
   3   (0.265) 0.173 0.408 0.171 0.359 0.510 0.008 

Locus 223 : 
2 alleles
0.8% missing data
   1   (0.952) 0.976 0.980 0.987 0.994 0.787 0.999 
   2   (0.048) 0.024 0.020 0.013 0.006 0.213 0.001 

Locus 224 : 
2 alleles
0.0% missing data
   5   (0.777) 0.884 0.814 0.827 0.865 0.419 0.882 
   1   (0.223) 0.116 0.186 0.173 0.135 0.581 0.118 

Locus 225 : 
2 alleles
0.8% missing data
   2   (0.759) 0.838 0.714 0.892 0.753 0.785 0.640 
   3   (0.241) 0.162 0.286 0.108 0.247 0.215 0.360 

Locus 226 : 
2 alleles
0.0% missing data
   3   (0.934) 0.969 0.922 0.663 0.990 0.996 0.998 
   1   (0.066) 0.031 0.078 0.337 0.010 0.004 0.002 

Values of parameters used in structure:
DATAFILE=/Users/ddayan/FRA/small_omy_projects/sf_crooked_river_2021/structure_SFGL_Omy269/project_data,	OUTFILE=/Users/ddayan/FRA/small_omy_projects/sf_crooked_river_2021/structure_SFGL_Omy269/5k10kadmcorr/Results/5k10kadmcorr_run_56,	NUMINDS=127,	NUMLOCI=226,	MISSING=-9,	LABEL=0,	POPDATA=1,	POPFLAG=0,	PHENOTYPE=0,	EXTRACOLS=0,	MAXPOPS=6,	BURNIN=5000,	NUMREPS=10000,	USEPOPINFO=0,	INFERALPHA=1,	INFERLAMBDA=0,	POPSPECIFICLAMBDA=0,	POPALPHAS=0,	COMPUTEPROB=1,	NOADMIX=0,	ADMBURNIN=2500,	UPDATEFREQ=1,	PRINTLIKES=0,	INTERMEDSAVE=0,	PRINTKLD=0,	PRINTNET=0,	PRINTLAMBDA=0,	ANCESTDIST=0,	NUMBOXES=1000,	ANCESTPINT=0.90000,	GENSBACK=2,	MIGRPRIOR=0.05000,	PRINTQHAT=0,	PRINTQSUM=0,	ALPHA=1.0000,	FREQSCORR=1,	FPRIORMEAN=0.0100,	FPRIORSD=0.0500,	ONEFST=0,	LAMBDA=1.0000,	UNIFPRIORALPHA=1,	ALPHAMAX=10.0000,	ALPHAPRIORA=1.0000,	ALPHAPRIORB=2.0000,	ALPHAPROPSD=0.0250,	STARTATPOPINFO=0,	RANDOMIZE=1,	LINKAGE=0,	METROFREQ=10,	REPORTHITRATE=0,	MARKOVPHASE=-1,	PHASED=0,	PLOIDY=2,	PHASEINFO=0	LOCPRIOR=0, 	LOCPRIORINIT=1.000000, 	LOCDATA=0, 	LOCISPOP=0, 	LOCPRIORSTEP=0.100000, 	MAXLOCPRIOR=20.000000, 	SEED=1642738106,	
[STRAT parameters]:    NUMSIMSTATS=1000,	PHENOTYPECOL=-9,	POOLFREQ=10,	LOCUSxONLY=0,	EMERROR=0.00100,	MISSINGPHENO=-9,	