

----------------------------------------------------
STRUCTURE by Pritchard, Stephens and Donnelly (2000)
     and Falush, Stephens and Pritchard (2003)
       Code by Pritchard, Falush and Hubisz
             Version 2.3.4 (Jul 2012)
----------------------------------------------------



Command line arguments:   bin/structure -m "/Users/ddayan/FRA/small_omy_projects/sf_crooked_river_2021/structure_SFGL_Omy269/5k10kadmcorr/mainparams" -e "/Users/ddayan/FRA/small_omy_projects/sf_crooked_river_2021/structure_SFGL_Omy269/5k10kadmcorr/extraparams" 
Input File:    /Users/ddayan/FRA/small_omy_projects/sf_crooked_river_2021/structure_SFGL_Omy269/project_data

Run parameters:
   127 individuals
   226 loci
   6 populations assumed
   5000 Burn-in period
   10000 Reps


--------------------------------------------
Proportion of membership of each pre-defined
 population in each of the 6 clusters

Given    Inferred Clusters                            Number of
 Pop       1      2      3      4      5      6      Individuals

  1:     0.003  0.002  0.987  0.002  0.004  0.002       35
  2:     0.005  0.031  0.005  0.097  0.084  0.779       17
  3:     0.201  0.125  0.056  0.186  0.424  0.008       41
  4:     0.005  0.006  0.005  0.007  0.006  0.971       34
--------------------------------------------

Allele-freq. divergence among pops (Net nucleotide distance),
computed using point estimates of P.

      1       2       3       4       5       6      
 1      -    0.0485  0.0592  0.0417  0.0376  0.0657  
 2   0.0485     -    0.0537  0.0327  0.0308  0.0560  
 3   0.0592  0.0537     -    0.0381  0.0371  0.0785  
 4   0.0417  0.0327  0.0381     -    0.0126  0.0332  
 5   0.0376  0.0308  0.0371  0.0126     -    0.0388  
 6   0.0657  0.0560  0.0785  0.0332  0.0388     -    

Average distances (expected heterozygosity) between individuals in same cluster:
cluster  1  : 0.2745 
cluster  2  : 0.2881 
cluster  3  : 0.2448 
cluster  4  : 0.3411 
cluster  5  : 0.3331 
cluster  6  : 0.3342 

--------------------------------------------
Estimated Ln Prob of Data   = -26383.3
Mean value of ln likelihood = -25955.3
Variance of ln likelihood   = 856.0
Mean value of alpha         = 0.0299

Mean value of Fst_1         = 0.2737
Mean value of Fst_2         = 0.2311
Mean value of Fst_3         = 0.2986
Mean value of Fst_4         = 0.0705
Mean value of Fst_5         = 0.0668
Mean value of Fst_6         = 0.1520


Inferred ancestry of individuals:
     (%Miss) Pop:  Inferred clusters
  1    (0)    1 :  0.001 0.002 0.993 0.002 0.001 0.001 
  2    (0)    1 :  0.005 0.002 0.973 0.007 0.007 0.006 
  3    (0)    1 :  0.001 0.002 0.994 0.002 0.001 0.001 
  4    (0)    1 :  0.001 0.001 0.992 0.003 0.002 0.001 
  5    (0)    1 :  0.001 0.007 0.987 0.001 0.001 0.003 
  6    (0)    1 :  0.002 0.002 0.992 0.002 0.002 0.001 
  7    (0)    1 :  0.001 0.001 0.996 0.001 0.001 0.001 
  8    (0)    1 :  0.002 0.004 0.984 0.004 0.005 0.001 
  9    (0)    1 :  0.001 0.002 0.995 0.001 0.001 0.001 
 10    (0)    1 :  0.002 0.002 0.986 0.003 0.006 0.001 
 11    (0)    1 :  0.037 0.008 0.927 0.004 0.021 0.002 
 12    (0)    1 :  0.004 0.006 0.969 0.003 0.010 0.008 
 13    (0)    1 :  0.002 0.001 0.993 0.001 0.001 0.001 
 14    (0)    1 :  0.002 0.001 0.994 0.001 0.002 0.000 
 15    (0)    1 :  0.001 0.002 0.994 0.001 0.001 0.001 
 16    (0)    1 :  0.005 0.002 0.989 0.002 0.002 0.001 
 17    (0)    1 :  0.001 0.008 0.963 0.022 0.005 0.001 
 18    (0)    1 :  0.003 0.002 0.947 0.005 0.029 0.014 
 19    (0)    1 :  0.003 0.001 0.992 0.001 0.002 0.001 
 20    (0)    1 :  0.002 0.001 0.994 0.001 0.001 0.001 
 21    (0)    1 :  0.002 0.002 0.990 0.002 0.003 0.002 
 22    (0)    1 :  0.001 0.001 0.990 0.002 0.004 0.001 
 23    (0)    1 :  0.001 0.001 0.995 0.001 0.001 0.001 
 24    (0)    1 :  0.002 0.001 0.994 0.001 0.002 0.001 
 25    (0)    1 :  0.001 0.005 0.988 0.003 0.002 0.002 
 26    (0)    1 :  0.001 0.001 0.995 0.001 0.001 0.001 
 27    (0)    1 :  0.001 0.001 0.996 0.001 0.001 0.001 
 28    (0)    1 :  0.002 0.002 0.990 0.002 0.003 0.001 
 29    (0)    1 :  0.001 0.001 0.993 0.002 0.002 0.001 
 30    (0)    1 :  0.001 0.000 0.996 0.001 0.001 0.001 
 31    (0)    1 :  0.002 0.002 0.993 0.001 0.001 0.001 
 32    (0)    1 :  0.003 0.005 0.987 0.002 0.002 0.002 
 33    (0)    1 :  0.001 0.001 0.995 0.001 0.001 0.001 
 34    (0)    1 :  0.001 0.001 0.996 0.001 0.001 0.001 
 35    (0)    1 :  0.003 0.003 0.989 0.001 0.003 0.001 
 36    (0)    2 :  0.003 0.020 0.003 0.124 0.012 0.838 
 37    (0)    2 :  0.004 0.002 0.005 0.009 0.003 0.977 
 38    (0)    3 :  0.033 0.015 0.003 0.004 0.944 0.001 
 39    (0)    3 :  0.001 0.002 0.007 0.987 0.003 0.001 
 40    (0)    3 :  0.003 0.001 0.041 0.946 0.006 0.003 
 41    (0)    3 :  0.013 0.010 0.004 0.915 0.048 0.010 
 42    (0)    3 :  0.102 0.003 0.008 0.029 0.816 0.042 
 43    (0)    2 :  0.002 0.003 0.001 0.001 0.003 0.990 
 44    (0)    2 :  0.028 0.056 0.010 0.037 0.801 0.068 
 45    (0)    2 :  0.003 0.002 0.002 0.002 0.004 0.987 
 46    (0)    2 :  0.002 0.001 0.004 0.005 0.004 0.985 
 47    (0)    2 :  0.008 0.004 0.001 0.440 0.001 0.546 
 48    (0)    2 :  0.002 0.004 0.006 0.922 0.004 0.062 
 49    (0)    2 :  0.004 0.389 0.043 0.031 0.070 0.463 
 50    (0)    2 :  0.001 0.004 0.001 0.005 0.010 0.978 
 51    (0)    2 :  0.005 0.003 0.002 0.032 0.003 0.956 
 52    (0)    3 :  0.009 0.005 0.005 0.004 0.975 0.002 
 53    (0)    3 :  0.003 0.038 0.050 0.010 0.896 0.004 
 54    (0)    3 :  0.009 0.241 0.007 0.015 0.725 0.004 
 55    (0)    3 :  0.003 0.005 0.004 0.946 0.004 0.038 
 56    (0)    3 :  0.993 0.001 0.003 0.001 0.001 0.001 
 57    (0)    3 :  0.004 0.003 0.106 0.843 0.042 0.003 
 58    (0)    3 :  0.002 0.968 0.002 0.008 0.016 0.003 
 59    (0)    3 :  0.003 0.010 0.003 0.902 0.043 0.039 
 60    (0)    3 :  0.992 0.004 0.001 0.001 0.001 0.001 
 61    (0)    3 :  0.991 0.003 0.002 0.001 0.002 0.001 
 62    (0)    3 :  0.012 0.002 0.002 0.007 0.976 0.002 
 63    (0)    3 :  0.006 0.001 0.003 0.005 0.982 0.002 
 64    (0)    3 :  0.003 0.006 0.454 0.006 0.530 0.001 
 65    (0)    3 :  0.002 0.007 0.455 0.329 0.202 0.005 
 66    (0)    3 :  0.003 0.007 0.348 0.017 0.621 0.004 
 67    (0)    3 :  0.009 0.005 0.288 0.168 0.488 0.042 
 68    (0)    3 :  0.995 0.001 0.002 0.001 0.001 0.001 
 69    (0)    3 :  0.001 0.003 0.414 0.002 0.555 0.025 
 70    (0)    3 :  0.976 0.003 0.003 0.011 0.005 0.002 
 71    (0)    3 :  0.982 0.003 0.009 0.002 0.003 0.002 
 72    (0)    3 :  0.990 0.004 0.003 0.001 0.001 0.002 
 73    (0)    3 :  0.023 0.969 0.004 0.002 0.002 0.001 
 74    (0)    3 :  0.002 0.005 0.003 0.005 0.984 0.002 
 75    (0)    3 :  0.002 0.002 0.003 0.010 0.980 0.003 
 76    (0)    3 :  0.004 0.037 0.005 0.018 0.928 0.007 
 77    (0)    3 :  0.002 0.993 0.001 0.001 0.001 0.001 
 78    (0)    3 :  0.033 0.016 0.017 0.006 0.924 0.003 
 79    (0)    3 :  0.006 0.006 0.004 0.029 0.952 0.003 
 80    (0)    3 :  0.005 0.011 0.004 0.002 0.976 0.001 
 81    (0)    3 :  0.005 0.001 0.006 0.003 0.984 0.001 
 82    (0)    3 :  0.005 0.510 0.019 0.343 0.075 0.048 
 83    (0)    3 :  0.003 0.987 0.003 0.003 0.003 0.001 
 84    (0)    3 :  0.033 0.004 0.003 0.002 0.957 0.001 
 85    (0)    3 :  0.995 0.001 0.002 0.001 0.001 0.001 
 86    (0)    3 :  0.001 0.003 0.002 0.988 0.004 0.002 
 87    (0)    3 :  0.005 0.215 0.011 0.038 0.712 0.019 
 88    (0)    2 :  0.001 0.003 0.001 0.002 0.001 0.992 
 89    (0)    2 :  0.002 0.004 0.001 0.002 0.011 0.980 
 90    (0)    2 :  0.002 0.002 0.001 0.007 0.003 0.986 
 91    (0)    2 :  0.010 0.019 0.002 0.003 0.487 0.478 
 92    (0)    2 :  0.002 0.004 0.001 0.021 0.004 0.968 
 93    (0)    2 :  0.001 0.002 0.001 0.001 0.002 0.994 
 94    (0)    4 :  0.001 0.002 0.002 0.002 0.002 0.990 
 95    (0)    4 :  0.002 0.005 0.002 0.003 0.002 0.986 
 96    (2)    4 :  0.008 0.002 0.003 0.008 0.007 0.971 
 97    (0)    4 :  0.008 0.008 0.007 0.038 0.021 0.918 
 98    (1)    4 :  0.002 0.007 0.004 0.023 0.024 0.939 
 99    (0)    4 :  0.005 0.005 0.003 0.004 0.007 0.976 
100    (1)    4 :  0.007 0.001 0.002 0.002 0.012 0.976 
101    (0)    4 :  0.002 0.004 0.002 0.004 0.016 0.971 
102    (0)    4 :  0.001 0.001 0.001 0.002 0.002 0.992 
103    (0)    4 :  0.013 0.002 0.005 0.005 0.010 0.965 
104    (1)    4 :  0.013 0.011 0.002 0.002 0.008 0.964 
105    (1)    4 :  0.002 0.002 0.002 0.002 0.001 0.991 
106    (2)    4 :  0.004 0.012 0.003 0.004 0.005 0.972 
107    (1)    4 :  0.002 0.002 0.001 0.002 0.001 0.992 
108    (0)    4 :  0.006 0.002 0.004 0.012 0.005 0.971 
109    (1)    4 :  0.002 0.001 0.017 0.006 0.005 0.970 
110    (3)    4 :  0.003 0.002 0.001 0.003 0.002 0.989 
111    (0)    4 :  0.002 0.003 0.003 0.008 0.013 0.970 
112    (1)    4 :  0.003 0.004 0.002 0.008 0.003 0.979 
113    (1)    4 :  0.002 0.003 0.002 0.004 0.001 0.989 
114    (0)    4 :  0.001 0.001 0.001 0.001 0.001 0.995 
115    (1)    4 :  0.002 0.001 0.001 0.001 0.001 0.994 
116    (1)    4 :  0.010 0.040 0.005 0.019 0.012 0.913 
117    (0)    4 :  0.001 0.024 0.020 0.003 0.004 0.948 
118    (3)    4 :  0.003 0.003 0.002 0.005 0.003 0.985 
119    (2)    4 :  0.005 0.006 0.028 0.018 0.006 0.937 
120    (2)    4 :  0.006 0.004 0.002 0.012 0.004 0.973 
121    (0)    4 :  0.003 0.004 0.012 0.008 0.012 0.961 
122    (1)    4 :  0.006 0.002 0.005 0.002 0.002 0.983 
123    (0)    4 :  0.001 0.001 0.001 0.001 0.001 0.995 
124   (15)    4 :  0.017 0.012 0.003 0.005 0.013 0.950 
125    (1)    4 :  0.004 0.003 0.006 0.019 0.006 0.963 
126    (0)    4 :  0.011 0.003 0.008 0.005 0.004 0.968 
127    (2)    4 :  0.004 0.006 0.003 0.005 0.002 0.981 


Estimated Allele Frequencies in each cluster
First column gives estimated ancestral frequencies


Locus 1 : 
2 alleles
0.0% missing data
   3   (0.930) 0.990 0.984 0.998 0.859 0.981 0.912 
   2   (0.070) 0.010 0.016 0.002 0.141 0.019 0.088 

Locus 2 : 
2 alleles
0.0% missing data
   2   (0.341) 0.050 0.170 0.168 0.353 0.458 0.365 
   3   (0.659) 0.950 0.830 0.832 0.647 0.542 0.635 

Locus 3 : 
2 alleles
0.0% missing data
   2   (0.356) 0.215 0.158 0.251 0.334 0.432 0.339 
   4   (0.644) 0.785 0.842 0.749 0.666 0.568 0.661 

Locus 4 : 
2 alleles
0.0% missing data
   1   (0.689) 0.364 0.816 0.888 0.616 0.671 0.928 
   4   (0.311) 0.636 0.184 0.112 0.384 0.329 0.072 

Locus 5 : 
2 alleles
3.1% missing data
   2   (0.804) 0.973 0.946 0.952 0.740 0.831 0.740 
   1   (0.196) 0.027 0.054 0.048 0.260 0.169 0.260 

Locus 6 : 
2 alleles
2.4% missing data
   1   (0.204) 0.029 0.241 0.385 0.113 0.228 0.195 
   3   (0.796) 0.971 0.759 0.615 0.887 0.772 0.805 

Locus 7 : 
2 alleles
0.0% missing data
   2   (0.631) 0.947 0.576 0.457 0.688 0.634 0.413 
   3   (0.369) 0.053 0.424 0.543 0.312 0.366 0.587 

Locus 8 : 
2 alleles
2.4% missing data
   1   (0.234) 0.252 0.065 0.259 0.168 0.281 0.169 
   2   (0.766) 0.748 0.935 0.741 0.832 0.719 0.831 

Locus 9 : 
2 alleles
0.8% missing data
   4   (0.962) 0.995 0.991 0.999 0.984 0.990 0.822 
   1   (0.038) 0.005 0.009 0.001 0.016 0.010 0.178 

Locus 10 : 
2 alleles
0.0% missing data
   3   (0.721) 0.643 0.916 0.990 0.627 0.752 0.522 
   2   (0.279) 0.357 0.084 0.010 0.373 0.248 0.478 

Locus 11 : 
2 alleles
0.0% missing data
   2   (0.943) 0.992 0.987 0.998 0.947 0.984 0.774 
   1   (0.057) 0.008 0.013 0.002 0.053 0.016 0.226 

Locus 12 : 
2 alleles
0.0% missing data
   1   (0.475) 0.229 0.690 0.822 0.339 0.617 0.281 
   4   (0.525) 0.771 0.310 0.178 0.661 0.383 0.719 

Locus 13 : 
2 alleles
0.8% missing data
   2   (0.714) 0.800 0.919 0.802 0.808 0.621 0.585 
   4   (0.286) 0.200 0.081 0.198 0.192 0.379 0.415 

Locus 14 : 
2 alleles
0.0% missing data
   4   (0.694) 0.531 0.863 0.800 0.807 0.661 0.575 
   2   (0.306) 0.469 0.137 0.200 0.193 0.339 0.425 

Locus 15 : 
2 alleles
0.0% missing data
   4   (0.868) 0.982 0.969 0.995 0.741 0.898 0.884 
   2   (0.132) 0.018 0.031 0.005 0.259 0.102 0.116 

Locus 16 : 
2 alleles
0.0% missing data
   1   (0.417) 0.482 0.343 0.690 0.551 0.250 0.383 
   4   (0.583) 0.518 0.657 0.310 0.449 0.750 0.617 

Locus 17 : 
2 alleles
0.0% missing data
   4   (0.922) 0.888 0.685 0.998 0.967 0.979 0.938 
   3   (0.078) 0.112 0.315 0.002 0.033 0.021 0.062 

Locus 18 : 
2 alleles
0.0% missing data
   2   (0.808) 0.971 0.945 0.789 0.882 0.706 0.787 
   3   (0.192) 0.029 0.055 0.211 0.118 0.294 0.213 

Locus 19 : 
2 alleles
0.8% missing data
   4   (0.862) 0.980 0.959 0.984 0.808 0.909 0.818 
   2   (0.138) 0.020 0.041 0.016 0.192 0.091 0.182 

Locus 20 : 
2 alleles
0.0% missing data
   2   (0.656) 0.949 0.659 0.560 0.633 0.658 0.662 
   3   (0.344) 0.051 0.341 0.440 0.367 0.342 0.338 

Locus 21 : 
2 alleles
0.8% missing data
   2   (0.352) 0.264 0.200 0.209 0.334 0.353 0.454 
   3   (0.648) 0.736 0.800 0.791 0.666 0.647 0.546 

Locus 22 : 
2 alleles
0.0% missing data
   4   (0.800) 0.700 0.951 0.872 0.831 0.862 0.727 
   2   (0.200) 0.300 0.049 0.128 0.169 0.138 0.273 

Locus 23 : 
2 alleles
2.4% missing data
   1   (0.356) 0.483 0.096 0.566 0.328 0.348 0.404 
   4   (0.644) 0.517 0.904 0.434 0.672 0.652 0.596 

Locus 24 : 
2 alleles
0.0% missing data
   3   (0.763) 0.966 0.410 0.992 0.810 0.723 0.611 
   2   (0.237) 0.034 0.590 0.008 0.190 0.277 0.389 

Locus 25 : 
2 alleles
0.0% missing data
   3   (0.697) 0.956 0.845 0.490 0.677 0.687 0.714 
   2   (0.303) 0.044 0.155 0.510 0.323 0.313 0.286 

Locus 26 : 
2 alleles
0.8% missing data
   2   (0.571) 0.937 0.422 0.722 0.488 0.572 0.552 
   4   (0.429) 0.063 0.578 0.278 0.512 0.428 0.448 

Locus 27 : 
2 alleles
1.6% missing data
   1   (0.588) 0.186 0.494 0.746 0.637 0.650 0.626 
   4   (0.412) 0.814 0.506 0.254 0.363 0.350 0.374 

Locus 28 : 
2 alleles
3.9% missing data
   3   (0.528) 0.286 0.411 0.583 0.581 0.507 0.661 
   2   (0.472) 0.714 0.589 0.417 0.419 0.493 0.339 

Locus 29 : 
2 alleles
0.0% missing data
   4   (0.187) 0.344 0.338 0.437 0.106 0.064 0.354 
   1   (0.813) 0.656 0.662 0.563 0.894 0.936 0.646 

Locus 30 : 
2 alleles
0.0% missing data
   1   (0.426) 0.494 0.492 0.574 0.361 0.381 0.464 
   4   (0.574) 0.506 0.508 0.426 0.639 0.619 0.536 

Locus 31 : 
2 alleles
3.1% missing data
   2   (0.290) 0.042 0.336 0.501 0.260 0.288 0.300 
   4   (0.710) 0.958 0.664 0.499 0.740 0.712 0.700 

Locus 32 : 
2 alleles
0.0% missing data
   4   (0.515) 0.347 0.382 0.646 0.380 0.632 0.665 
   3   (0.485) 0.653 0.618 0.354 0.620 0.368 0.335 

Locus 33 : 
2 alleles
0.8% missing data
   2   (0.534) 0.449 0.160 0.566 0.546 0.632 0.617 
   3   (0.466) 0.551 0.840 0.434 0.454 0.368 0.383 

Locus 34 : 
2 alleles
0.0% missing data
   3   (0.505) 0.452 0.501 0.607 0.538 0.447 0.566 
   2   (0.495) 0.548 0.499 0.393 0.462 0.553 0.434 

Locus 35 : 
2 alleles
0.0% missing data
   4   (0.655) 0.685 0.679 0.989 0.603 0.530 0.796 
   1   (0.345) 0.315 0.321 0.011 0.397 0.470 0.204 

Locus 36 : 
2 alleles
0.0% missing data
   4   (0.649) 0.949 0.657 0.789 0.709 0.601 0.417 
   1   (0.351) 0.051 0.343 0.211 0.291 0.399 0.583 

Locus 37 : 
2 alleles
0.8% missing data
   2   (0.568) 0.732 0.384 0.814 0.581 0.597 0.449 
   3   (0.432) 0.268 0.616 0.186 0.419 0.403 0.551 

Locus 38 : 
2 alleles
0.8% missing data
   1   (0.920) 0.782 0.977 0.998 0.805 0.978 0.989 
   2   (0.080) 0.218 0.023 0.002 0.195 0.022 0.011 

Locus 39 : 
2 alleles
1.6% missing data
   2   (0.597) 0.516 0.665 0.963 0.629 0.590 0.340 
   4   (0.403) 0.484 0.335 0.037 0.371 0.410 0.660 

Locus 40 : 
2 alleles
0.0% missing data
   1   (0.398) 0.487 0.473 0.401 0.311 0.245 0.817 
   4   (0.602) 0.513 0.527 0.599 0.689 0.755 0.183 

Locus 41 : 
2 alleles
0.0% missing data
   2   (0.903) 0.987 0.972 0.933 0.920 0.970 0.620 
   1   (0.097) 0.013 0.028 0.067 0.080 0.030 0.380 

Locus 42 : 
2 alleles
0.0% missing data
   2   (0.541) 0.509 0.594 0.527 0.575 0.504 0.603 
   4   (0.459) 0.491 0.406 0.473 0.425 0.496 0.397 

Locus 43 : 
2 alleles
0.0% missing data
   2   (0.431) 0.443 0.163 0.369 0.458 0.362 0.685 
   4   (0.569) 0.557 0.837 0.631 0.542 0.638 0.315 

Locus 44 : 
3 alleles
1.6% missing data
   3   (0.842) 0.976 0.963 0.837 0.775 0.920 0.919 
   2   (0.125) 0.019 0.030 0.162 0.148 0.071 0.079 
   0   (0.033) 0.005 0.007 0.001 0.076 0.009 0.002 

Locus 45 : 
2 alleles
0.0% missing data
   1   (0.791) 0.969 0.683 0.984 0.727 0.832 0.792 
   2   (0.209) 0.031 0.317 0.016 0.273 0.168 0.208 

Locus 46 : 
2 alleles
0.0% missing data
   4   (0.884) 0.771 0.972 0.996 0.920 0.859 0.954 
   2   (0.116) 0.229 0.028 0.004 0.080 0.141 0.046 

Locus 47 : 
2 alleles
0.0% missing data
   2   (0.870) 0.708 0.969 0.957 0.929 0.875 0.949 
   1   (0.130) 0.292 0.031 0.043 0.071 0.125 0.051 

Locus 48 : 
2 alleles
1.6% missing data
   2   (0.561) 0.835 0.800 0.428 0.456 0.586 0.522 
   4   (0.439) 0.165 0.200 0.572 0.544 0.414 0.478 

Locus 49 : 
2 alleles
0.0% missing data
   1   (0.735) 0.800 0.628 0.915 0.812 0.767 0.649 
   2   (0.265) 0.200 0.372 0.085 0.188 0.233 0.351 

Locus 50 : 
2 alleles
0.0% missing data
   4   (0.724) 0.646 0.692 0.436 0.793 0.809 0.736 
   1   (0.276) 0.354 0.308 0.564 0.207 0.191 0.264 

Locus 51 : 
2 alleles
0.0% missing data
   3   (0.535) 0.555 0.557 0.573 0.695 0.327 0.668 
   2   (0.465) 0.445 0.443 0.427 0.305 0.673 0.332 

Locus 52 : 
2 alleles
0.8% missing data
   4   (0.924) 0.990 0.981 0.997 0.968 0.894 0.877 
   2   (0.076) 0.010 0.019 0.003 0.032 0.106 0.123 

Locus 53 : 
2 alleles
0.0% missing data
   4   (0.926) 0.730 0.979 0.998 0.968 0.979 0.623 
   2   (0.074) 0.270 0.021 0.002 0.032 0.021 0.377 

Locus 54 : 
2 alleles
3.1% missing data
   3   (0.591) 0.663 0.597 0.837 0.620 0.490 0.709 
   4   (0.409) 0.337 0.403 0.163 0.380 0.510 0.291 

Locus 55 : 
2 alleles
0.0% missing data
   2   (0.602) 0.784 0.623 0.595 0.520 0.598 0.779 
   1   (0.398) 0.216 0.377 0.405 0.480 0.402 0.221 

Locus 56 : 
3 alleles
2.4% missing data
   1   (0.781) 0.601 0.880 0.993 0.771 0.840 0.728 
   0   (0.078) 0.116 0.019 0.002 0.166 0.022 0.022 
   4   (0.141) 0.283 0.102 0.004 0.063 0.138 0.250 

Locus 57 : 
2 alleles
0.0% missing data
   4   (0.887) 0.984 0.929 0.996 0.832 0.954 0.645 
   1   (0.113) 0.016 0.071 0.004 0.168 0.046 0.355 

Locus 58 : 
2 alleles
0.0% missing data
   4   (0.885) 0.982 0.962 0.987 0.912 0.794 0.971 
   2   (0.115) 0.018 0.038 0.013 0.088 0.206 0.029 

Locus 59 : 
2 alleles
0.0% missing data
   3   (0.861) 0.980 0.955 0.891 0.846 0.872 0.954 
   2   (0.139) 0.020 0.045 0.109 0.154 0.128 0.046 

Locus 60 : 
2 alleles
0.0% missing data
   4   (0.755) 0.761 0.749 0.992 0.816 0.704 0.681 
   2   (0.245) 0.239 0.251 0.008 0.184 0.296 0.319 

Locus 61 : 
2 alleles
0.0% missing data
   4   (0.872) 0.823 0.960 0.996 0.916 0.890 0.774 
   2   (0.128) 0.177 0.040 0.004 0.084 0.110 0.226 

Locus 62 : 
2 alleles
0.0% missing data
   2   (0.731) 0.963 0.780 0.914 0.558 0.870 0.467 
   1   (0.269) 0.037 0.220 0.086 0.442 0.130 0.533 

Locus 63 : 
2 alleles
0.0% missing data
   2   (0.417) 0.707 0.532 0.641 0.352 0.408 0.218 
   1   (0.583) 0.293 0.468 0.359 0.648 0.592 0.782 

Locus 64 : 
2 alleles
0.0% missing data
   4   (0.820) 0.757 0.957 0.994 0.751 0.844 0.844 
   2   (0.180) 0.243 0.043 0.006 0.249 0.156 0.156 

Locus 65 : 
2 alleles
0.8% missing data
   1   (0.892) 0.983 0.677 0.997 0.921 0.952 0.743 
   4   (0.108) 0.017 0.323 0.003 0.079 0.048 0.257 

Locus 66 : 
3 alleles
1.6% missing data
   3   (0.602) 0.521 0.816 0.662 0.636 0.559 0.690 
   2   (0.367) 0.475 0.178 0.337 0.352 0.433 0.266 
   0   (0.031) 0.004 0.007 0.001 0.013 0.008 0.044 

Locus 67 : 
2 alleles
0.0% missing data
   1   (0.134) 0.231 0.033 0.030 0.142 0.094 0.037 
   3   (0.866) 0.769 0.967 0.970 0.858 0.906 0.963 

Locus 68 : 
2 alleles
0.0% missing data
   2   (0.531) 0.177 0.301 0.739 0.656 0.604 0.329 
   3   (0.469) 0.823 0.699 0.261 0.344 0.396 0.671 

Locus 69 : 
2 alleles
0.0% missing data
   4   (0.804) 0.703 0.668 0.994 0.905 0.828 0.505 
   2   (0.196) 0.297 0.332 0.006 0.095 0.172 0.495 

Locus 70 : 
3 alleles
0.0% missing data
   1   (0.308) 0.795 0.541 0.703 0.190 0.399 0.026 
   3   (0.651) 0.200 0.449 0.145 0.792 0.586 0.972 
   0   (0.041) 0.005 0.010 0.152 0.018 0.015 0.002 

Locus 71 : 
2 alleles
3.1% missing data
   2   (0.555) 0.507 0.438 0.213 0.515 0.639 0.745 
   4   (0.445) 0.493 0.562 0.787 0.485 0.361 0.255 

Locus 72 : 
2 alleles
1.6% missing data
   3   (0.533) 0.339 0.147 0.712 0.505 0.635 0.708 
   1   (0.467) 0.661 0.853 0.288 0.495 0.365 0.292 

Locus 73 : 
2 alleles
0.0% missing data
   1   (0.307) 0.474 0.504 0.540 0.237 0.186 0.352 
   2   (0.693) 0.526 0.496 0.460 0.763 0.814 0.648 

Locus 74 : 
2 alleles
1.6% missing data
   2   (0.819) 0.974 0.699 0.984 0.785 0.799 0.939 
   3   (0.181) 0.026 0.301 0.016 0.215 0.201 0.061 

Locus 75 : 
2 alleles
0.0% missing data
   3   (0.502) 0.172 0.219 0.792 0.620 0.421 0.665 
   1   (0.498) 0.828 0.781 0.208 0.380 0.579 0.335 

Locus 76 : 
2 alleles
0.0% missing data
   2   (0.445) 0.643 0.821 0.925 0.492 0.254 0.180 
   1   (0.555) 0.357 0.179 0.075 0.508 0.746 0.820 

Locus 77 : 
2 alleles
0.0% missing data
   4   (0.286) 0.313 0.113 0.483 0.201 0.418 0.104 
   1   (0.714) 0.687 0.887 0.517 0.799 0.582 0.896 

Locus 78 : 
2 alleles
0.0% missing data
   3   (0.711) 0.535 0.561 0.990 0.716 0.676 0.827 
   2   (0.289) 0.465 0.439 0.010 0.284 0.324 0.173 

Locus 79 : 
2 alleles
0.0% missing data
   2   (0.590) 0.840 0.793 0.720 0.656 0.440 0.521 
   3   (0.410) 0.160 0.207 0.280 0.344 0.560 0.479 

Locus 80 : 
2 alleles
0.0% missing data
   4   (0.817) 0.703 0.739 0.872 0.921 0.864 0.783 
   2   (0.183) 0.297 0.261 0.128 0.079 0.136 0.217 

Locus 81 : 
2 alleles
0.0% missing data
   3   (0.466) 0.066 0.588 0.339 0.489 0.508 0.580 
   2   (0.534) 0.934 0.412 0.661 0.511 0.492 0.420 

Locus 82 : 
2 alleles
0.0% missing data
   2   (0.735) 0.753 0.687 0.713 0.745 0.850 0.685 
   3   (0.265) 0.247 0.313 0.287 0.255 0.150 0.315 

Locus 83 : 
2 alleles
0.0% missing data
   3   (0.708) 0.958 0.792 0.882 0.660 0.757 0.471 
   2   (0.292) 0.042 0.208 0.118 0.340 0.243 0.529 

Locus 84 : 
2 alleles
0.0% missing data
   3   (0.528) 0.287 0.705 0.436 0.561 0.584 0.406 
   2   (0.472) 0.713 0.295 0.564 0.439 0.416 0.594 

Locus 85 : 
2 alleles
0.0% missing data
   3   (0.770) 0.651 0.397 0.869 0.854 0.848 0.817 
   4   (0.230) 0.349 0.603 0.131 0.146 0.152 0.183 

Locus 86 : 
2 alleles
0.0% missing data
   3   (0.543) 0.080 0.606 0.446 0.627 0.462 0.848 
   2   (0.457) 0.920 0.394 0.554 0.373 0.538 0.152 

Locus 87 : 
3 alleles
4.7% missing data
   1   (0.534) 0.504 0.476 0.714 0.507 0.631 0.431 
   4   (0.433) 0.491 0.516 0.285 0.430 0.360 0.564 
   0   (0.033) 0.005 0.008 0.001 0.063 0.009 0.006 

Locus 88 : 
2 alleles
1.6% missing data
   3   (0.816) 0.974 0.932 0.994 0.806 0.756 0.669 
   1   (0.184) 0.026 0.068 0.006 0.194 0.244 0.331 

Locus 89 : 
2 alleles
0.0% missing data
   1   (0.553) 0.503 0.230 0.895 0.482 0.709 0.427 
   4   (0.447) 0.497 0.770 0.105 0.518 0.291 0.573 

Locus 90 : 
2 alleles
0.8% missing data
   3   (0.738) 0.527 0.904 0.760 0.819 0.777 0.599 
   2   (0.262) 0.473 0.096 0.240 0.181 0.223 0.401 

Locus 91 : 
2 alleles
0.0% missing data
   2   (0.690) 0.741 0.920 0.692 0.695 0.650 0.719 
   4   (0.310) 0.259 0.080 0.308 0.305 0.350 0.281 

Locus 92 : 
2 alleles
0.0% missing data
   2   (0.767) 0.750 0.709 0.957 0.839 0.793 0.735 
   4   (0.233) 0.250 0.291 0.043 0.161 0.207 0.265 

Locus 93 : 
2 alleles
0.0% missing data
   4   (0.903) 0.983 0.977 0.997 0.834 0.953 0.876 
   1   (0.097) 0.017 0.023 0.003 0.166 0.047 0.124 

Locus 94 : 
2 alleles
0.0% missing data
   3   (0.786) 0.968 0.690 0.747 0.799 0.805 0.872 
   1   (0.214) 0.032 0.310 0.253 0.201 0.195 0.128 

Locus 95 : 
2 alleles
0.0% missing data
   1   (0.056) 0.007 0.013 0.067 0.116 0.015 0.003 
   3   (0.944) 0.993 0.987 0.933 0.884 0.985 0.997 

Locus 96 : 
2 alleles
0.0% missing data
   3   (0.552) 0.510 0.867 0.803 0.448 0.550 0.482 
   2   (0.448) 0.490 0.133 0.197 0.552 0.450 0.518 

Locus 97 : 
2 alleles
0.0% missing data
   2   (0.715) 0.753 0.718 0.991 0.645 0.757 0.638 
   1   (0.285) 0.247 0.282 0.009 0.355 0.243 0.362 

Locus 98 : 
2 alleles
0.0% missing data
   4   (0.771) 0.967 0.769 0.993 0.805 0.675 0.611 
   2   (0.229) 0.033 0.231 0.007 0.195 0.325 0.389 

Locus 99 : 
2 alleles
0.8% missing data
   4   (0.836) 0.762 0.760 0.995 0.878 0.910 0.615 
   1   (0.164) 0.238 0.240 0.005 0.122 0.090 0.385 

Locus 100 : 
2 alleles
0.8% missing data
   3   (0.418) 0.655 0.570 0.210 0.286 0.432 0.513 
   2   (0.582) 0.345 0.430 0.790 0.714 0.568 0.487 

Locus 101 : 
3 alleles
0.0% missing data
   4   (0.440) 0.489 0.794 0.432 0.343 0.622 0.085 
   2   (0.476) 0.499 0.185 0.545 0.486 0.319 0.910 
   0   (0.084) 0.012 0.022 0.023 0.171 0.059 0.005 

Locus 102 : 
2 alleles
2.4% missing data
   2   (0.769) 0.702 0.721 0.898 0.854 0.737 0.892 
   4   (0.231) 0.298 0.279 0.102 0.146 0.263 0.108 

Locus 103 : 
3 alleles
0.0% missing data
   4   (0.113) 0.016 0.048 0.524 0.174 0.043 0.027 
   2   (0.813) 0.973 0.587 0.473 0.793 0.805 0.969 
   0   (0.074) 0.010 0.365 0.002 0.032 0.152 0.004 

Locus 104 : 
2 alleles
0.0% missing data
   3   (0.296) 0.151 0.371 0.563 0.196 0.338 0.177 
   2   (0.704) 0.849 0.629 0.437 0.804 0.662 0.823 

Locus 105 : 
2 alleles
0.0% missing data
   4   (0.490) 0.503 0.541 0.415 0.524 0.481 0.416 
   1   (0.510) 0.497 0.459 0.585 0.476 0.519 0.584 

Locus 106 : 
2 alleles
0.0% missing data
   1   (0.137) 0.019 0.043 0.175 0.061 0.175 0.183 
   2   (0.863) 0.981 0.957 0.825 0.939 0.825 0.817 

Locus 107 : 
2 alleles
0.0% missing data
   1   (0.592) 0.397 0.800 0.793 0.659 0.542 0.478 
   4   (0.408) 0.603 0.200 0.207 0.341 0.458 0.522 

Locus 108 : 
2 alleles
0.0% missing data
   2   (0.755) 0.699 0.670 0.928 0.835 0.750 0.824 
   4   (0.245) 0.301 0.330 0.072 0.165 0.250 0.176 

Locus 109 : 
2 alleles
0.0% missing data
   3   (0.783) 0.809 0.769 0.966 0.801 0.842 0.794 
   2   (0.217) 0.191 0.231 0.034 0.199 0.158 0.206 

Locus 110 : 
2 alleles
0.0% missing data
   2   (0.930) 0.990 0.983 0.998 0.970 0.902 0.916 
   1   (0.070) 0.010 0.017 0.002 0.030 0.098 0.084 

Locus 111 : 
2 alleles
0.0% missing data
   1   (0.841) 0.978 0.867 0.994 0.869 0.820 0.730 
   2   (0.159) 0.022 0.133 0.006 0.131 0.180 0.270 

Locus 112 : 
2 alleles
7.1% missing data
   3   (0.834) 0.756 0.921 0.994 0.853 0.821 0.874 
   2   (0.166) 0.244 0.079 0.006 0.147 0.179 0.126 

Locus 113 : 
2 alleles
0.0% missing data
   2   (0.683) 0.954 0.432 0.743 0.723 0.566 0.868 
   3   (0.317) 0.046 0.568 0.257 0.277 0.434 0.132 

Locus 114 : 
2 alleles
0.0% missing data
   4   (0.718) 0.959 0.908 0.804 0.672 0.667 0.705 
   2   (0.282) 0.041 0.092 0.196 0.328 0.333 0.295 

Locus 115 : 
2 alleles
0.0% missing data
   3   (0.449) 0.661 0.347 0.345 0.344 0.494 0.542 
   2   (0.551) 0.339 0.653 0.655 0.656 0.506 0.458 

Locus 116 : 
2 alleles
0.0% missing data
   4   (0.451) 0.488 0.347 0.694 0.382 0.419 0.578 
   3   (0.549) 0.512 0.653 0.306 0.618 0.581 0.422 

Locus 117 : 
2 alleles
0.0% missing data
   2   (0.878) 0.983 0.970 0.994 0.791 0.907 0.899 
   3   (0.122) 0.017 0.030 0.006 0.209 0.093 0.101 

Locus 118 : 
2 alleles
0.0% missing data
   2   (0.904) 0.986 0.973 0.997 0.767 0.960 0.915 
   1   (0.096) 0.014 0.027 0.003 0.233 0.040 0.085 

Locus 119 : 
3 alleles
0.0% missing data
   2   (0.914) 0.570 0.980 0.972 0.964 0.977 0.915 
   0   (0.030) 0.004 0.007 0.027 0.012 0.008 0.002 
   3   (0.056) 0.426 0.013 0.002 0.024 0.015 0.083 

Locus 120 : 
2 alleles
0.0% missing data
   1   (0.925) 0.989 0.829 0.997 0.967 0.946 0.957 
   2   (0.075) 0.011 0.171 0.003 0.033 0.054 0.043 

Locus 121 : 
2 alleles
0.0% missing data
   3   (0.730) 0.856 0.566 0.657 0.817 0.727 0.826 
   4   (0.270) 0.144 0.434 0.343 0.183 0.273 0.174 

Locus 122 : 
2 alleles
0.0% missing data
   1   (0.966) 0.995 0.992 0.899 0.986 0.986 0.998 
   0   (0.034) 0.005 0.008 0.101 0.014 0.014 0.002 

Locus 123 : 
3 alleles
1.6% missing data
   2   (0.721) 0.853 0.512 0.916 0.854 0.787 0.338 
   3   (0.247) 0.142 0.481 0.031 0.133 0.205 0.661 
   0   (0.032) 0.005 0.007 0.054 0.013 0.009 0.002 

Locus 124 : 
2 alleles
0.8% missing data
   1   (0.808) 0.972 0.809 0.993 0.690 0.863 0.756 
   3   (0.192) 0.028 0.191 0.007 0.310 0.137 0.244 

Locus 125 : 
2 alleles
0.0% missing data
   1   (0.908) 0.544 0.976 0.997 0.960 0.833 0.987 
   2   (0.092) 0.456 0.024 0.003 0.040 0.167 0.013 

Locus 126 : 
2 alleles
0.0% missing data
   4   (0.243) 0.300 0.070 0.243 0.219 0.190 0.317 
   2   (0.757) 0.700 0.930 0.757 0.781 0.810 0.683 

Locus 127 : 
2 alleles
0.0% missing data
   3   (0.672) 0.525 0.919 0.989 0.598 0.684 0.388 
   2   (0.328) 0.475 0.081 0.011 0.402 0.316 0.612 

Locus 128 : 
2 alleles
0.8% missing data
   3   (0.777) 0.648 0.931 0.799 0.719 0.794 0.948 
   2   (0.223) 0.352 0.069 0.201 0.281 0.206 0.052 

Locus 129 : 
2 alleles
0.8% missing data
   1   (0.758) 0.761 0.874 0.980 0.727 0.678 0.927 
   3   (0.242) 0.239 0.126 0.020 0.273 0.322 0.073 

Locus 130 : 
2 alleles
0.0% missing data
   3   (0.873) 0.981 0.815 0.996 0.823 0.911 0.935 
   2   (0.127) 0.019 0.185 0.004 0.177 0.089 0.065 

Locus 131 : 
2 alleles
0.0% missing data
   4   (0.649) 0.579 0.784 0.329 0.647 0.613 0.893 
   1   (0.351) 0.421 0.216 0.671 0.353 0.387 0.107 

Locus 132 : 
2 alleles
0.0% missing data
   2   (0.799) 0.819 0.865 0.994 0.739 0.790 0.901 
   4   (0.201) 0.181 0.135 0.006 0.261 0.210 0.099 

Locus 133 : 
2 alleles
0.0% missing data
   3   (0.475) 0.068 0.470 0.841 0.500 0.487 0.519 
   2   (0.525) 0.932 0.530 0.159 0.500 0.513 0.481 

Locus 134 : 
2 alleles
0.8% missing data
   3   (0.773) 0.968 0.581 0.907 0.798 0.834 0.662 
   2   (0.227) 0.032 0.419 0.093 0.202 0.166 0.338 

Locus 135 : 
2 alleles
0.0% missing data
   3   (0.618) 0.509 0.630 0.898 0.643 0.616 0.599 
   2   (0.382) 0.491 0.370 0.102 0.357 0.384 0.401 

Locus 136 : 
2 alleles
0.0% missing data
   4   (0.884) 0.982 0.971 0.996 0.880 0.924 0.559 
   2   (0.116) 0.018 0.029 0.004 0.120 0.076 0.441 

Locus 137 : 
2 alleles
0.0% missing data
   2   (0.924) 0.989 0.974 0.996 0.884 0.938 0.989 
   3   (0.076) 0.011 0.026 0.004 0.116 0.062 0.011 

Locus 138 : 
2 alleles
0.8% missing data
   1   (0.682) 0.694 0.582 0.491 0.761 0.679 0.813 
   3   (0.318) 0.306 0.418 0.509 0.239 0.321 0.187 

Locus 139 : 
2 alleles
0.8% missing data
   2   (0.613) 0.456 0.846 0.408 0.628 0.673 0.521 
   3   (0.387) 0.544 0.154 0.592 0.372 0.327 0.479 

Locus 140 : 
2 alleles
0.0% missing data
   4   (0.716) 0.638 0.374 0.910 0.807 0.719 0.826 
   3   (0.284) 0.362 0.626 0.090 0.193 0.281 0.174 

Locus 141 : 
2 alleles
0.0% missing data
   1   (0.715) 0.687 0.923 0.771 0.757 0.713 0.617 
   4   (0.285) 0.313 0.077 0.229 0.243 0.287 0.383 

Locus 142 : 
2 alleles
0.0% missing data
   3   (0.637) 0.355 0.448 0.596 0.648 0.675 0.872 
   2   (0.363) 0.645 0.552 0.404 0.352 0.325 0.128 

Locus 143 : 
2 alleles
0.0% missing data
   2   (0.928) 0.990 0.983 0.997 0.921 0.955 0.966 
   3   (0.072) 0.010 0.017 0.003 0.079 0.045 0.034 

Locus 144 : 
3 alleles
0.8% missing data
   4   (0.601) 0.724 0.554 0.944 0.629 0.583 0.462 
   1   (0.369) 0.272 0.439 0.030 0.358 0.408 0.536 
   0   (0.030) 0.004 0.007 0.026 0.012 0.009 0.002 

Locus 145 : 
2 alleles
0.0% missing data
   1   (0.171) 0.024 0.108 0.272 0.135 0.224 0.049 
   3   (0.829) 0.976 0.892 0.728 0.865 0.776 0.951 

Locus 146 : 
2 alleles
0.0% missing data
   4   (0.922) 0.989 0.980 0.997 0.953 0.912 0.875 
   1   (0.078) 0.011 0.020 0.003 0.047 0.088 0.125 

Locus 147 : 
2 alleles
0.8% missing data
   1   (0.387) 0.535 0.451 0.405 0.483 0.293 0.184 
   4   (0.613) 0.465 0.549 0.595 0.517 0.707 0.816 

Locus 148 : 
2 alleles
0.0% missing data
   3   (0.733) 0.320 0.919 0.611 0.652 0.658 0.984 
   1   (0.267) 0.680 0.081 0.389 0.348 0.342 0.016 

Locus 149 : 
3 alleles
1.6% missing data
   2   (0.498) 0.181 0.756 0.587 0.581 0.479 0.439 
   3   (0.452) 0.813 0.231 0.410 0.398 0.473 0.537 
   0   (0.050) 0.007 0.013 0.003 0.022 0.048 0.024 

Locus 150 : 
2 alleles
0.0% missing data
   1   (0.719) 0.959 0.918 0.904 0.634 0.609 0.805 
   4   (0.281) 0.041 0.082 0.096 0.366 0.391 0.195 

Locus 151 : 
2 alleles
0.0% missing data
   3   (0.717) 0.960 0.841 0.407 0.625 0.715 0.889 
   2   (0.283) 0.040 0.159 0.593 0.375 0.285 0.111 

Locus 152 : 
2 alleles
0.0% missing data
   4   (0.934) 0.826 0.983 0.998 0.965 0.900 0.996 
   2   (0.066) 0.174 0.017 0.002 0.035 0.100 0.004 

Locus 153 : 
2 alleles
0.0% missing data
   1   (0.651) 0.675 0.498 0.684 0.778 0.670 0.496 
   4   (0.349) 0.325 0.502 0.316 0.222 0.330 0.504 

Locus 154 : 
2 alleles
0.8% missing data
   1   (0.532) 0.509 0.464 0.893 0.574 0.661 0.105 
   3   (0.468) 0.491 0.536 0.107 0.426 0.339 0.895 

Locus 155 : 
2 alleles
0.0% missing data
   3   (0.543) 0.776 0.442 0.848 0.402 0.571 0.641 
   4   (0.457) 0.224 0.558 0.152 0.598 0.429 0.359 

Locus 156 : 
2 alleles
0.8% missing data
   1   (0.803) 0.971 0.946 0.972 0.854 0.838 0.209 
   2   (0.197) 0.029 0.054 0.028 0.146 0.162 0.791 

Locus 157 : 
2 alleles
0.0% missing data
   4   (0.577) 0.670 0.607 0.753 0.596 0.539 0.558 
   2   (0.423) 0.330 0.393 0.247 0.404 0.461 0.442 

Locus 158 : 
2 alleles
0.8% missing data
   1   (0.697) 0.794 0.889 0.760 0.574 0.681 0.900 
   2   (0.303) 0.206 0.111 0.240 0.426 0.319 0.100 

Locus 159 : 
3 alleles
0.8% missing data
   2   (0.831) 0.976 0.934 0.867 0.871 0.846 0.513 
   0   (0.062) 0.009 0.014 0.130 0.026 0.096 0.004 
   3   (0.107) 0.015 0.051 0.003 0.103 0.059 0.483 

Locus 160 : 
3 alleles
0.0% missing data
   1   (0.455) 0.492 0.380 0.469 0.550 0.494 0.182 
   3   (0.510) 0.502 0.612 0.530 0.436 0.459 0.816 
   0   (0.034) 0.006 0.008 0.001 0.015 0.048 0.002 

Locus 161 : 
2 alleles
0.8% missing data
   1   (0.508) 0.178 0.499 0.513 0.524 0.562 0.537 
   4   (0.492) 0.822 0.501 0.487 0.476 0.438 0.463 

Locus 162 : 
3 alleles
3.1% missing data
   1   (0.905) 0.987 0.977 0.997 0.810 0.973 0.940 
   0   (0.063) 0.009 0.015 0.002 0.177 0.018 0.037 
   2   (0.032) 0.005 0.007 0.001 0.013 0.009 0.023 

Locus 163 : 
2 alleles
0.0% missing data
   2   (0.870) 0.980 0.948 0.855 0.901 0.935 0.653 
   3   (0.130) 0.020 0.052 0.145 0.099 0.065 0.347 

Locus 164 : 
3 alleles
0.8% missing data
   4   (0.870) 0.981 0.961 0.806 0.879 0.955 0.853 
   1   (0.100) 0.014 0.031 0.193 0.108 0.036 0.125 
   0   (0.030) 0.004 0.008 0.001 0.013 0.009 0.022 

Locus 165 : 
2 alleles
0.0% missing data
   4   (0.808) 0.871 0.604 0.830 0.834 0.934 0.681 
   1   (0.192) 0.129 0.396 0.170 0.166 0.066 0.319 

Locus 166 : 
2 alleles
0.8% missing data
   2   (0.882) 0.983 0.654 0.986 0.917 0.965 0.498 
   3   (0.118) 0.017 0.346 0.014 0.083 0.035 0.502 

Locus 167 : 
2 alleles
0.0% missing data
   2   (0.643) 0.630 0.706 0.757 0.737 0.732 0.240 
   3   (0.357) 0.370 0.294 0.243 0.263 0.268 0.760 

Locus 168 : 
2 alleles
0.0% missing data
   3   (0.738) 0.736 0.922 0.911 0.751 0.697 0.781 
   2   (0.262) 0.264 0.078 0.089 0.249 0.303 0.219 

Locus 169 : 
3 alleles
2.4% missing data
   4   (0.401) 0.161 0.327 0.559 0.526 0.452 0.147 
   3   (0.547) 0.832 0.635 0.387 0.450 0.506 0.850 
   0   (0.052) 0.008 0.038 0.054 0.024 0.041 0.003 

Locus 170 : 
2 alleles
0.0% missing data
   1   (0.732) 0.528 0.869 0.549 0.722 0.858 0.690 
   3   (0.268) 0.472 0.131 0.451 0.278 0.142 0.310 

Locus 171 : 
3 alleles
3.1% missing data
   2   (0.823) 0.974 0.951 0.957 0.851 0.877 0.651 
   3   (0.145) 0.022 0.042 0.042 0.134 0.114 0.303 
   0   (0.032) 0.005 0.008 0.001 0.015 0.009 0.045 

Locus 172 : 
2 alleles
0.0% missing data
   4   (0.725) 0.962 0.643 0.607 0.745 0.740 0.725 
   1   (0.275) 0.038 0.357 0.393 0.255 0.260 0.275 

Locus 173 : 
2 alleles
0.0% missing data
   2   (0.763) 0.544 0.726 0.532 0.831 0.863 0.778 
   3   (0.237) 0.456 0.274 0.468 0.169 0.137 0.222 

Locus 174 : 
2 alleles
0.0% missing data
   4   (0.721) 0.852 0.708 0.811 0.714 0.794 0.699 
   1   (0.279) 0.148 0.292 0.189 0.286 0.206 0.301 

Locus 175 : 
2 alleles
0.0% missing data
   2   (0.727) 0.858 0.916 0.768 0.753 0.725 0.626 
   4   (0.273) 0.142 0.084 0.232 0.247 0.275 0.374 

Locus 176 : 
2 alleles
0.8% missing data
   4   (0.947) 0.993 0.845 0.998 0.971 0.958 0.996 
   1   (0.053) 0.007 0.155 0.002 0.029 0.042 0.004 

Locus 177 : 
2 alleles
0.0% missing data
   3   (0.507) 0.664 0.211 0.535 0.531 0.460 0.693 
   2   (0.493) 0.336 0.789 0.465 0.469 0.540 0.307 

Locus 178 : 
3 alleles
2.4% missing data
   3   (0.620) 0.622 0.843 0.653 0.685 0.458 0.828 
   2   (0.350) 0.271 0.150 0.346 0.303 0.534 0.170 
   0   (0.030) 0.107 0.007 0.001 0.013 0.008 0.002 

Locus 179 : 
2 alleles
0.0% missing data
   3   (0.897) 0.985 0.964 0.968 0.877 0.963 0.839 
   2   (0.103) 0.015 0.036 0.032 0.123 0.037 0.161 

Locus 180 : 
3 alleles
1.6% missing data
   3   (0.502) 0.656 0.677 0.798 0.351 0.675 0.175 
   2   (0.452) 0.337 0.274 0.201 0.530 0.310 0.822 
   0   (0.045) 0.006 0.049 0.001 0.119 0.014 0.003 

Locus 181 : 
2 alleles
0.0% missing data
   2   (0.731) 0.962 0.604 0.743 0.771 0.780 0.556 
   1   (0.269) 0.038 0.396 0.257 0.229 0.220 0.444 

Locus 182 : 
2 alleles
1.6% missing data
   4   (0.785) 0.865 0.947 0.534 0.714 0.834 0.917 
   2   (0.215) 0.135 0.053 0.466 0.286 0.166 0.083 

Locus 183 : 
2 alleles
0.0% missing data
   4   (0.890) 0.983 0.949 0.905 0.939 0.853 0.975 
   2   (0.110) 0.017 0.051 0.095 0.061 0.147 0.025 

Locus 184 : 
2 alleles
0.0% missing data
   2   (0.886) 0.774 0.973 0.970 0.850 0.958 0.965 
   3   (0.114) 0.226 0.027 0.030 0.150 0.042 0.035 

Locus 185 : 
2 alleles
0.0% missing data
   2   (0.783) 0.535 0.938 0.811 0.878 0.785 0.726 
   3   (0.217) 0.465 0.062 0.189 0.122 0.215 0.274 

Locus 186 : 
2 alleles
0.0% missing data
   2   (0.904) 0.986 0.978 0.639 0.870 0.918 0.994 
   3   (0.096) 0.014 0.022 0.361 0.130 0.082 0.006 

Locus 187 : 
2 alleles
0.0% missing data
   3   (0.902) 0.769 0.975 0.958 0.953 0.936 0.969 
   2   (0.098) 0.231 0.025 0.042 0.047 0.064 0.031 

Locus 188 : 
2 alleles
2.4% missing data
   2   (0.740) 0.962 0.913 0.743 0.557 0.860 0.567 
   3   (0.260) 0.038 0.087 0.257 0.443 0.140 0.433 

Locus 189 : 
3 alleles
3.1% missing data
   3   (0.631) 0.738 0.730 0.495 0.617 0.738 0.591 
   1   (0.317) 0.255 0.257 0.504 0.301 0.247 0.362 
   0   (0.052) 0.007 0.012 0.002 0.083 0.015 0.046 

Locus 190 : 
2 alleles
0.0% missing data
   1   (0.874) 0.981 0.881 0.995 0.890 0.823 0.953 
   5   (0.126) 0.019 0.119 0.005 0.110 0.177 0.047 

Locus 191 : 
2 alleles
0.0% missing data
   1   (0.802) 0.821 0.950 0.683 0.736 0.729 0.989 
   5   (0.198) 0.179 0.050 0.317 0.264 0.271 0.011 

Locus 192 : 
2 alleles
0.0% missing data
   2   (0.589) 0.242 0.470 0.792 0.714 0.594 0.510 
   1   (0.411) 0.758 0.530 0.208 0.286 0.406 0.490 

Locus 193 : 
2 alleles
2.4% missing data
   1   (0.936) 0.991 0.978 0.998 0.909 0.982 0.902 
   4   (0.064) 0.009 0.022 0.002 0.091 0.018 0.098 

Locus 194 : 
2 alleles
0.0% missing data
   3   (0.765) 0.966 0.725 0.992 0.640 0.806 0.682 
   2   (0.235) 0.034 0.275 0.008 0.360 0.194 0.318 

Locus 195 : 
2 alleles
6.3% missing data
   4   (0.571) 0.677 0.440 0.986 0.489 0.551 0.472 
   1   (0.429) 0.323 0.560 0.014 0.511 0.449 0.528 

Locus 196 : 
2 alleles
0.8% missing data
   3   (0.893) 0.985 0.733 0.764 0.949 0.918 0.977 
   2   (0.107) 0.015 0.267 0.236 0.051 0.082 0.023 

Locus 197 : 
2 alleles
0.8% missing data
   3   (0.689) 0.788 0.916 0.753 0.735 0.558 0.766 
   4   (0.311) 0.212 0.084 0.247 0.265 0.442 0.234 

Locus 198 : 
2 alleles
0.0% missing data
   1   (0.963) 0.995 0.991 0.999 0.985 0.990 0.897 
   2   (0.037) 0.005 0.009 0.001 0.015 0.010 0.103 

Locus 199 : 
2 alleles
0.0% missing data
   2   (0.849) 0.979 0.964 0.995 0.840 0.848 0.555 
   3   (0.151) 0.021 0.036 0.005 0.160 0.152 0.445 

Locus 200 : 
2 alleles
0.0% missing data
   2   (0.510) 0.452 0.194 0.604 0.509 0.613 0.497 
   4   (0.490) 0.548 0.806 0.396 0.491 0.387 0.503 

Locus 201 : 
2 alleles
0.8% missing data
   2   (0.713) 0.960 0.613 0.990 0.772 0.634 0.338 
   1   (0.287) 0.040 0.387 0.010 0.228 0.366 0.662 

Locus 202 : 
2 alleles
0.0% missing data
   1   (0.901) 0.832 0.838 0.749 0.900 0.971 0.994 
   3   (0.099) 0.168 0.162 0.251 0.100 0.029 0.006 

Locus 203 : 
2 alleles
0.8% missing data
   2   (0.715) 0.587 0.641 0.991 0.769 0.631 0.763 
   1   (0.285) 0.413 0.359 0.009 0.231 0.369 0.237 

Locus 204 : 
2 alleles
0.0% missing data
   2   (0.863) 0.981 0.947 0.995 0.923 0.719 0.820 
   5   (0.137) 0.019 0.053 0.005 0.077 0.281 0.180 

Locus 205 : 
2 alleles
0.0% missing data
   3   (0.674) 0.639 0.707 0.647 0.560 0.753 0.883 
   1   (0.326) 0.361 0.293 0.353 0.440 0.247 0.117 

Locus 206 : 
2 alleles
0.0% missing data
   4   (0.580) 0.885 0.848 0.323 0.452 0.590 0.599 
   1   (0.420) 0.115 0.152 0.677 0.548 0.410 0.401 

Locus 207 : 
2 alleles
0.8% missing data
   3   (0.807) 0.650 0.888 0.994 0.811 0.789 0.879 
   2   (0.193) 0.350 0.112 0.006 0.189 0.211 0.121 

Locus 208 : 
2 alleles
1.6% missing data
   1   (0.715) 0.799 0.698 0.990 0.550 0.833 0.532 
   2   (0.285) 0.201 0.302 0.010 0.450 0.167 0.468 

Locus 209 : 
3 alleles
0.0% missing data
   3   (0.942) 0.992 0.986 0.906 0.976 0.984 0.997 
   2   (0.028) 0.004 0.006 0.067 0.012 0.008 0.002 
   0   (0.030) 0.004 0.007 0.027 0.012 0.008 0.002 

Locus 210 : 
2 alleles
0.0% missing data
   2   (0.614) 0.092 0.731 0.979 0.650 0.652 0.443 
   4   (0.386) 0.908 0.269 0.021 0.350 0.348 0.557 

Locus 211 : 
2 alleles
0.0% missing data
   2   (0.892) 0.983 0.788 0.997 0.941 0.923 0.760 
   4   (0.108) 0.017 0.212 0.003 0.059 0.077 0.240 

Locus 212 : 
2 alleles
0.0% missing data
   4   (0.736) 0.852 0.698 0.777 0.753 0.799 0.749 
   1   (0.264) 0.148 0.302 0.223 0.247 0.201 0.251 

Locus 213 : 
2 alleles
0.0% missing data
   3   (0.770) 0.597 0.944 0.219 0.889 0.804 0.619 
   2   (0.230) 0.403 0.056 0.781 0.111 0.196 0.381 

Locus 214 : 
2 alleles
0.0% missing data
   1   (0.736) 0.698 0.909 0.861 0.735 0.786 0.656 
   4   (0.264) 0.302 0.091 0.139 0.265 0.214 0.344 

Locus 215 : 
2 alleles
0.0% missing data
   4   (0.306) 0.523 0.659 0.320 0.197 0.336 0.093 
   5   (0.694) 0.477 0.341 0.680 0.803 0.664 0.907 

Locus 216 : 
2 alleles
0.0% missing data
   3   (0.896) 0.985 0.975 0.905 0.854 0.971 0.806 
   1   (0.104) 0.015 0.025 0.095 0.146 0.029 0.194 

Locus 217 : 
2 alleles
0.0% missing data
   3   (0.890) 0.822 0.974 0.997 0.952 0.859 0.862 
   2   (0.110) 0.178 0.026 0.003 0.048 0.141 0.138 

Locus 218 : 
2 alleles
0.0% missing data
   3   (0.433) 0.065 0.209 0.237 0.475 0.591 0.431 
   2   (0.567) 0.935 0.791 0.763 0.525 0.409 0.569 

Locus 219 : 
2 alleles
0.0% missing data
   4   (0.728) 0.753 0.901 0.992 0.580 0.854 0.288 
   2   (0.272) 0.247 0.099 0.008 0.420 0.146 0.712 

Locus 220 : 
2 alleles
0.0% missing data
   3   (0.748) 0.693 0.902 0.954 0.766 0.766 0.663 
   2   (0.252) 0.307 0.098 0.046 0.234 0.234 0.337 

Locus 221 : 
2 alleles
0.0% missing data
   3   (0.797) 0.700 0.654 0.769 0.854 0.854 0.918 
   2   (0.203) 0.300 0.346 0.231 0.146 0.146 0.082 

Locus 222 : 
2 alleles
0.0% missing data
   2   (0.735) 0.637 0.802 0.992 0.852 0.629 0.491 
   3   (0.265) 0.363 0.198 0.008 0.148 0.371 0.509 

Locus 223 : 
2 alleles
0.8% missing data
   1   (0.942) 0.992 0.986 0.998 0.949 0.982 0.791 
   2   (0.058) 0.008 0.014 0.002 0.051 0.018 0.209 

Locus 224 : 
2 alleles
0.0% missing data
   5   (0.753) 0.861 0.865 0.885 0.784 0.835 0.419 
   1   (0.247) 0.139 0.135 0.115 0.216 0.165 0.581 

Locus 225 : 
2 alleles
0.8% missing data
   2   (0.753) 0.752 0.911 0.642 0.821 0.737 0.784 
   3   (0.247) 0.248 0.089 0.358 0.179 0.263 0.216 

Locus 226 : 
2 alleles
0.0% missing data
   3   (0.933) 0.990 0.634 0.998 0.968 0.899 0.995 
   1   (0.067) 0.010 0.366 0.002 0.032 0.101 0.005 

Values of parameters used in structure:
DATAFILE=/Users/ddayan/FRA/small_omy_projects/sf_crooked_river_2021/structure_SFGL_Omy269/project_data,	OUTFILE=/Users/ddayan/FRA/small_omy_projects/sf_crooked_river_2021/structure_SFGL_Omy269/5k10kadmcorr/Results/5k10kadmcorr_run_53,	NUMINDS=127,	NUMLOCI=226,	MISSING=-9,	LABEL=0,	POPDATA=1,	POPFLAG=0,	PHENOTYPE=0,	EXTRACOLS=0,	MAXPOPS=6,	BURNIN=5000,	NUMREPS=10000,	USEPOPINFO=0,	INFERALPHA=1,	INFERLAMBDA=0,	POPSPECIFICLAMBDA=0,	POPALPHAS=0,	COMPUTEPROB=1,	NOADMIX=0,	ADMBURNIN=2500,	UPDATEFREQ=1,	PRINTLIKES=0,	INTERMEDSAVE=0,	PRINTKLD=0,	PRINTNET=0,	PRINTLAMBDA=0,	ANCESTDIST=0,	NUMBOXES=1000,	ANCESTPINT=0.90000,	GENSBACK=2,	MIGRPRIOR=0.05000,	PRINTQHAT=0,	PRINTQSUM=0,	ALPHA=1.0000,	FREQSCORR=1,	FPRIORMEAN=0.0100,	FPRIORSD=0.0500,	ONEFST=0,	LAMBDA=1.0000,	UNIFPRIORALPHA=1,	ALPHAMAX=10.0000,	ALPHAPRIORA=1.0000,	ALPHAPRIORB=2.0000,	ALPHAPROPSD=0.0250,	STARTATPOPINFO=0,	RANDOMIZE=1,	LINKAGE=0,	METROFREQ=10,	REPORTHITRATE=0,	MARKOVPHASE=-1,	PHASED=0,	PLOIDY=2,	PHASEINFO=0	LOCPRIOR=0, 	LOCPRIORINIT=1.000000, 	LOCDATA=0, 	LOCISPOP=0, 	LOCPRIORSTEP=0.100000, 	MAXLOCPRIOR=20.000000, 	SEED=1642737901,	
[STRAT parameters]:    NUMSIMSTATS=1000,	PHENOTYPECOL=-9,	POOLFREQ=10,	LOCUSxONLY=0,	EMERROR=0.00100,	MISSINGPHENO=-9,	