

----------------------------------------------------
STRUCTURE by Pritchard, Stephens and Donnelly (2000)
     and Falush, Stephens and Pritchard (2003)
       Code by Pritchard, Falush and Hubisz
             Version 2.3.4 (Jul 2012)
----------------------------------------------------



Command line arguments:   bin/structure -m "/Users/ddayan/FRA/small_omy_projects/sf_crooked_river_2021/structure_SFGL_Omy269/5k10kadmcorr/mainparams" -e "/Users/ddayan/FRA/small_omy_projects/sf_crooked_river_2021/structure_SFGL_Omy269/5k10kadmcorr/extraparams" 
Input File:    /Users/ddayan/FRA/small_omy_projects/sf_crooked_river_2021/structure_SFGL_Omy269/project_data

Run parameters:
   127 individuals
   226 loci
   6 populations assumed
   5000 Burn-in period
   10000 Reps


--------------------------------------------
Proportion of membership of each pre-defined
 population in each of the 6 clusters

Given    Inferred Clusters                            Number of
 Pop       1      2      3      4      5      6      Individuals

  1:     0.003  0.984  0.004  0.002  0.004  0.003       35
  2:     0.005  0.003  0.053  0.785  0.059  0.095       17
  3:     0.205  0.053  0.172  0.011  0.365  0.194       41
  4:     0.006  0.005  0.006  0.968  0.006  0.008       34
--------------------------------------------

Allele-freq. divergence among pops (Net nucleotide distance),
computed using point estimates of P.

      1       2       3       4       5       6      
 1      -    0.0591  0.0432  0.0662  0.0378  0.0404  
 2   0.0591     -    0.0455  0.0790  0.0380  0.0357  
 3   0.0432  0.0455     -    0.0446  0.0231  0.0173  
 4   0.0662  0.0790  0.0446     -    0.0419  0.0324  
 5   0.0378  0.0380  0.0231  0.0419     -    0.0127  
 6   0.0404  0.0357  0.0173  0.0324  0.0127     -    

Average distances (expected heterozygosity) between individuals in same cluster:
cluster  1  : 0.2744 
cluster  2  : 0.2447 
cluster  3  : 0.3179 
cluster  4  : 0.3340 
cluster  5  : 0.3252 
cluster  6  : 0.3450 

--------------------------------------------
Estimated Ln Prob of Data   = -26932.4
Mean value of ln likelihood = -25980.9
Variance of ln likelihood   = 1902.9
Mean value of alpha         = 0.0313

Mean value of Fst_1         = 0.2750
Mean value of Fst_2         = 0.2992
Mean value of Fst_3         = 0.1442
Mean value of Fst_4         = 0.1540
Mean value of Fst_5         = 0.0837
Mean value of Fst_6         = 0.0669


Inferred ancestry of individuals:
     (%Miss) Pop:  Inferred clusters
  1    (0)    1 :  0.001 0.990 0.003 0.001 0.003 0.002 
  2    (0)    1 :  0.005 0.970 0.006 0.004 0.009 0.006 
  3    (0)    1 :  0.001 0.994 0.001 0.002 0.001 0.002 
  4    (0)    1 :  0.001 0.988 0.003 0.002 0.004 0.003 
  5    (0)    1 :  0.001 0.993 0.001 0.002 0.002 0.002 
  6    (0)    1 :  0.002 0.990 0.002 0.001 0.003 0.002 
  7    (0)    1 :  0.001 0.995 0.001 0.001 0.001 0.001 
  8    (0)    1 :  0.003 0.985 0.002 0.001 0.004 0.005 
  9    (0)    1 :  0.002 0.991 0.002 0.001 0.003 0.001 
 10    (0)    1 :  0.003 0.985 0.005 0.001 0.003 0.004 
 11    (0)    1 :  0.053 0.896 0.025 0.003 0.020 0.002 
 12    (0)    1 :  0.004 0.967 0.005 0.005 0.013 0.006 
 13    (0)    1 :  0.002 0.995 0.001 0.000 0.001 0.001 
 14    (0)    1 :  0.002 0.993 0.002 0.001 0.001 0.001 
 15    (0)    1 :  0.002 0.993 0.001 0.001 0.002 0.002 
 16    (0)    1 :  0.002 0.989 0.005 0.000 0.003 0.001 
 17    (0)    1 :  0.001 0.960 0.010 0.001 0.006 0.021 
 18    (0)    1 :  0.004 0.931 0.016 0.016 0.021 0.012 
 19    (0)    1 :  0.003 0.993 0.001 0.001 0.001 0.001 
 20    (0)    1 :  0.002 0.993 0.002 0.001 0.001 0.001 
 21    (0)    1 :  0.002 0.981 0.007 0.002 0.007 0.002 
 22    (0)    1 :  0.003 0.987 0.003 0.001 0.002 0.004 
 23    (0)    1 :  0.001 0.995 0.001 0.000 0.001 0.001 
 24    (0)    1 :  0.001 0.993 0.002 0.001 0.002 0.001 
 25    (0)    1 :  0.002 0.985 0.002 0.007 0.003 0.002 
 26    (0)    1 :  0.001 0.993 0.001 0.002 0.001 0.001 
 27    (0)    1 :  0.001 0.996 0.001 0.001 0.001 0.001 
 28    (0)    1 :  0.005 0.984 0.004 0.001 0.004 0.002 
 29    (0)    1 :  0.001 0.994 0.002 0.001 0.001 0.001 
 30    (0)    1 :  0.001 0.994 0.001 0.001 0.001 0.001 
 31    (0)    1 :  0.002 0.990 0.003 0.002 0.002 0.001 
 32    (0)    1 :  0.002 0.985 0.001 0.002 0.003 0.006 
 33    (0)    1 :  0.001 0.996 0.001 0.000 0.001 0.001 
 34    (0)    1 :  0.001 0.996 0.001 0.001 0.001 0.001 
 35    (0)    1 :  0.003 0.987 0.001 0.001 0.006 0.001 
 36    (0)    2 :  0.002 0.004 0.056 0.841 0.018 0.078 
 37    (0)    2 :  0.003 0.005 0.004 0.973 0.005 0.011 
 38    (0)    3 :  0.047 0.003 0.009 0.001 0.936 0.003 
 39    (0)    3 :  0.001 0.004 0.138 0.002 0.002 0.853 
 40    (0)    3 :  0.003 0.048 0.119 0.014 0.003 0.814 
 41    (0)    3 :  0.009 0.004 0.013 0.016 0.101 0.856 
 42    (0)    3 :  0.040 0.006 0.895 0.032 0.012 0.015 
 43    (0)    2 :  0.001 0.001 0.002 0.991 0.002 0.003 
 44    (0)    2 :  0.022 0.006 0.307 0.087 0.393 0.186 
 45    (0)    2 :  0.002 0.001 0.002 0.988 0.003 0.004 
 46    (0)    2 :  0.002 0.002 0.002 0.976 0.010 0.008 
 47    (0)    2 :  0.014 0.005 0.020 0.567 0.009 0.385 
 48    (0)    2 :  0.003 0.004 0.074 0.143 0.003 0.773 
 49    (0)    2 :  0.001 0.018 0.016 0.437 0.520 0.009 
 50    (0)    2 :  0.002 0.001 0.006 0.976 0.011 0.004 
 51    (0)    2 :  0.010 0.002 0.006 0.956 0.002 0.025 
 52    (0)    3 :  0.013 0.022 0.834 0.002 0.122 0.006 
 53    (0)    3 :  0.002 0.025 0.113 0.009 0.513 0.338 
 54    (0)    3 :  0.006 0.007 0.005 0.005 0.932 0.046 
 55    (0)    3 :  0.003 0.005 0.206 0.107 0.018 0.661 
 56    (0)    3 :  0.990 0.005 0.002 0.001 0.001 0.001 
 57    (0)    3 :  0.002 0.185 0.231 0.005 0.003 0.573 
 58    (0)    3 :  0.002 0.002 0.002 0.003 0.989 0.002 
 59    (0)    3 :  0.001 0.004 0.010 0.033 0.033 0.919 
 60    (0)    3 :  0.993 0.001 0.001 0.002 0.002 0.001 
 61    (0)    3 :  0.992 0.003 0.002 0.001 0.002 0.001 
 62    (0)    3 :  0.029 0.004 0.717 0.004 0.167 0.079 
 63    (0)    3 :  0.002 0.003 0.991 0.001 0.001 0.001 
 64    (0)    3 :  0.003 0.434 0.026 0.003 0.531 0.004 
 65    (0)    3 :  0.001 0.443 0.058 0.002 0.137 0.358 
 66    (0)    3 :  0.001 0.325 0.004 0.008 0.227 0.434 
 67    (0)    3 :  0.023 0.179 0.150 0.054 0.130 0.463 
 68    (0)    3 :  0.995 0.001 0.001 0.001 0.001 0.001 
 69    (0)    3 :  0.001 0.348 0.011 0.057 0.284 0.299 
 70    (0)    3 :  0.975 0.002 0.011 0.002 0.007 0.003 
 71    (0)    3 :  0.986 0.005 0.003 0.001 0.004 0.001 
 72    (0)    3 :  0.985 0.006 0.003 0.001 0.003 0.001 
 73    (0)    3 :  0.115 0.007 0.002 0.003 0.870 0.003 
 74    (0)    3 :  0.002 0.004 0.007 0.001 0.981 0.005 
 75    (0)    3 :  0.002 0.004 0.983 0.002 0.006 0.003 
 76    (0)    3 :  0.002 0.006 0.007 0.004 0.974 0.007 
 77    (0)    3 :  0.005 0.003 0.001 0.007 0.981 0.003 
 78    (0)    3 :  0.065 0.027 0.195 0.003 0.703 0.007 
 79    (0)    3 :  0.005 0.005 0.006 0.003 0.925 0.057 
 80    (0)    3 :  0.010 0.003 0.192 0.003 0.775 0.017 
 81    (0)    3 :  0.003 0.002 0.991 0.001 0.001 0.002 
 82    (0)    3 :  0.002 0.008 0.004 0.034 0.885 0.066 
 83    (0)    3 :  0.010 0.002 0.003 0.004 0.977 0.004 
 84    (0)    3 :  0.078 0.007 0.031 0.002 0.880 0.002 
 85    (0)    3 :  0.995 0.001 0.001 0.001 0.001 0.000 
 86    (0)    3 :  0.003 0.001 0.063 0.008 0.004 0.921 
 87    (0)    3 :  0.002 0.021 0.007 0.012 0.847 0.111 
 88    (0)    2 :  0.001 0.001 0.002 0.991 0.003 0.002 
 89    (0)    2 :  0.003 0.002 0.008 0.982 0.003 0.003 
 90    (0)    2 :  0.002 0.001 0.002 0.988 0.003 0.004 
 91    (0)    2 :  0.008 0.003 0.379 0.499 0.012 0.100 
 92    (0)    2 :  0.009 0.001 0.010 0.966 0.003 0.011 
 93    (0)    2 :  0.001 0.001 0.002 0.988 0.001 0.008 
 94    (0)    4 :  0.002 0.002 0.001 0.989 0.003 0.002 
 95    (0)    4 :  0.001 0.001 0.006 0.987 0.002 0.002 
 96    (2)    4 :  0.008 0.003 0.010 0.963 0.004 0.011 
 97    (0)    4 :  0.007 0.008 0.022 0.912 0.017 0.033 
 98    (1)    4 :  0.004 0.005 0.008 0.932 0.018 0.033 
 99    (0)    4 :  0.007 0.003 0.003 0.974 0.010 0.002 
100    (1)    4 :  0.005 0.002 0.018 0.965 0.005 0.005 
101    (0)    4 :  0.001 0.004 0.011 0.967 0.012 0.005 
102    (0)    4 :  0.002 0.001 0.002 0.992 0.002 0.001 
103    (0)    4 :  0.013 0.008 0.011 0.953 0.008 0.006 
104    (1)    4 :  0.024 0.002 0.007 0.960 0.006 0.003 
105    (1)    4 :  0.002 0.001 0.003 0.991 0.002 0.001 
106    (2)    4 :  0.004 0.010 0.004 0.966 0.009 0.007 
107    (1)    4 :  0.002 0.001 0.002 0.992 0.002 0.002 
108    (0)    4 :  0.005 0.004 0.009 0.969 0.002 0.012 
109    (1)    4 :  0.003 0.020 0.003 0.962 0.007 0.005 
110    (3)    4 :  0.003 0.001 0.002 0.989 0.002 0.003 
111    (0)    4 :  0.004 0.009 0.017 0.949 0.007 0.014 
112    (1)    4 :  0.002 0.002 0.007 0.974 0.008 0.007 
113    (1)    4 :  0.002 0.001 0.002 0.990 0.002 0.003 
114    (0)    4 :  0.002 0.001 0.001 0.993 0.001 0.002 
115    (1)    4 :  0.001 0.001 0.001 0.995 0.002 0.001 
116    (1)    4 :  0.013 0.005 0.012 0.920 0.028 0.021 
117    (0)    4 :  0.002 0.014 0.006 0.962 0.008 0.009 
118    (3)    4 :  0.002 0.004 0.001 0.987 0.003 0.003 
119    (2)    4 :  0.007 0.020 0.006 0.942 0.007 0.018 
120    (2)    4 :  0.007 0.002 0.011 0.971 0.003 0.006 
121    (0)    4 :  0.003 0.010 0.010 0.950 0.005 0.021 
122    (1)    4 :  0.008 0.002 0.002 0.983 0.003 0.002 
123    (0)    4 :  0.001 0.002 0.001 0.995 0.001 0.001 
124   (15)    4 :  0.019 0.003 0.003 0.956 0.014 0.005 
125    (1)    4 :  0.003 0.016 0.005 0.951 0.004 0.022 
126    (0)    4 :  0.019 0.004 0.004 0.957 0.004 0.012 
127    (2)    4 :  0.004 0.004 0.001 0.983 0.005 0.004 


Estimated Allele Frequencies in each cluster
First column gives estimated ancestral frequencies


Locus 1 : 
2 alleles
0.0% missing data
   3   (0.933) 0.991 0.998 0.975 0.909 0.982 0.877 
   2   (0.067) 0.009 0.002 0.025 0.091 0.018 0.123 

Locus 2 : 
2 alleles
0.0% missing data
   2   (0.343) 0.049 0.170 0.532 0.364 0.334 0.343 
   3   (0.657) 0.951 0.830 0.468 0.636 0.666 0.657 

Locus 3 : 
2 alleles
0.0% missing data
   2   (0.352) 0.220 0.253 0.518 0.337 0.305 0.318 
   4   (0.648) 0.780 0.747 0.482 0.663 0.695 0.682 

Locus 4 : 
2 alleles
0.0% missing data
   1   (0.691) 0.370 0.888 0.662 0.928 0.722 0.628 
   4   (0.309) 0.630 0.112 0.338 0.072 0.278 0.372 

Locus 5 : 
2 alleles
3.1% missing data
   2   (0.807) 0.973 0.952 0.738 0.740 0.920 0.744 
   1   (0.193) 0.027 0.048 0.262 0.260 0.080 0.256 

Locus 6 : 
2 alleles
2.4% missing data
   1   (0.215) 0.031 0.383 0.220 0.196 0.210 0.168 
   3   (0.785) 0.969 0.617 0.780 0.804 0.790 0.832 

Locus 7 : 
2 alleles
0.0% missing data
   2   (0.636) 0.948 0.456 0.740 0.412 0.560 0.692 
   3   (0.364) 0.052 0.544 0.260 0.588 0.440 0.308 

Locus 8 : 
2 alleles
2.4% missing data
   1   (0.248) 0.250 0.263 0.281 0.166 0.213 0.184 
   2   (0.752) 0.750 0.737 0.719 0.834 0.787 0.816 

Locus 9 : 
2 alleles
0.8% missing data
   4   (0.960) 0.995 0.999 0.988 0.822 0.989 0.983 
   1   (0.040) 0.005 0.001 0.012 0.178 0.011 0.017 

Locus 10 : 
2 alleles
0.0% missing data
   3   (0.721) 0.651 0.991 0.872 0.517 0.787 0.608 
   2   (0.279) 0.349 0.009 0.128 0.483 0.213 0.392 

Locus 11 : 
2 alleles
0.0% missing data
   2   (0.948) 0.993 0.998 0.984 0.772 0.986 0.959 
   1   (0.052) 0.007 0.002 0.016 0.228 0.014 0.041 

Locus 12 : 
2 alleles
0.0% missing data
   1   (0.486) 0.238 0.825 0.517 0.278 0.704 0.358 
   4   (0.514) 0.762 0.175 0.483 0.722 0.296 0.642 

Locus 13 : 
2 alleles
0.8% missing data
   2   (0.688) 0.794 0.801 0.679 0.586 0.711 0.752 
   4   (0.312) 0.206 0.199 0.321 0.414 0.289 0.248 

Locus 14 : 
2 alleles
0.0% missing data
   4   (0.693) 0.532 0.799 0.692 0.578 0.712 0.797 
   2   (0.307) 0.468 0.201 0.308 0.422 0.288 0.203 

Locus 15 : 
2 alleles
0.0% missing data
   4   (0.868) 0.982 0.995 0.947 0.883 0.910 0.737 
   2   (0.132) 0.018 0.005 0.053 0.117 0.090 0.263 

Locus 16 : 
2 alleles
0.0% missing data
   1   (0.412) 0.476 0.694 0.217 0.384 0.307 0.511 
   4   (0.588) 0.524 0.306 0.783 0.616 0.693 0.489 

Locus 17 : 
2 alleles
0.0% missing data
   4   (0.912) 0.880 0.997 0.974 0.936 0.886 0.961 
   3   (0.088) 0.120 0.003 0.026 0.064 0.114 0.039 

Locus 18 : 
2 alleles
0.0% missing data
   2   (0.785) 0.969 0.789 0.747 0.787 0.765 0.850 
   3   (0.215) 0.031 0.211 0.253 0.213 0.235 0.150 

Locus 19 : 
2 alleles
0.8% missing data
   4   (0.867) 0.982 0.985 0.952 0.818 0.902 0.823 
   2   (0.133) 0.018 0.015 0.048 0.182 0.098 0.177 

Locus 20 : 
2 alleles
0.0% missing data
   2   (0.657) 0.951 0.562 0.522 0.662 0.730 0.623 
   3   (0.343) 0.049 0.438 0.478 0.338 0.270 0.377 

Locus 21 : 
2 alleles
0.8% missing data
   2   (0.353) 0.258 0.208 0.459 0.452 0.247 0.346 
   3   (0.647) 0.742 0.792 0.541 0.548 0.753 0.654 

Locus 22 : 
2 alleles
0.0% missing data
   4   (0.800) 0.709 0.872 0.821 0.728 0.926 0.810 
   2   (0.200) 0.291 0.128 0.179 0.272 0.074 0.190 

Locus 23 : 
2 alleles
2.4% missing data
   1   (0.363) 0.478 0.570 0.442 0.400 0.224 0.324 
   4   (0.637) 0.522 0.430 0.558 0.600 0.776 0.676 

Locus 24 : 
2 alleles
0.0% missing data
   3   (0.761) 0.966 0.992 0.827 0.606 0.568 0.797 
   2   (0.239) 0.034 0.008 0.173 0.394 0.432 0.203 

Locus 25 : 
2 alleles
0.0% missing data
   3   (0.701) 0.956 0.487 0.766 0.714 0.696 0.687 
   2   (0.299) 0.044 0.513 0.234 0.286 0.304 0.313 

Locus 26 : 
2 alleles
0.8% missing data
   2   (0.565) 0.938 0.724 0.576 0.550 0.529 0.471 
   4   (0.435) 0.062 0.276 0.424 0.450 0.471 0.529 

Locus 27 : 
2 alleles
1.6% missing data
   1   (0.588) 0.187 0.751 0.739 0.626 0.549 0.631 
   4   (0.412) 0.813 0.249 0.261 0.374 0.451 0.369 

Locus 28 : 
2 alleles
3.9% missing data
   3   (0.538) 0.287 0.583 0.631 0.660 0.400 0.602 
   2   (0.462) 0.713 0.417 0.369 0.340 0.600 0.398 

Locus 29 : 
2 alleles
0.0% missing data
   4   (0.201) 0.347 0.438 0.064 0.356 0.151 0.122 
   1   (0.799) 0.653 0.562 0.936 0.644 0.849 0.878 

Locus 30 : 
2 alleles
0.0% missing data
   1   (0.417) 0.500 0.569 0.239 0.464 0.467 0.379 
   4   (0.583) 0.500 0.431 0.761 0.536 0.533 0.621 

Locus 31 : 
2 alleles
3.1% missing data
   2   (0.283) 0.043 0.499 0.126 0.301 0.360 0.282 
   4   (0.717) 0.957 0.501 0.874 0.699 0.640 0.718 

Locus 32 : 
2 alleles
0.0% missing data
   4   (0.530) 0.347 0.649 0.814 0.664 0.442 0.423 
   3   (0.470) 0.653 0.351 0.186 0.336 0.558 0.577 

Locus 33 : 
2 alleles
0.8% missing data
   2   (0.538) 0.446 0.567 0.674 0.615 0.452 0.543 
   3   (0.462) 0.554 0.433 0.326 0.385 0.548 0.457 

Locus 34 : 
2 alleles
0.0% missing data
   3   (0.496) 0.450 0.607 0.431 0.566 0.489 0.501 
   2   (0.504) 0.550 0.393 0.569 0.434 0.511 0.499 

Locus 35 : 
2 alleles
0.0% missing data
   4   (0.662) 0.688 0.989 0.567 0.796 0.550 0.627 
   1   (0.338) 0.312 0.011 0.433 0.204 0.450 0.373 

Locus 36 : 
2 alleles
0.0% missing data
   4   (0.649) 0.949 0.789 0.761 0.415 0.578 0.660 
   1   (0.351) 0.051 0.211 0.239 0.585 0.422 0.340 

Locus 37 : 
2 alleles
0.8% missing data
   2   (0.572) 0.733 0.815 0.643 0.447 0.493 0.597 
   3   (0.428) 0.267 0.185 0.357 0.553 0.507 0.403 

Locus 38 : 
2 alleles
0.8% missing data
   1   (0.918) 0.783 0.998 0.961 0.988 0.977 0.829 
   2   (0.082) 0.217 0.002 0.039 0.012 0.023 0.171 

Locus 39 : 
2 alleles
1.6% missing data
   2   (0.599) 0.510 0.963 0.636 0.339 0.608 0.625 
   4   (0.401) 0.490 0.037 0.364 0.661 0.392 0.375 

Locus 40 : 
2 alleles
0.0% missing data
   1   (0.400) 0.482 0.401 0.199 0.819 0.343 0.323 
   4   (0.600) 0.518 0.599 0.801 0.181 0.657 0.677 

Locus 41 : 
2 alleles
0.0% missing data
   2   (0.903) 0.986 0.933 0.967 0.621 0.971 0.921 
   1   (0.097) 0.014 0.067 0.033 0.379 0.029 0.079 

Locus 42 : 
2 alleles
0.0% missing data
   2   (0.550) 0.511 0.529 0.727 0.605 0.425 0.570 
   4   (0.450) 0.489 0.471 0.273 0.395 0.575 0.430 

Locus 43 : 
2 alleles
0.0% missing data
   2   (0.435) 0.445 0.368 0.425 0.684 0.243 0.482 
   4   (0.565) 0.555 0.632 0.575 0.316 0.757 0.518 

Locus 44 : 
3 alleles
1.6% missing data
   3   (0.849) 0.979 0.837 0.856 0.920 0.960 0.795 
   2   (0.117) 0.017 0.162 0.131 0.078 0.031 0.137 
   0   (0.034) 0.004 0.001 0.013 0.002 0.009 0.069 

Locus 45 : 
2 alleles
0.0% missing data
   1   (0.794) 0.968 0.984 0.852 0.792 0.771 0.742 
   2   (0.206) 0.032 0.016 0.148 0.208 0.229 0.258 

Locus 46 : 
2 alleles
0.0% missing data
   4   (0.881) 0.756 0.996 0.922 0.954 0.872 0.918 
   2   (0.119) 0.244 0.004 0.078 0.046 0.128 0.082 

Locus 47 : 
2 alleles
0.0% missing data
   2   (0.872) 0.713 0.957 0.789 0.949 0.946 0.931 
   1   (0.128) 0.287 0.043 0.211 0.051 0.054 0.069 

Locus 48 : 
2 alleles
1.6% missing data
   2   (0.560) 0.839 0.427 0.563 0.523 0.638 0.490 
   4   (0.440) 0.161 0.573 0.437 0.477 0.362 0.510 

Locus 49 : 
2 alleles
0.0% missing data
   1   (0.734) 0.800 0.915 0.679 0.649 0.771 0.801 
   2   (0.266) 0.200 0.085 0.321 0.351 0.229 0.199 

Locus 50 : 
2 alleles
0.0% missing data
   4   (0.727) 0.644 0.435 0.817 0.737 0.746 0.809 
   1   (0.273) 0.356 0.565 0.183 0.263 0.254 0.191 

Locus 51 : 
2 alleles
0.0% missing data
   3   (0.546) 0.554 0.567 0.292 0.670 0.416 0.708 
   2   (0.454) 0.446 0.433 0.708 0.330 0.584 0.292 

Locus 52 : 
2 alleles
0.8% missing data
   4   (0.912) 0.988 0.996 0.854 0.878 0.947 0.950 
   2   (0.088) 0.012 0.004 0.146 0.122 0.053 0.050 

Locus 53 : 
2 alleles
0.0% missing data
   4   (0.929) 0.733 0.998 0.979 0.623 0.980 0.968 
   2   (0.071) 0.267 0.002 0.021 0.377 0.020 0.032 

Locus 54 : 
2 alleles
3.1% missing data
   3   (0.579) 0.659 0.838 0.324 0.710 0.638 0.569 
   4   (0.421) 0.341 0.162 0.676 0.290 0.362 0.431 

Locus 55 : 
2 alleles
0.0% missing data
   2   (0.605) 0.782 0.593 0.558 0.778 0.604 0.556 
   1   (0.395) 0.218 0.407 0.442 0.222 0.396 0.444 

Locus 56 : 
3 alleles
2.4% missing data
   1   (0.805) 0.607 0.994 0.924 0.729 0.811 0.801 
   0   (0.075) 0.118 0.002 0.038 0.021 0.020 0.145 
   4   (0.120) 0.275 0.004 0.038 0.250 0.169 0.055 

Locus 57 : 
2 alleles
0.0% missing data
   4   (0.887) 0.984 0.996 0.966 0.645 0.925 0.857 
   1   (0.113) 0.016 0.004 0.034 0.355 0.075 0.143 

Locus 58 : 
2 alleles
0.0% missing data
   4   (0.873) 0.982 0.987 0.716 0.972 0.895 0.886 
   2   (0.127) 0.018 0.013 0.284 0.028 0.105 0.114 

Locus 59 : 
2 alleles
0.0% missing data
   3   (0.858) 0.981 0.890 0.807 0.953 0.926 0.849 
   2   (0.142) 0.019 0.110 0.193 0.047 0.074 0.151 

Locus 60 : 
2 alleles
0.0% missing data
   4   (0.762) 0.763 0.992 0.789 0.679 0.683 0.818 
   2   (0.238) 0.237 0.008 0.211 0.321 0.317 0.182 

Locus 61 : 
2 alleles
0.0% missing data
   4   (0.865) 0.820 0.996 0.898 0.775 0.907 0.912 
   2   (0.135) 0.180 0.004 0.102 0.225 0.093 0.088 

Locus 62 : 
2 alleles
0.0% missing data
   2   (0.746) 0.964 0.914 0.894 0.466 0.810 0.615 
   1   (0.254) 0.036 0.086 0.106 0.534 0.190 0.385 

Locus 63 : 
2 alleles
0.0% missing data
   2   (0.407) 0.711 0.643 0.415 0.216 0.464 0.322 
   1   (0.593) 0.289 0.357 0.585 0.784 0.536 0.678 

Locus 64 : 
2 alleles
0.0% missing data
   4   (0.813) 0.760 0.993 0.854 0.844 0.882 0.752 
   2   (0.187) 0.240 0.007 0.146 0.156 0.118 0.248 

Locus 65 : 
2 alleles
0.8% missing data
   1   (0.885) 0.982 0.996 0.915 0.740 0.870 0.929 
   4   (0.115) 0.018 0.004 0.085 0.260 0.130 0.071 

Locus 66 : 
3 alleles
1.6% missing data
   3   (0.596) 0.519 0.662 0.419 0.692 0.723 0.611 
   2   (0.371) 0.477 0.337 0.572 0.263 0.268 0.375 
   0   (0.032) 0.004 0.001 0.009 0.044 0.009 0.014 

Locus 67 : 
2 alleles
0.0% missing data
   1   (0.133) 0.234 0.030 0.094 0.037 0.077 0.127 
   3   (0.867) 0.766 0.970 0.906 0.963 0.923 0.873 

Locus 68 : 
2 alleles
0.0% missing data
   2   (0.541) 0.180 0.739 0.702 0.328 0.441 0.677 
   3   (0.459) 0.820 0.261 0.298 0.672 0.559 0.323 

Locus 69 : 
2 alleles
0.0% missing data
   4   (0.800) 0.700 0.994 0.796 0.504 0.789 0.897 
   2   (0.200) 0.300 0.006 0.204 0.496 0.211 0.103 

Locus 70 : 
3 alleles
0.0% missing data
   1   (0.319) 0.800 0.702 0.226 0.027 0.519 0.242 
   3   (0.644) 0.196 0.145 0.764 0.971 0.467 0.742 
   0   (0.037) 0.005 0.153 0.011 0.002 0.015 0.016 

Locus 71 : 
2 alleles
3.1% missing data
   2   (0.546) 0.505 0.213 0.634 0.747 0.582 0.490 
   4   (0.454) 0.495 0.787 0.366 0.253 0.418 0.510 

Locus 72 : 
2 alleles
1.6% missing data
   3   (0.551) 0.336 0.714 0.742 0.705 0.406 0.540 
   1   (0.449) 0.664 0.286 0.258 0.295 0.594 0.460 

Locus 73 : 
2 alleles
0.0% missing data
   1   (0.322) 0.476 0.539 0.253 0.354 0.257 0.256 
   2   (0.678) 0.524 0.461 0.747 0.646 0.743 0.744 

Locus 74 : 
2 alleles
1.6% missing data
   2   (0.814) 0.974 0.984 0.799 0.939 0.781 0.762 
   3   (0.186) 0.026 0.016 0.201 0.061 0.219 0.238 

Locus 75 : 
2 alleles
0.0% missing data
   3   (0.511) 0.170 0.792 0.432 0.665 0.338 0.636 
   1   (0.489) 0.830 0.208 0.568 0.335 0.662 0.364 

Locus 76 : 
2 alleles
0.0% missing data
   2   (0.436) 0.643 0.927 0.217 0.182 0.463 0.464 
   1   (0.564) 0.357 0.073 0.783 0.818 0.537 0.536 

Locus 77 : 
2 alleles
0.0% missing data
   4   (0.305) 0.309 0.483 0.431 0.102 0.311 0.246 
   1   (0.695) 0.691 0.517 0.569 0.898 0.689 0.754 

Locus 78 : 
2 alleles
0.0% missing data
   3   (0.720) 0.527 0.990 0.821 0.825 0.612 0.690 
   2   (0.280) 0.473 0.010 0.179 0.175 0.388 0.310 

Locus 79 : 
2 alleles
0.0% missing data
   2   (0.580) 0.840 0.721 0.652 0.521 0.476 0.605 
   3   (0.420) 0.160 0.279 0.348 0.479 0.524 0.395 

Locus 80 : 
2 alleles
0.0% missing data
   4   (0.830) 0.704 0.873 0.927 0.784 0.799 0.921 
   2   (0.170) 0.296 0.127 0.073 0.216 0.201 0.079 

Locus 81 : 
2 alleles
0.0% missing data
   3   (0.469) 0.066 0.337 0.328 0.583 0.602 0.517 
   2   (0.531) 0.934 0.663 0.672 0.417 0.398 0.483 

Locus 82 : 
2 alleles
0.0% missing data
   2   (0.734) 0.748 0.723 0.900 0.684 0.784 0.716 
   3   (0.266) 0.252 0.277 0.100 0.316 0.216 0.284 

Locus 83 : 
2 alleles
0.0% missing data
   3   (0.708) 0.957 0.883 0.795 0.469 0.765 0.653 
   2   (0.292) 0.043 0.117 0.205 0.531 0.235 0.347 

Locus 84 : 
2 alleles
0.0% missing data
   3   (0.536) 0.287 0.436 0.704 0.407 0.581 0.556 
   2   (0.464) 0.713 0.564 0.296 0.593 0.419 0.444 

Locus 85 : 
2 alleles
0.0% missing data
   3   (0.757) 0.642 0.873 0.899 0.815 0.721 0.784 
   4   (0.243) 0.358 0.127 0.101 0.185 0.279 0.216 

Locus 86 : 
2 alleles
0.0% missing data
   3   (0.530) 0.078 0.443 0.382 0.851 0.559 0.588 
   2   (0.470) 0.922 0.557 0.618 0.149 0.441 0.412 

Locus 87 : 
3 alleles
4.7% missing data
   1   (0.540) 0.505 0.713 0.459 0.430 0.638 0.552 
   4   (0.426) 0.489 0.286 0.529 0.563 0.353 0.391 
   0   (0.034) 0.006 0.001 0.012 0.006 0.009 0.058 

Locus 88 : 
2 alleles
1.6% missing data
   3   (0.802) 0.972 0.993 0.752 0.670 0.797 0.811 
   1   (0.198) 0.028 0.007 0.248 0.330 0.203 0.189 

Locus 89 : 
2 alleles
0.0% missing data
   1   (0.568) 0.507 0.894 0.745 0.422 0.505 0.546 
   4   (0.432) 0.493 0.106 0.255 0.578 0.495 0.454 

Locus 90 : 
2 alleles
0.8% missing data
   3   (0.737) 0.528 0.761 0.737 0.599 0.828 0.828 
   2   (0.263) 0.472 0.239 0.263 0.401 0.172 0.172 

Locus 91 : 
2 alleles
0.0% missing data
   2   (0.685) 0.742 0.689 0.503 0.721 0.799 0.710 
   4   (0.315) 0.258 0.311 0.497 0.279 0.201 0.290 

Locus 92 : 
2 alleles
0.0% missing data
   2   (0.800) 0.752 0.958 0.933 0.736 0.702 0.868 
   4   (0.200) 0.248 0.042 0.067 0.264 0.298 0.132 

Locus 93 : 
2 alleles
0.0% missing data
   4   (0.905) 0.986 0.997 0.914 0.877 0.974 0.844 
   1   (0.095) 0.014 0.003 0.086 0.123 0.026 0.156 

Locus 94 : 
2 alleles
0.0% missing data
   3   (0.778) 0.966 0.749 0.761 0.874 0.778 0.795 
   1   (0.222) 0.034 0.251 0.239 0.126 0.222 0.205 

Locus 95 : 
2 alleles
0.0% missing data
   1   (0.059) 0.008 0.068 0.023 0.003 0.015 0.106 
   3   (0.941) 0.992 0.932 0.977 0.997 0.985 0.894 

Locus 96 : 
2 alleles
0.0% missing data
   3   (0.550) 0.511 0.802 0.348 0.484 0.742 0.484 
   2   (0.450) 0.489 0.198 0.652 0.516 0.258 0.516 

Locus 97 : 
2 alleles
0.0% missing data
   2   (0.729) 0.756 0.992 0.674 0.636 0.759 0.704 
   1   (0.271) 0.244 0.008 0.326 0.364 0.241 0.296 

Locus 98 : 
2 alleles
0.0% missing data
   4   (0.771) 0.967 0.993 0.478 0.612 0.809 0.795 
   2   (0.229) 0.033 0.007 0.522 0.388 0.191 0.205 

Locus 99 : 
2 alleles
0.8% missing data
   4   (0.844) 0.765 0.995 0.942 0.617 0.840 0.888 
   1   (0.156) 0.235 0.005 0.058 0.383 0.160 0.112 

Locus 100 : 
2 alleles
0.8% missing data
   3   (0.418) 0.655 0.209 0.491 0.512 0.455 0.296 
   2   (0.582) 0.345 0.791 0.509 0.488 0.545 0.704 

Locus 101 : 
3 alleles
0.0% missing data
   4   (0.453) 0.496 0.436 0.513 0.086 0.739 0.368 
   2   (0.468) 0.494 0.540 0.422 0.909 0.200 0.494 
   0   (0.079) 0.010 0.023 0.065 0.005 0.061 0.138 

Locus 102 : 
2 alleles
2.4% missing data
   2   (0.785) 0.699 0.900 0.923 0.893 0.653 0.841 
   4   (0.215) 0.301 0.100 0.077 0.107 0.347 0.159 

Locus 103 : 
3 alleles
0.0% missing data
   4   (0.112) 0.016 0.527 0.066 0.026 0.049 0.152 
   2   (0.813) 0.973 0.471 0.822 0.969 0.710 0.806 
   0   (0.075) 0.011 0.002 0.112 0.004 0.242 0.043 

Locus 104 : 
2 alleles
0.0% missing data
   3   (0.299) 0.151 0.564 0.375 0.179 0.338 0.204 
   2   (0.701) 0.849 0.436 0.625 0.821 0.662 0.796 

Locus 105 : 
2 alleles
0.0% missing data
   4   (0.492) 0.499 0.413 0.448 0.417 0.522 0.522 
   1   (0.508) 0.501 0.587 0.552 0.583 0.478 0.478 

Locus 106 : 
2 alleles
0.0% missing data
   1   (0.150) 0.021 0.176 0.193 0.180 0.139 0.069 
   2   (0.850) 0.979 0.824 0.807 0.820 0.861 0.931 

Locus 107 : 
2 alleles
0.0% missing data
   1   (0.582) 0.396 0.793 0.413 0.480 0.728 0.604 
   4   (0.418) 0.604 0.207 0.587 0.520 0.272 0.396 

Locus 108 : 
2 alleles
0.0% missing data
   2   (0.761) 0.695 0.928 0.755 0.825 0.714 0.849 
   4   (0.239) 0.305 0.072 0.245 0.175 0.286 0.151 

Locus 109 : 
2 alleles
0.0% missing data
   3   (0.793) 0.812 0.967 0.894 0.792 0.799 0.807 
   2   (0.207) 0.188 0.033 0.106 0.208 0.201 0.193 

Locus 110 : 
2 alleles
0.0% missing data
   2   (0.925) 0.988 0.998 0.852 0.917 0.953 0.966 
   1   (0.075) 0.012 0.002 0.148 0.083 0.047 0.034 

Locus 111 : 
2 alleles
0.0% missing data
   1   (0.847) 0.979 0.994 0.942 0.730 0.813 0.820 
   2   (0.153) 0.021 0.006 0.058 0.270 0.187 0.180 

Locus 112 : 
2 alleles
7.1% missing data
   3   (0.832) 0.756 0.994 0.789 0.876 0.854 0.867 
   2   (0.168) 0.244 0.006 0.211 0.124 0.146 0.133 

Locus 113 : 
2 alleles
0.0% missing data
   2   (0.674) 0.953 0.743 0.513 0.868 0.547 0.696 
   3   (0.326) 0.047 0.257 0.487 0.132 0.453 0.304 

Locus 114 : 
2 alleles
0.0% missing data
   4   (0.701) 0.957 0.805 0.633 0.706 0.772 0.642 
   2   (0.299) 0.043 0.195 0.367 0.294 0.228 0.358 

Locus 115 : 
2 alleles
0.0% missing data
   3   (0.460) 0.655 0.343 0.443 0.540 0.439 0.408 
   2   (0.540) 0.345 0.657 0.557 0.460 0.561 0.592 

Locus 116 : 
2 alleles
0.0% missing data
   4   (0.451) 0.489 0.691 0.261 0.579 0.437 0.430 
   3   (0.549) 0.511 0.309 0.739 0.421 0.563 0.570 

Locus 117 : 
2 alleles
0.0% missing data
   2   (0.884) 0.984 0.995 0.919 0.897 0.918 0.818 
   3   (0.116) 0.016 0.005 0.081 0.103 0.082 0.182 

Locus 118 : 
2 alleles
0.0% missing data
   2   (0.904) 0.987 0.997 0.949 0.914 0.967 0.783 
   1   (0.096) 0.013 0.003 0.051 0.086 0.033 0.217 

Locus 119 : 
3 alleles
0.0% missing data
   2   (0.909) 0.573 0.971 0.974 0.915 0.976 0.960 
   0   (0.030) 0.004 0.027 0.009 0.002 0.008 0.013 
   3   (0.061) 0.423 0.002 0.018 0.083 0.016 0.026 

Locus 120 : 
2 alleles
0.0% missing data
   1   (0.932) 0.989 0.997 0.977 0.958 0.900 0.961 
   2   (0.068) 0.011 0.003 0.023 0.042 0.100 0.039 

Locus 121 : 
2 alleles
0.0% missing data
   3   (0.735) 0.854 0.656 0.787 0.826 0.642 0.814 
   4   (0.265) 0.146 0.344 0.213 0.174 0.358 0.186 

Locus 122 : 
2 alleles
0.0% missing data
   1   (0.964) 0.995 0.898 0.989 0.998 0.984 0.985 
   0   (0.036) 0.005 0.102 0.011 0.002 0.016 0.015 

Locus 123 : 
3 alleles
1.6% missing data
   2   (0.721) 0.850 0.918 0.816 0.335 0.701 0.832 
   3   (0.246) 0.145 0.028 0.175 0.663 0.290 0.153 
   0   (0.033) 0.005 0.054 0.010 0.002 0.009 0.014 

Locus 124 : 
2 alleles
0.8% missing data
   1   (0.827) 0.976 0.994 0.918 0.752 0.816 0.727 
   3   (0.173) 0.024 0.006 0.082 0.248 0.184 0.273 

Locus 125 : 
2 alleles
0.0% missing data
   1   (0.908) 0.545 0.997 0.707 0.989 0.947 0.955 
   2   (0.092) 0.455 0.003 0.293 0.011 0.053 0.045 

Locus 126 : 
2 alleles
0.0% missing data
   4   (0.238) 0.301 0.243 0.303 0.315 0.093 0.212 
   2   (0.762) 0.699 0.757 0.697 0.685 0.907 0.788 

Locus 127 : 
2 alleles
0.0% missing data
   3   (0.670) 0.523 0.989 0.655 0.388 0.768 0.626 
   2   (0.330) 0.477 0.011 0.345 0.612 0.232 0.374 

Locus 128 : 
2 alleles
0.8% missing data
   3   (0.782) 0.658 0.797 0.632 0.949 0.904 0.748 
   2   (0.218) 0.342 0.203 0.368 0.051 0.096 0.252 

Locus 129 : 
2 alleles
0.8% missing data
   1   (0.754) 0.760 0.978 0.586 0.927 0.794 0.715 
   3   (0.246) 0.240 0.022 0.414 0.073 0.206 0.285 

Locus 130 : 
2 alleles
0.0% missing data
   3   (0.887) 0.983 0.996 0.953 0.933 0.857 0.848 
   2   (0.113) 0.017 0.004 0.047 0.067 0.143 0.152 

Locus 131 : 
2 alleles
0.0% missing data
   4   (0.643) 0.582 0.330 0.488 0.895 0.750 0.613 
   1   (0.357) 0.418 0.670 0.512 0.105 0.250 0.387 

Locus 132 : 
2 alleles
0.0% missing data
   2   (0.795) 0.822 0.993 0.706 0.904 0.839 0.753 
   4   (0.205) 0.178 0.007 0.294 0.096 0.161 0.247 

Locus 133 : 
2 alleles
0.0% missing data
   3   (0.477) 0.067 0.844 0.459 0.522 0.508 0.486 
   2   (0.523) 0.933 0.156 0.541 0.478 0.492 0.514 

Locus 134 : 
2 alleles
0.8% missing data
   3   (0.781) 0.969 0.909 0.926 0.661 0.724 0.769 
   2   (0.219) 0.031 0.091 0.074 0.339 0.276 0.231 

Locus 135 : 
2 alleles
0.0% missing data
   3   (0.618) 0.513 0.899 0.494 0.601 0.677 0.638 
   2   (0.382) 0.487 0.101 0.506 0.399 0.323 0.362 

Locus 136 : 
2 alleles
0.0% missing data
   4   (0.886) 0.983 0.996 0.914 0.557 0.955 0.880 
   2   (0.114) 0.017 0.004 0.086 0.443 0.045 0.120 

Locus 137 : 
2 alleles
0.0% missing data
   2   (0.926) 0.990 0.997 0.961 0.989 0.932 0.893 
   3   (0.074) 0.010 0.003 0.039 0.011 0.068 0.107 

Locus 138 : 
2 alleles
0.8% missing data
   1   (0.685) 0.691 0.489 0.818 0.811 0.599 0.740 
   3   (0.315) 0.309 0.511 0.182 0.189 0.401 0.260 

Locus 139 : 
2 alleles
0.8% missing data
   2   (0.623) 0.457 0.406 0.477 0.524 0.839 0.625 
   3   (0.377) 0.543 0.594 0.523 0.476 0.161 0.375 

Locus 140 : 
2 alleles
0.0% missing data
   4   (0.721) 0.638 0.911 0.864 0.824 0.561 0.776 
   3   (0.279) 0.362 0.089 0.136 0.176 0.439 0.224 

Locus 141 : 
2 alleles
0.0% missing data
   1   (0.700) 0.694 0.769 0.628 0.618 0.837 0.723 
   4   (0.300) 0.306 0.231 0.372 0.382 0.163 0.277 

Locus 142 : 
2 alleles
0.0% missing data
   3   (0.643) 0.360 0.596 0.681 0.873 0.574 0.678 
   2   (0.357) 0.640 0.404 0.319 0.127 0.426 0.322 

Locus 143 : 
2 alleles
0.0% missing data
   2   (0.933) 0.991 0.997 0.921 0.966 0.979 0.931 
   3   (0.067) 0.009 0.003 0.079 0.034 0.021 0.069 

Locus 144 : 
3 alleles
0.8% missing data
   4   (0.605) 0.720 0.944 0.577 0.461 0.573 0.644 
   1   (0.367) 0.276 0.029 0.414 0.537 0.419 0.344 
   0   (0.028) 0.004 0.027 0.008 0.002 0.007 0.012 

Locus 145 : 
2 alleles
0.0% missing data
   1   (0.174) 0.024 0.277 0.305 0.047 0.134 0.153 
   3   (0.826) 0.976 0.723 0.695 0.953 0.866 0.847 

Locus 146 : 
2 alleles
0.0% missing data
   4   (0.912) 0.988 0.997 0.959 0.875 0.933 0.917 
   1   (0.088) 0.012 0.003 0.041 0.125 0.067 0.083 

Locus 147 : 
2 alleles
0.8% missing data
   1   (0.384) 0.540 0.403 0.284 0.184 0.355 0.458 
   4   (0.616) 0.460 0.597 0.716 0.816 0.645 0.542 

Locus 148 : 
2 alleles
0.0% missing data
   3   (0.719) 0.323 0.604 0.665 0.984 0.730 0.663 
   1   (0.281) 0.677 0.396 0.335 0.016 0.270 0.337 

Locus 149 : 
3 alleles
1.6% missing data
   2   (0.499) 0.179 0.590 0.650 0.439 0.522 0.532 
   3   (0.451) 0.814 0.407 0.335 0.537 0.450 0.411 
   0   (0.050) 0.007 0.002 0.015 0.023 0.028 0.057 

Locus 150 : 
2 alleles
0.0% missing data
   1   (0.704) 0.957 0.903 0.756 0.805 0.631 0.627 
   4   (0.296) 0.043 0.097 0.244 0.195 0.369 0.373 

Locus 151 : 
2 alleles
0.0% missing data
   3   (0.733) 0.962 0.405 0.888 0.889 0.668 0.645 
   2   (0.267) 0.038 0.595 0.112 0.111 0.332 0.355 

Locus 152 : 
2 alleles
0.0% missing data
   4   (0.928) 0.831 0.997 0.851 0.995 0.965 0.941 
   2   (0.072) 0.169 0.003 0.149 0.005 0.035 0.059 

Locus 153 : 
2 alleles
0.0% missing data
   1   (0.658) 0.667 0.682 0.754 0.495 0.589 0.770 
   4   (0.342) 0.333 0.318 0.246 0.505 0.411 0.230 

Locus 154 : 
2 alleles
0.8% missing data
   1   (0.542) 0.511 0.894 0.652 0.103 0.589 0.605 
   3   (0.458) 0.489 0.106 0.348 0.897 0.411 0.395 

Locus 155 : 
2 alleles
0.0% missing data
   3   (0.550) 0.777 0.851 0.731 0.638 0.461 0.412 
   4   (0.450) 0.223 0.149 0.269 0.362 0.539 0.588 

Locus 156 : 
2 alleles
0.8% missing data
   1   (0.801) 0.971 0.974 0.883 0.206 0.860 0.848 
   2   (0.199) 0.029 0.026 0.117 0.794 0.140 0.152 

Locus 157 : 
2 alleles
0.0% missing data
   4   (0.579) 0.662 0.752 0.698 0.559 0.498 0.583 
   2   (0.421) 0.338 0.248 0.302 0.441 0.502 0.417 

Locus 158 : 
2 alleles
0.8% missing data
   1   (0.691) 0.795 0.757 0.719 0.901 0.716 0.594 
   2   (0.309) 0.205 0.243 0.281 0.099 0.284 0.406 

Locus 159 : 
3 alleles
0.8% missing data
   2   (0.826) 0.976 0.862 0.866 0.512 0.901 0.833 
   0   (0.071) 0.010 0.135 0.101 0.004 0.033 0.063 
   3   (0.102) 0.014 0.003 0.033 0.484 0.066 0.104 

Locus 160 : 
3 alleles
0.0% missing data
   1   (0.450) 0.489 0.468 0.364 0.181 0.530 0.532 
   3   (0.515) 0.505 0.531 0.626 0.817 0.417 0.453 
   0   (0.034) 0.006 0.001 0.010 0.002 0.054 0.015 

Locus 161 : 
2 alleles
0.8% missing data
   1   (0.515) 0.179 0.512 0.573 0.538 0.520 0.556 
   4   (0.485) 0.821 0.488 0.427 0.462 0.480 0.444 

Locus 162 : 
3 alleles
3.1% missing data
   1   (0.905) 0.987 0.997 0.955 0.938 0.975 0.834 
   0   (0.065) 0.009 0.002 0.036 0.039 0.017 0.153 
   2   (0.030) 0.004 0.001 0.009 0.024 0.008 0.013 

Locus 163 : 
2 alleles
0.0% missing data
   2   (0.874) 0.982 0.852 0.946 0.653 0.935 0.907 
   3   (0.126) 0.018 0.148 0.054 0.347 0.065 0.093 

Locus 164 : 
3 alleles
0.8% missing data
   4   (0.864) 0.981 0.811 0.950 0.853 0.956 0.867 
   1   (0.106) 0.014 0.188 0.040 0.126 0.036 0.120 
   0   (0.031) 0.004 0.001 0.010 0.021 0.008 0.013 

Locus 165 : 
2 alleles
0.0% missing data
   4   (0.800) 0.867 0.830 0.927 0.678 0.824 0.840 
   1   (0.200) 0.133 0.170 0.073 0.322 0.176 0.160 

Locus 166 : 
2 alleles
0.8% missing data
   2   (0.872) 0.982 0.985 0.956 0.495 0.863 0.924 
   3   (0.128) 0.018 0.015 0.044 0.505 0.137 0.076 

Locus 167 : 
2 alleles
0.0% missing data
   2   (0.645) 0.638 0.760 0.681 0.236 0.765 0.724 
   3   (0.355) 0.362 0.240 0.319 0.764 0.235 0.276 

Locus 168 : 
2 alleles
0.0% missing data
   3   (0.735) 0.742 0.909 0.598 0.786 0.820 0.748 
   2   (0.265) 0.258 0.091 0.402 0.214 0.180 0.252 

Locus 169 : 
3 alleles
2.4% missing data
   4   (0.403) 0.161 0.558 0.300 0.148 0.488 0.530 
   3   (0.547) 0.833 0.387 0.685 0.849 0.462 0.443 
   0   (0.050) 0.007 0.055 0.015 0.003 0.050 0.028 

Locus 170 : 
2 alleles
0.0% missing data
   1   (0.741) 0.530 0.547 0.780 0.691 0.905 0.731 
   3   (0.259) 0.470 0.453 0.220 0.309 0.095 0.269 

Locus 171 : 
3 alleles
3.1% missing data
   2   (0.823) 0.974 0.957 0.836 0.652 0.924 0.851 
   3   (0.146) 0.022 0.042 0.155 0.303 0.068 0.134 
   0   (0.032) 0.004 0.001 0.009 0.045 0.008 0.015 

Locus 172 : 
2 alleles
0.0% missing data
   4   (0.717) 0.960 0.610 0.778 0.725 0.693 0.724 
   1   (0.283) 0.040 0.390 0.222 0.275 0.307 0.276 

Locus 173 : 
2 alleles
0.0% missing data
   2   (0.764) 0.541 0.534 0.906 0.776 0.809 0.813 
   3   (0.236) 0.459 0.466 0.094 0.224 0.191 0.187 

Locus 174 : 
2 alleles
0.0% missing data
   4   (0.727) 0.848 0.813 0.881 0.698 0.737 0.710 
   1   (0.273) 0.152 0.187 0.119 0.302 0.263 0.290 

Locus 175 : 
2 alleles
0.0% missing data
   2   (0.727) 0.860 0.766 0.649 0.625 0.805 0.784 
   4   (0.273) 0.140 0.234 0.351 0.375 0.195 0.216 

Locus 176 : 
2 alleles
0.8% missing data
   4   (0.944) 0.992 0.998 0.944 0.995 0.934 0.959 
   1   (0.056) 0.008 0.002 0.056 0.005 0.066 0.041 

Locus 177 : 
2 alleles
0.0% missing data
   3   (0.504) 0.661 0.537 0.512 0.692 0.345 0.527 
   2   (0.496) 0.339 0.463 0.488 0.308 0.655 0.473 

Locus 178 : 
3 alleles
2.4% missing data
   3   (0.613) 0.623 0.651 0.617 0.828 0.531 0.651 
   2   (0.359) 0.275 0.349 0.374 0.170 0.461 0.336 
   0   (0.028) 0.102 0.001 0.008 0.002 0.008 0.012 

Locus 179 : 
2 alleles
0.0% missing data
   3   (0.898) 0.986 0.968 0.955 0.839 0.963 0.888 
   2   (0.102) 0.014 0.032 0.045 0.161 0.037 0.112 

Locus 180 : 
3 alleles
1.6% missing data
   3   (0.517) 0.670 0.799 0.503 0.176 0.738 0.409 
   2   (0.432) 0.323 0.199 0.481 0.821 0.203 0.510 
   0   (0.051) 0.007 0.002 0.015 0.003 0.058 0.081 

Locus 181 : 
2 alleles
0.0% missing data
   2   (0.725) 0.961 0.746 0.771 0.554 0.730 0.757 
   1   (0.275) 0.039 0.254 0.229 0.446 0.270 0.243 

Locus 182 : 
2 alleles
1.6% missing data
   4   (0.778) 0.860 0.535 0.816 0.916 0.872 0.727 
   2   (0.222) 0.140 0.465 0.184 0.084 0.128 0.273 

Locus 183 : 
2 alleles
0.0% missing data
   4   (0.888) 0.981 0.905 0.854 0.976 0.868 0.950 
   2   (0.112) 0.019 0.095 0.146 0.024 0.132 0.050 

Locus 184 : 
2 alleles
0.0% missing data
   2   (0.890) 0.777 0.971 0.962 0.966 0.967 0.846 
   3   (0.110) 0.223 0.029 0.038 0.034 0.033 0.154 

Locus 185 : 
2 alleles
0.0% missing data
   2   (0.786) 0.536 0.810 0.665 0.728 0.888 0.885 
   3   (0.214) 0.464 0.190 0.335 0.272 0.112 0.115 

Locus 186 : 
2 alleles
0.0% missing data
   2   (0.914) 0.989 0.638 0.828 0.995 0.978 0.883 
   3   (0.086) 0.011 0.362 0.172 0.005 0.022 0.117 

Locus 187 : 
2 alleles
0.0% missing data
   3   (0.905) 0.770 0.958 0.963 0.970 0.937 0.953 
   2   (0.095) 0.230 0.042 0.037 0.030 0.063 0.047 

Locus 188 : 
2 alleles
2.4% missing data
   2   (0.742) 0.964 0.743 0.798 0.566 0.881 0.611 
   3   (0.258) 0.036 0.257 0.202 0.434 0.119 0.389 

Locus 189 : 
3 alleles
3.1% missing data
   3   (0.649) 0.740 0.498 0.881 0.591 0.667 0.626 
   1   (0.295) 0.253 0.500 0.102 0.362 0.315 0.296 
   0   (0.056) 0.008 0.002 0.016 0.047 0.019 0.078 

Locus 190 : 
2 alleles
0.0% missing data
   1   (0.882) 0.983 0.996 0.949 0.954 0.795 0.870 
   5   (0.118) 0.017 0.004 0.051 0.046 0.205 0.130 

Locus 191 : 
2 alleles
0.0% missing data
   1   (0.794) 0.822 0.678 0.629 0.989 0.847 0.746 
   5   (0.206) 0.178 0.322 0.371 0.011 0.153 0.254 

Locus 192 : 
2 alleles
0.0% missing data
   2   (0.587) 0.249 0.792 0.521 0.511 0.589 0.699 
   1   (0.413) 0.751 0.208 0.479 0.489 0.411 0.301 

Locus 193 : 
2 alleles
2.4% missing data
   1   (0.936) 0.991 0.998 0.977 0.903 0.979 0.917 
   4   (0.064) 0.009 0.002 0.023 0.097 0.021 0.083 

Locus 194 : 
2 alleles
0.0% missing data
   3   (0.772) 0.967 0.992 0.850 0.682 0.778 0.639 
   2   (0.228) 0.033 0.008 0.150 0.318 0.222 0.361 

Locus 195 : 
2 alleles
6.3% missing data
   4   (0.579) 0.682 0.986 0.620 0.471 0.469 0.520 
   1   (0.421) 0.318 0.014 0.380 0.529 0.531 0.480 

Locus 196 : 
2 alleles
0.8% missing data
   3   (0.890) 0.985 0.768 0.955 0.976 0.856 0.919 
   2   (0.110) 0.015 0.232 0.045 0.024 0.144 0.081 

Locus 197 : 
2 alleles
0.8% missing data
   3   (0.669) 0.788 0.751 0.563 0.767 0.675 0.710 
   4   (0.331) 0.212 0.249 0.437 0.233 0.325 0.290 

Locus 198 : 
2 alleles
0.0% missing data
   1   (0.965) 0.995 0.999 0.990 0.897 0.991 0.985 
   2   (0.035) 0.005 0.001 0.010 0.103 0.009 0.015 

Locus 199 : 
2 alleles
0.0% missing data
   2   (0.841) 0.978 0.995 0.912 0.556 0.880 0.804 
   3   (0.159) 0.022 0.005 0.088 0.444 0.120 0.196 

Locus 200 : 
2 alleles
0.0% missing data
   2   (0.519) 0.445 0.605 0.592 0.494 0.495 0.518 
   4   (0.481) 0.555 0.395 0.408 0.506 0.505 0.482 

Locus 201 : 
2 alleles
0.8% missing data
   2   (0.713) 0.959 0.990 0.695 0.338 0.590 0.774 
   1   (0.287) 0.041 0.010 0.305 0.662 0.410 0.226 

Locus 202 : 
2 alleles
0.0% missing data
   1   (0.901) 0.824 0.746 0.966 0.995 0.931 0.913 
   3   (0.099) 0.176 0.254 0.034 0.005 0.069 0.087 

Locus 203 : 
2 alleles
0.8% missing data
   2   (0.718) 0.584 0.991 0.607 0.765 0.643 0.767 
   1   (0.282) 0.416 0.009 0.393 0.235 0.357 0.233 

Locus 204 : 
2 alleles
0.0% missing data
   2   (0.842) 0.979 0.994 0.638 0.820 0.850 0.874 
   5   (0.158) 0.021 0.006 0.362 0.180 0.150 0.126 

Locus 205 : 
2 alleles
0.0% missing data
   3   (0.678) 0.640 0.652 0.839 0.883 0.708 0.545 
   1   (0.322) 0.360 0.348 0.161 0.117 0.292 0.455 

Locus 206 : 
2 alleles
0.0% missing data
   4   (0.577) 0.891 0.320 0.314 0.602 0.752 0.517 
   1   (0.423) 0.109 0.680 0.686 0.398 0.248 0.483 

Locus 207 : 
2 alleles
0.8% missing data
   3   (0.806) 0.652 0.994 0.800 0.881 0.800 0.824 
   2   (0.194) 0.348 0.006 0.200 0.119 0.200 0.176 

Locus 208 : 
2 alleles
1.6% missing data
   1   (0.723) 0.803 0.991 0.697 0.528 0.836 0.610 
   2   (0.277) 0.197 0.009 0.303 0.472 0.164 0.390 

Locus 209 : 
3 alleles
0.0% missing data
   3   (0.938) 0.992 0.906 0.982 0.997 0.984 0.973 
   2   (0.031) 0.004 0.067 0.009 0.002 0.008 0.013 
   0   (0.031) 0.004 0.027 0.009 0.002 0.008 0.013 

Locus 210 : 
2 alleles
0.0% missing data
   2   (0.623) 0.092 0.980 0.660 0.443 0.670 0.670 
   4   (0.377) 0.908 0.020 0.340 0.557 0.330 0.330 

Locus 211 : 
2 alleles
0.0% missing data
   2   (0.890) 0.982 0.996 0.883 0.760 0.899 0.936 
   4   (0.110) 0.018 0.004 0.117 0.240 0.101 0.064 

Locus 212 : 
2 alleles
0.0% missing data
   4   (0.739) 0.857 0.778 0.833 0.748 0.754 0.745 
   1   (0.261) 0.143 0.222 0.167 0.252 0.246 0.255 

Locus 213 : 
2 alleles
0.0% missing data
   3   (0.757) 0.597 0.218 0.900 0.619 0.822 0.844 
   2   (0.243) 0.403 0.782 0.100 0.381 0.178 0.156 

Locus 214 : 
2 alleles
0.0% missing data
   1   (0.731) 0.701 0.864 0.782 0.655 0.854 0.702 
   4   (0.269) 0.299 0.136 0.218 0.345 0.146 0.298 

Locus 215 : 
2 alleles
0.0% missing data
   4   (0.312) 0.530 0.317 0.252 0.093 0.465 0.235 
   5   (0.688) 0.470 0.683 0.748 0.907 0.535 0.765 

Locus 216 : 
2 alleles
0.0% missing data
   3   (0.897) 0.986 0.904 0.969 0.806 0.972 0.862 
   1   (0.103) 0.014 0.096 0.031 0.194 0.028 0.138 

Locus 217 : 
2 alleles
0.0% missing data
   3   (0.878) 0.822 0.996 0.818 0.865 0.909 0.946 
   2   (0.122) 0.178 0.004 0.182 0.135 0.091 0.054 

Locus 218 : 
2 alleles
0.0% missing data
   3   (0.436) 0.065 0.238 0.410 0.431 0.535 0.501 
   2   (0.564) 0.935 0.762 0.590 0.569 0.465 0.499 

Locus 219 : 
2 alleles
0.0% missing data
   4   (0.736) 0.759 0.992 0.905 0.286 0.814 0.639 
   2   (0.264) 0.241 0.008 0.095 0.714 0.186 0.361 

Locus 220 : 
2 alleles
0.0% missing data
   3   (0.745) 0.697 0.954 0.736 0.664 0.816 0.775 
   2   (0.255) 0.303 0.046 0.264 0.336 0.184 0.225 

Locus 221 : 
2 alleles
0.0% missing data
   3   (0.808) 0.698 0.772 0.932 0.919 0.739 0.866 
   2   (0.192) 0.302 0.228 0.068 0.081 0.261 0.134 

Locus 222 : 
2 alleles
0.0% missing data
   2   (0.744) 0.642 0.992 0.354 0.494 0.825 0.850 
   3   (0.256) 0.358 0.008 0.646 0.506 0.175 0.150 

Locus 223 : 
2 alleles
0.8% missing data
   1   (0.946) 0.993 0.998 0.978 0.790 0.986 0.959 
   2   (0.054) 0.007 0.002 0.022 0.210 0.014 0.041 

Locus 224 : 
2 alleles
0.0% missing data
   5   (0.764) 0.864 0.884 0.872 0.420 0.807 0.823 
   1   (0.236) 0.136 0.116 0.128 0.580 0.193 0.177 

Locus 225 : 
2 alleles
0.8% missing data
   2   (0.745) 0.749 0.637 0.757 0.784 0.783 0.823 
   3   (0.255) 0.251 0.363 0.243 0.216 0.217 0.177 

Locus 226 : 
2 alleles
0.0% missing data
   3   (0.927) 0.990 0.998 0.843 0.995 0.832 0.959 
   1   (0.073) 0.010 0.002 0.157 0.005 0.168 0.041 

Values of parameters used in structure:
DATAFILE=/Users/ddayan/FRA/small_omy_projects/sf_crooked_river_2021/structure_SFGL_Omy269/project_data,	OUTFILE=/Users/ddayan/FRA/small_omy_projects/sf_crooked_river_2021/structure_SFGL_Omy269/5k10kadmcorr/Results/5k10kadmcorr_run_60,	NUMINDS=127,	NUMLOCI=226,	MISSING=-9,	LABEL=0,	POPDATA=1,	POPFLAG=0,	PHENOTYPE=0,	EXTRACOLS=0,	MAXPOPS=6,	BURNIN=5000,	NUMREPS=10000,	USEPOPINFO=0,	INFERALPHA=1,	INFERLAMBDA=0,	POPSPECIFICLAMBDA=0,	POPALPHAS=0,	COMPUTEPROB=1,	NOADMIX=0,	ADMBURNIN=2500,	UPDATEFREQ=1,	PRINTLIKES=0,	INTERMEDSAVE=0,	PRINTKLD=0,	PRINTNET=0,	PRINTLAMBDA=0,	ANCESTDIST=0,	NUMBOXES=1000,	ANCESTPINT=0.90000,	GENSBACK=2,	MIGRPRIOR=0.05000,	PRINTQHAT=0,	PRINTQSUM=0,	ALPHA=1.0000,	FREQSCORR=1,	FPRIORMEAN=0.0100,	FPRIORSD=0.0500,	ONEFST=0,	LAMBDA=1.0000,	UNIFPRIORALPHA=1,	ALPHAMAX=10.0000,	ALPHAPRIORA=1.0000,	ALPHAPRIORB=2.0000,	ALPHAPROPSD=0.0250,	STARTATPOPINFO=0,	RANDOMIZE=1,	LINKAGE=0,	METROFREQ=10,	REPORTHITRATE=0,	MARKOVPHASE=-1,	PHASED=0,	PLOIDY=2,	PHASEINFO=0	LOCPRIOR=0, 	LOCPRIORINIT=1.000000, 	LOCDATA=0, 	LOCISPOP=0, 	LOCPRIORSTEP=0.100000, 	MAXLOCPRIOR=20.000000, 	SEED=1642738468,	
[STRAT parameters]:    NUMSIMSTATS=1000,	PHENOTYPECOL=-9,	POOLFREQ=10,	LOCUSxONLY=0,	EMERROR=0.00100,	MISSINGPHENO=-9,	