

----------------------------------------------------
STRUCTURE by Pritchard, Stephens and Donnelly (2000)
     and Falush, Stephens and Pritchard (2003)
       Code by Pritchard, Falush and Hubisz
             Version 2.3.4 (Jul 2012)
----------------------------------------------------



Command line arguments:   bin/structure -m "/Users/ddayan/FRA/small_omy_projects/sf_crooked_river_2021/structure_SFGL_Omy269/5k10kadmcorr/mainparams" -e "/Users/ddayan/FRA/small_omy_projects/sf_crooked_river_2021/structure_SFGL_Omy269/5k10kadmcorr/extraparams" 
Input File:    /Users/ddayan/FRA/small_omy_projects/sf_crooked_river_2021/structure_SFGL_Omy269/project_data

Run parameters:
   127 individuals
   226 loci
   4 populations assumed
   5000 Burn-in period
   10000 Reps


--------------------------------------------
Proportion of membership of each pre-defined
 population in each of the 4 clusters

Given    Inferred Clusters              Number of
 Pop       1      2      3      4      Individuals

  1:     0.003  0.991  0.004  0.002       35
  2:     0.182  0.004  0.012  0.801       17
  3:     0.722  0.053  0.217  0.009       41
  4:     0.008  0.006  0.005  0.981       34
--------------------------------------------

Allele-freq. divergence among pops (Net nucleotide distance),
computed using point estimates of P.

      1       2       3       4      
 1      -    0.0332  0.0344  0.0330  
 2   0.0332     -    0.0584  0.0776  
 3   0.0344  0.0584     -    0.0651  
 4   0.0330  0.0776  0.0651     -    

Average distances (expected heterozygosity) between individuals in same cluster:
cluster  1  : 0.3418 
cluster  2  : 0.2453 
cluster  3  : 0.2742 
cluster  4  : 0.3348 

--------------------------------------------
Estimated Ln Prob of Data   = -26595.5
Mean value of ln likelihood = -26330.2
Variance of ln likelihood   = 530.5
Mean value of alpha         = 0.0326

Mean value of Fst_1         = 0.0288
Mean value of Fst_2         = 0.2955
Mean value of Fst_3         = 0.2691
Mean value of Fst_4         = 0.1514


Inferred ancestry of individuals:
     (%Miss) Pop:  Inferred clusters
  1    (0)    1 :  0.002 0.995 0.002 0.001 
  2    (0)    1 :  0.010 0.976 0.006 0.008 
  3    (0)    1 :  0.002 0.996 0.001 0.001 
  4    (0)    1 :  0.003 0.994 0.002 0.001 
  5    (0)    1 :  0.002 0.994 0.001 0.003 
  6    (0)    1 :  0.002 0.994 0.003 0.001 
  7    (0)    1 :  0.001 0.997 0.001 0.001 
  8    (0)    1 :  0.006 0.991 0.002 0.001 
  9    (0)    1 :  0.001 0.997 0.001 0.001 
 10    (0)    1 :  0.003 0.993 0.003 0.001 
 11    (0)    1 :  0.008 0.916 0.072 0.003 
 12    (0)    1 :  0.007 0.983 0.004 0.006 
 13    (0)    1 :  0.001 0.997 0.001 0.001 
 14    (0)    1 :  0.002 0.995 0.003 0.001 
 15    (0)    1 :  0.001 0.997 0.001 0.001 
 16    (0)    1 :  0.002 0.994 0.004 0.001 
 17    (0)    1 :  0.008 0.987 0.004 0.001 
 18    (0)    1 :  0.022 0.955 0.006 0.016 
 19    (0)    1 :  0.001 0.996 0.002 0.001 
 20    (0)    1 :  0.002 0.995 0.002 0.001 
 21    (0)    1 :  0.002 0.995 0.002 0.001 
 22    (0)    1 :  0.002 0.995 0.002 0.001 
 23    (0)    1 :  0.001 0.997 0.001 0.000 
 24    (0)    1 :  0.001 0.996 0.002 0.001 
 25    (0)    1 :  0.003 0.992 0.001 0.004 
 26    (0)    1 :  0.001 0.996 0.001 0.001 
 27    (0)    1 :  0.001 0.997 0.001 0.001 
 28    (0)    1 :  0.002 0.992 0.004 0.001 
 29    (0)    1 :  0.002 0.996 0.001 0.001 
 30    (0)    1 :  0.001 0.997 0.001 0.001 
 31    (0)    1 :  0.001 0.993 0.003 0.003 
 32    (0)    1 :  0.003 0.993 0.002 0.002 
 33    (0)    1 :  0.001 0.998 0.001 0.000 
 34    (0)    1 :  0.001 0.997 0.001 0.001 
 35    (0)    1 :  0.003 0.993 0.003 0.001 
 36    (0)    2 :  0.100 0.005 0.004 0.890 
 37    (0)    2 :  0.005 0.008 0.004 0.983 
 38    (0)    3 :  0.944 0.004 0.049 0.002 
 39    (0)    3 :  0.978 0.017 0.002 0.003 
 40    (0)    3 :  0.925 0.066 0.005 0.003 
 41    (0)    3 :  0.951 0.005 0.010 0.034 
 42    (0)    3 :  0.739 0.005 0.219 0.037 
 43    (0)    2 :  0.003 0.001 0.001 0.995 
 44    (0)    2 :  0.955 0.009 0.018 0.019 
 45    (0)    2 :  0.003 0.002 0.002 0.994 
 46    (0)    2 :  0.005 0.002 0.002 0.991 
 47    (0)    2 :  0.118 0.004 0.140 0.738 
 48    (0)    2 :  0.754 0.008 0.004 0.234 
 49    (0)    2 :  0.572 0.021 0.005 0.403 
 50    (0)    2 :  0.011 0.001 0.001 0.987 
 51    (0)    2 :  0.012 0.002 0.010 0.976 
 52    (0)    3 :  0.960 0.016 0.020 0.003 
 53    (0)    3 :  0.964 0.028 0.002 0.006 
 54    (0)    3 :  0.978 0.004 0.015 0.003 
 55    (0)    3 :  0.938 0.009 0.004 0.049 
 56    (0)    3 :  0.001 0.003 0.995 0.001 
 57    (0)    3 :  0.848 0.147 0.002 0.002 
 58    (0)    3 :  0.978 0.004 0.014 0.004 
 59    (0)    3 :  0.915 0.004 0.003 0.079 
 60    (0)    3 :  0.002 0.002 0.995 0.001 
 61    (0)    3 :  0.002 0.001 0.996 0.001 
 62    (0)    3 :  0.979 0.005 0.013 0.003 
 63    (0)    3 :  0.979 0.006 0.011 0.003 
 64    (0)    3 :  0.541 0.456 0.002 0.002 
 65    (0)    3 :  0.568 0.427 0.002 0.003 
 66    (0)    3 :  0.663 0.330 0.001 0.005 
 67    (0)    3 :  0.810 0.148 0.024 0.018 
 68    (0)    3 :  0.001 0.001 0.997 0.001 
 69    (0)    3 :  0.624 0.365 0.001 0.010 
 70    (0)    3 :  0.008 0.004 0.986 0.002 
 71    (0)    3 :  0.002 0.006 0.992 0.001 
 72    (0)    3 :  0.002 0.004 0.992 0.002 
 73    (0)    3 :  0.688 0.004 0.305 0.002 
 74    (0)    3 :  0.991 0.006 0.001 0.002 
 75    (0)    3 :  0.989 0.005 0.003 0.003 
 76    (0)    3 :  0.991 0.004 0.002 0.004 
 77    (0)    3 :  0.958 0.005 0.029 0.007 
 78    (0)    3 :  0.920 0.019 0.060 0.001 
 79    (0)    3 :  0.992 0.003 0.003 0.002 
 80    (0)    3 :  0.989 0.003 0.007 0.001 
 81    (0)    3 :  0.979 0.005 0.013 0.003 
 82    (0)    3 :  0.952 0.004 0.005 0.038 
 83    (0)    3 :  0.953 0.012 0.033 0.003 
 84    (0)    3 :  0.918 0.008 0.072 0.002 
 85    (0)    3 :  0.001 0.001 0.996 0.001 
 86    (0)    3 :  0.982 0.003 0.002 0.014 
 87    (0)    3 :  0.983 0.009 0.003 0.005 
 88    (0)    2 :  0.002 0.001 0.001 0.996 
 89    (0)    2 :  0.005 0.002 0.002 0.992 
 90    (0)    2 :  0.002 0.001 0.002 0.994 
 91    (0)    2 :  0.541 0.002 0.006 0.452 
 92    (0)    2 :  0.007 0.002 0.007 0.984 
 93    (0)    2 :  0.002 0.001 0.001 0.996 
 94    (0)    4 :  0.002 0.003 0.001 0.993 
 95    (0)    4 :  0.003 0.001 0.003 0.993 
 96    (2)    4 :  0.014 0.004 0.008 0.973 
 97    (0)    4 :  0.023 0.006 0.014 0.957 
 98    (1)    4 :  0.034 0.004 0.002 0.960 
 99    (0)    4 :  0.005 0.008 0.004 0.983 
100    (1)    4 :  0.006 0.004 0.005 0.985 
101    (0)    4 :  0.011 0.003 0.002 0.985 
102    (0)    4 :  0.002 0.001 0.004 0.992 
103    (0)    4 :  0.009 0.006 0.007 0.978 
104    (1)    4 :  0.009 0.001 0.017 0.972 
105    (1)    4 :  0.002 0.001 0.001 0.995 
106    (2)    4 :  0.008 0.003 0.007 0.982 
107    (1)    4 :  0.002 0.002 0.003 0.993 
108    (0)    4 :  0.005 0.005 0.012 0.978 
109    (1)    4 :  0.009 0.023 0.002 0.967 
110    (3)    4 :  0.002 0.002 0.004 0.992 
111    (0)    4 :  0.012 0.008 0.003 0.977 
112    (1)    4 :  0.005 0.004 0.002 0.989 
113    (1)    4 :  0.002 0.002 0.001 0.994 
114    (0)    4 :  0.001 0.001 0.001 0.997 
115    (1)    4 :  0.001 0.002 0.002 0.994 
116    (1)    4 :  0.040 0.009 0.011 0.941 
117    (0)    4 :  0.004 0.014 0.002 0.980 
118    (3)    4 :  0.005 0.003 0.002 0.990 
119    (2)    4 :  0.013 0.025 0.009 0.953 
120    (2)    4 :  0.008 0.001 0.005 0.986 
121    (0)    4 :  0.013 0.014 0.005 0.968 
122    (1)    4 :  0.003 0.003 0.004 0.989 
123    (0)    4 :  0.002 0.002 0.001 0.996 
124   (15)    4 :  0.011 0.004 0.017 0.968 
125    (1)    4 :  0.006 0.016 0.005 0.973 
126    (0)    4 :  0.003 0.003 0.011 0.984 
127    (2)    4 :  0.003 0.003 0.006 0.989 


Estimated Allele Frequencies in each cluster
First column gives estimated ancestral frequencies


Locus 1 : 
2 alleles
0.0% missing data
   3   (0.931) 0.950 0.998 0.990 0.903 
   2   (0.069) 0.050 0.002 0.010 0.097 

Locus 2 : 
2 alleles
0.0% missing data
   2   (0.344) 0.382 0.170 0.051 0.367 
   3   (0.656) 0.618 0.830 0.949 0.633 

Locus 3 : 
2 alleles
0.0% missing data
   2   (0.356) 0.356 0.252 0.227 0.338 
   4   (0.644) 0.644 0.748 0.773 0.662 

Locus 4 : 
2 alleles
0.0% missing data
   1   (0.702) 0.683 0.887 0.376 0.926 
   4   (0.298) 0.317 0.113 0.624 0.074 

Locus 5 : 
2 alleles
3.1% missing data
   2   (0.814) 0.819 0.951 0.975 0.741 
   1   (0.186) 0.181 0.049 0.025 0.259 

Locus 6 : 
2 alleles
2.4% missing data
   1   (0.216) 0.203 0.381 0.033 0.193 
   3   (0.784) 0.797 0.619 0.967 0.807 

Locus 7 : 
2 alleles
0.0% missing data
   2   (0.625) 0.633 0.458 0.947 0.417 
   3   (0.375) 0.367 0.542 0.053 0.583 

Locus 8 : 
2 alleles
2.4% missing data
   1   (0.243) 0.216 0.263 0.247 0.168 
   2   (0.757) 0.784 0.737 0.753 0.832 

Locus 9 : 
2 alleles
0.8% missing data
   4   (0.962) 0.987 0.999 0.995 0.824 
   1   (0.038) 0.013 0.001 0.005 0.176 

Locus 10 : 
2 alleles
0.0% missing data
   3   (0.730) 0.743 0.991 0.661 0.519 
   2   (0.270) 0.257 0.009 0.339 0.481 

Locus 11 : 
2 alleles
0.0% missing data
   2   (0.954) 0.981 0.999 0.994 0.772 
   1   (0.046) 0.019 0.001 0.006 0.228 

Locus 12 : 
2 alleles
0.0% missing data
   1   (0.517) 0.558 0.823 0.241 0.281 
   4   (0.483) 0.442 0.177 0.759 0.719 

Locus 13 : 
2 alleles
0.8% missing data
   2   (0.689) 0.711 0.801 0.802 0.590 
   4   (0.311) 0.289 0.199 0.198 0.410 

Locus 14 : 
2 alleles
0.0% missing data
   4   (0.684) 0.731 0.798 0.554 0.580 
   2   (0.316) 0.269 0.202 0.446 0.420 

Locus 15 : 
2 alleles
0.0% missing data
   4   (0.872) 0.859 0.996 0.983 0.881 
   2   (0.128) 0.141 0.004 0.017 0.119 

Locus 16 : 
2 alleles
0.0% missing data
   1   (0.394) 0.356 0.689 0.447 0.385 
   4   (0.606) 0.644 0.311 0.553 0.615 

Locus 17 : 
2 alleles
0.0% missing data
   4   (0.904) 0.932 0.997 0.866 0.936 
   3   (0.096) 0.068 0.003 0.134 0.064 

Locus 18 : 
2 alleles
0.0% missing data
   2   (0.781) 0.785 0.787 0.968 0.789 
   3   (0.219) 0.215 0.213 0.032 0.211 

Locus 19 : 
2 alleles
0.8% missing data
   4   (0.869) 0.885 0.984 0.983 0.819 
   2   (0.131) 0.115 0.016 0.017 0.181 

Locus 20 : 
2 alleles
0.0% missing data
   2   (0.664) 0.650 0.561 0.946 0.661 
   3   (0.336) 0.350 0.439 0.054 0.339 

Locus 21 : 
2 alleles
0.8% missing data
   2   (0.353) 0.331 0.208 0.260 0.448 
   3   (0.647) 0.669 0.792 0.740 0.552 

Locus 22 : 
2 alleles
0.0% missing data
   4   (0.812) 0.871 0.873 0.704 0.729 
   2   (0.188) 0.129 0.127 0.296 0.271 

Locus 23 : 
2 alleles
2.4% missing data
   1   (0.360) 0.309 0.566 0.471 0.399 
   4   (0.640) 0.691 0.434 0.529 0.601 

Locus 24 : 
2 alleles
0.0% missing data
   3   (0.741) 0.689 0.991 0.961 0.611 
   2   (0.259) 0.311 0.009 0.039 0.389 

Locus 25 : 
2 alleles
0.0% missing data
   3   (0.708) 0.706 0.490 0.957 0.716 
   2   (0.292) 0.294 0.510 0.043 0.284 

Locus 26 : 
2 alleles
0.8% missing data
   2   (0.571) 0.519 0.723 0.935 0.550 
   4   (0.429) 0.481 0.277 0.065 0.450 

Locus 27 : 
2 alleles
1.6% missing data
   1   (0.588) 0.621 0.751 0.190 0.628 
   4   (0.412) 0.379 0.249 0.810 0.372 

Locus 28 : 
2 alleles
3.9% missing data
   3   (0.522) 0.519 0.582 0.283 0.660 
   2   (0.478) 0.481 0.418 0.717 0.340 

Locus 29 : 
2 alleles
0.0% missing data
   4   (0.198) 0.120 0.437 0.346 0.351 
   1   (0.802) 0.880 0.563 0.654 0.649 

Locus 30 : 
2 alleles
0.0% missing data
   1   (0.429) 0.396 0.571 0.495 0.461 
   4   (0.571) 0.604 0.429 0.505 0.539 

Locus 31 : 
2 alleles
3.1% missing data
   2   (0.291) 0.288 0.501 0.046 0.302 
   4   (0.709) 0.712 0.499 0.954 0.698 

Locus 32 : 
2 alleles
0.0% missing data
   4   (0.537) 0.528 0.647 0.353 0.660 
   3   (0.463) 0.472 0.353 0.647 0.340 

Locus 33 : 
2 alleles
0.8% missing data
   2   (0.535) 0.533 0.568 0.439 0.616 
   3   (0.465) 0.467 0.432 0.561 0.384 

Locus 34 : 
2 alleles
0.0% missing data
   3   (0.499) 0.482 0.607 0.452 0.567 
   2   (0.501) 0.518 0.393 0.548 0.433 

Locus 35 : 
2 alleles
0.0% missing data
   4   (0.656) 0.578 0.989 0.688 0.794 
   1   (0.344) 0.422 0.011 0.312 0.206 

Locus 36 : 
2 alleles
0.0% missing data
   4   (0.648) 0.642 0.787 0.948 0.418 
   1   (0.352) 0.358 0.213 0.052 0.582 

Locus 37 : 
2 alleles
0.8% missing data
   2   (0.563) 0.555 0.813 0.734 0.450 
   3   (0.437) 0.445 0.187 0.266 0.550 

Locus 38 : 
2 alleles
0.8% missing data
   1   (0.909) 0.919 0.997 0.794 0.987 
   2   (0.091) 0.081 0.003 0.206 0.013 

Locus 39 : 
2 alleles
1.6% missing data
   2   (0.601) 0.612 0.962 0.528 0.346 
   4   (0.399) 0.388 0.038 0.472 0.654 

Locus 40 : 
2 alleles
0.0% missing data
   1   (0.392) 0.297 0.400 0.491 0.815 
   4   (0.608) 0.703 0.600 0.509 0.185 

Locus 41 : 
2 alleles
0.0% missing data
   2   (0.911) 0.958 0.933 0.987 0.621 
   1   (0.089) 0.042 0.067 0.013 0.379 

Locus 42 : 
2 alleles
0.0% missing data
   2   (0.537) 0.532 0.527 0.532 0.606 
   4   (0.463) 0.468 0.473 0.468 0.394 

Locus 43 : 
2 alleles
0.0% missing data
   2   (0.410) 0.355 0.367 0.445 0.679 
   4   (0.590) 0.645 0.633 0.555 0.321 

Locus 44 : 
3 alleles
1.6% missing data
   3   (0.849) 0.882 0.836 0.977 0.918 
   2   (0.116) 0.087 0.163 0.018 0.079 
   0   (0.035) 0.030 0.001 0.005 0.003 

Locus 45 : 
2 alleles
0.0% missing data
   1   (0.805) 0.783 0.983 0.970 0.789 
   2   (0.195) 0.217 0.017 0.030 0.211 

Locus 46 : 
2 alleles
0.0% missing data
   4   (0.881) 0.895 0.996 0.772 0.954 
   2   (0.119) 0.105 0.004 0.228 0.046 

Locus 47 : 
2 alleles
0.0% missing data
   2   (0.871) 0.911 0.957 0.701 0.950 
   1   (0.129) 0.089 0.043 0.299 0.050 

Locus 48 : 
2 alleles
1.6% missing data
   2   (0.568) 0.566 0.429 0.850 0.523 
   4   (0.432) 0.434 0.571 0.150 0.477 

Locus 49 : 
2 alleles
0.0% missing data
   1   (0.741) 0.768 0.914 0.787 0.650 
   2   (0.259) 0.232 0.086 0.213 0.350 

Locus 50 : 
2 alleles
0.0% missing data
   4   (0.732) 0.789 0.438 0.642 0.737 
   1   (0.268) 0.211 0.562 0.358 0.263 

Locus 51 : 
2 alleles
0.0% missing data
   3   (0.506) 0.471 0.567 0.553 0.670 
   2   (0.494) 0.529 0.433 0.447 0.330 

Locus 52 : 
2 alleles
0.8% missing data
   4   (0.913) 0.927 0.997 0.989 0.877 
   2   (0.087) 0.073 0.003 0.011 0.123 

Locus 53 : 
2 alleles
0.0% missing data
   4   (0.927) 0.974 0.998 0.748 0.631 
   2   (0.073) 0.026 0.002 0.252 0.369 

Locus 54 : 
2 alleles
3.1% missing data
   3   (0.584) 0.545 0.836 0.654 0.709 
   4   (0.416) 0.455 0.164 0.346 0.291 

Locus 55 : 
2 alleles
0.0% missing data
   2   (0.613) 0.584 0.593 0.781 0.775 
   1   (0.387) 0.416 0.407 0.219 0.225 

Locus 56 : 
3 alleles
2.4% missing data
   1   (0.773) 0.819 0.993 0.624 0.731 
   0   (0.086) 0.070 0.003 0.113 0.024 
   4   (0.142) 0.112 0.004 0.263 0.246 

Locus 57 : 
2 alleles
0.0% missing data
   4   (0.894) 0.914 0.997 0.986 0.646 
   1   (0.106) 0.086 0.003 0.014 0.354 

Locus 58 : 
2 alleles
0.0% missing data
   4   (0.872) 0.851 0.985 0.980 0.969 
   2   (0.128) 0.149 0.015 0.020 0.031 

Locus 59 : 
2 alleles
0.0% missing data
   3   (0.868) 0.876 0.891 0.982 0.952 
   2   (0.132) 0.124 0.109 0.018 0.048 

Locus 60 : 
2 alleles
0.0% missing data
   4   (0.756) 0.746 0.992 0.768 0.682 
   2   (0.244) 0.254 0.008 0.232 0.318 

Locus 61 : 
2 alleles
0.0% missing data
   4   (0.873) 0.905 0.996 0.828 0.778 
   2   (0.127) 0.095 0.004 0.172 0.222 

Locus 62 : 
2 alleles
0.0% missing data
   2   (0.751) 0.768 0.913 0.967 0.467 
   1   (0.249) 0.232 0.087 0.033 0.533 

Locus 63 : 
2 alleles
0.0% missing data
   2   (0.419) 0.401 0.643 0.715 0.219 
   1   (0.581) 0.599 0.357 0.285 0.781 

Locus 64 : 
2 alleles
0.0% missing data
   4   (0.832) 0.840 0.994 0.763 0.842 
   2   (0.168) 0.160 0.006 0.237 0.158 

Locus 65 : 
2 alleles
0.8% missing data
   1   (0.886) 0.898 0.996 0.977 0.745 
   4   (0.114) 0.102 0.004 0.023 0.255 

Locus 66 : 
3 alleles
1.6% missing data
   3   (0.597) 0.615 0.663 0.543 0.692 
   2   (0.373) 0.374 0.336 0.453 0.265 
   0   (0.031) 0.011 0.001 0.004 0.043 

Locus 67 : 
2 alleles
0.0% missing data
   1   (0.127) 0.094 0.031 0.233 0.039 
   3   (0.873) 0.906 0.969 0.767 0.961 

Locus 68 : 
2 alleles
0.0% missing data
   2   (0.521) 0.575 0.736 0.182 0.334 
   3   (0.479) 0.425 0.264 0.818 0.666 

Locus 69 : 
2 alleles
0.0% missing data
   4   (0.796) 0.832 0.993 0.682 0.510 
   2   (0.204) 0.168 0.007 0.318 0.490 

Locus 70 : 
3 alleles
0.0% missing data
   1   (0.339) 0.365 0.700 0.804 0.027 
   3   (0.626) 0.620 0.147 0.191 0.971 
   0   (0.036) 0.015 0.153 0.005 0.002 

Locus 71 : 
2 alleles
3.1% missing data
   2   (0.564) 0.572 0.215 0.507 0.742 
   4   (0.436) 0.428 0.785 0.493 0.258 

Locus 72 : 
2 alleles
1.6% missing data
   3   (0.551) 0.539 0.712 0.318 0.701 
   1   (0.449) 0.461 0.288 0.682 0.299 

Locus 73 : 
2 alleles
0.0% missing data
   1   (0.309) 0.248 0.537 0.493 0.350 
   2   (0.691) 0.752 0.463 0.507 0.650 

Locus 74 : 
2 alleles
1.6% missing data
   2   (0.825) 0.782 0.982 0.974 0.938 
   3   (0.175) 0.218 0.018 0.026 0.062 

Locus 75 : 
2 alleles
0.0% missing data
   3   (0.488) 0.467 0.788 0.159 0.659 
   1   (0.512) 0.533 0.212 0.841 0.341 

Locus 76 : 
2 alleles
0.0% missing data
   2   (0.432) 0.403 0.923 0.652 0.184 
   1   (0.568) 0.597 0.077 0.348 0.816 

Locus 77 : 
2 alleles
0.0% missing data
   4   (0.314) 0.320 0.481 0.315 0.104 
   1   (0.686) 0.680 0.519 0.685 0.896 

Locus 78 : 
2 alleles
0.0% missing data
   3   (0.721) 0.684 0.990 0.526 0.825 
   2   (0.279) 0.316 0.010 0.474 0.175 

Locus 79 : 
2 alleles
0.0% missing data
   2   (0.568) 0.547 0.719 0.841 0.522 
   3   (0.432) 0.453 0.281 0.159 0.478 

Locus 80 : 
2 alleles
0.0% missing data
   4   (0.807) 0.858 0.872 0.713 0.787 
   2   (0.193) 0.142 0.128 0.287 0.213 

Locus 81 : 
2 alleles
0.0% missing data
   3   (0.471) 0.521 0.337 0.068 0.581 
   2   (0.529) 0.479 0.663 0.932 0.419 

Locus 82 : 
2 alleles
0.0% missing data
   2   (0.741) 0.786 0.722 0.752 0.688 
   3   (0.259) 0.214 0.278 0.248 0.312 

Locus 83 : 
2 alleles
0.0% missing data
   3   (0.729) 0.740 0.883 0.960 0.469 
   2   (0.271) 0.260 0.117 0.040 0.531 

Locus 84 : 
2 alleles
0.0% missing data
   3   (0.538) 0.588 0.440 0.310 0.415 
   2   (0.462) 0.412 0.560 0.690 0.585 

Locus 85 : 
2 alleles
0.0% missing data
   3   (0.754) 0.779 0.875 0.631 0.818 
   4   (0.246) 0.221 0.125 0.369 0.182 

Locus 86 : 
2 alleles
0.0% missing data
   3   (0.533) 0.537 0.446 0.082 0.847 
   2   (0.467) 0.463 0.554 0.918 0.153 

Locus 87 : 
3 alleles
4.7% missing data
   1   (0.549) 0.584 0.711 0.493 0.429 
   4   (0.420) 0.402 0.288 0.483 0.557 
   0   (0.031) 0.014 0.001 0.024 0.015 

Locus 88 : 
2 alleles
1.6% missing data
   3   (0.815) 0.794 0.994 0.975 0.671 
   1   (0.185) 0.206 0.006 0.025 0.329 

Locus 89 : 
2 alleles
0.0% missing data
   1   (0.567) 0.575 0.894 0.486 0.426 
   4   (0.433) 0.425 0.106 0.514 0.574 

Locus 90 : 
2 alleles
0.8% missing data
   3   (0.742) 0.808 0.761 0.542 0.603 
   2   (0.258) 0.192 0.239 0.458 0.397 

Locus 91 : 
2 alleles
0.0% missing data
   2   (0.687) 0.705 0.690 0.742 0.718 
   4   (0.313) 0.295 0.310 0.258 0.282 

Locus 92 : 
2 alleles
0.0% missing data
   2   (0.771) 0.800 0.955 0.743 0.737 
   4   (0.229) 0.200 0.045 0.257 0.263 

Locus 93 : 
2 alleles
0.0% missing data
   4   (0.908) 0.918 0.997 0.986 0.878 
   1   (0.092) 0.082 0.003 0.014 0.122 

Locus 94 : 
2 alleles
0.0% missing data
   3   (0.789) 0.784 0.749 0.967 0.872 
   1   (0.211) 0.216 0.251 0.033 0.128 

Locus 95 : 
2 alleles
0.0% missing data
   1   (0.062) 0.050 0.068 0.008 0.004 
   3   (0.938) 0.950 0.932 0.992 0.996 

Locus 96 : 
2 alleles
0.0% missing data
   3   (0.558) 0.559 0.803 0.541 0.487 
   2   (0.442) 0.441 0.197 0.459 0.513 

Locus 97 : 
2 alleles
0.0% missing data
   2   (0.735) 0.723 0.992 0.758 0.637 
   1   (0.265) 0.277 0.008 0.242 0.363 

Locus 98 : 
2 alleles
0.0% missing data
   4   (0.766) 0.728 0.992 0.963 0.614 
   2   (0.234) 0.272 0.008 0.037 0.386 

Locus 99 : 
2 alleles
0.8% missing data
   4   (0.841) 0.878 0.995 0.760 0.622 
   1   (0.159) 0.122 0.005 0.240 0.378 

Locus 100 : 
2 alleles
0.8% missing data
   3   (0.432) 0.409 0.210 0.662 0.508 
   2   (0.568) 0.591 0.790 0.338 0.492 

Locus 101 : 
3 alleles
0.0% missing data
   4   (0.475) 0.570 0.434 0.506 0.091 
   2   (0.444) 0.343 0.537 0.483 0.904 
   0   (0.081) 0.087 0.028 0.011 0.005 

Locus 102 : 
2 alleles
2.4% missing data
   2   (0.760) 0.769 0.898 0.700 0.890 
   4   (0.240) 0.231 0.102 0.300 0.110 

Locus 103 : 
3 alleles
0.0% missing data
   4   (0.111) 0.089 0.525 0.016 0.025 
   2   (0.796) 0.758 0.472 0.966 0.970 
   0   (0.093) 0.152 0.003 0.019 0.005 

Locus 104 : 
2 alleles
0.0% missing data
   3   (0.310) 0.307 0.563 0.152 0.178 
   2   (0.690) 0.693 0.437 0.848 0.822 

Locus 105 : 
2 alleles
0.0% missing data
   4   (0.488) 0.503 0.413 0.506 0.417 
   1   (0.512) 0.497 0.587 0.494 0.583 

Locus 106 : 
2 alleles
0.0% missing data
   1   (0.155) 0.129 0.177 0.021 0.179 
   2   (0.845) 0.871 0.823 0.979 0.821 

Locus 107 : 
2 alleles
0.0% missing data
   1   (0.589) 0.618 0.793 0.394 0.482 
   4   (0.411) 0.382 0.207 0.606 0.518 

Locus 108 : 
2 alleles
0.0% missing data
   2   (0.752) 0.765 0.927 0.698 0.824 
   4   (0.248) 0.235 0.073 0.302 0.176 

Locus 109 : 
2 alleles
0.0% missing data
   3   (0.797) 0.821 0.966 0.813 0.794 
   2   (0.203) 0.179 0.034 0.187 0.206 

Locus 110 : 
2 alleles
0.0% missing data
   2   (0.920) 0.933 0.997 0.988 0.916 
   1   (0.080) 0.067 0.003 0.012 0.084 

Locus 111 : 
2 alleles
0.0% missing data
   1   (0.846) 0.840 0.994 0.978 0.732 
   2   (0.154) 0.160 0.006 0.022 0.268 

Locus 112 : 
2 alleles
7.1% missing data
   3   (0.839) 0.848 0.994 0.753 0.876 
   2   (0.161) 0.152 0.006 0.247 0.124 

Locus 113 : 
2 alleles
0.0% missing data
   2   (0.658) 0.582 0.742 0.947 0.866 
   3   (0.342) 0.418 0.258 0.053 0.134 

Locus 114 : 
2 alleles
0.0% missing data
   4   (0.720) 0.705 0.804 0.959 0.702 
   2   (0.280) 0.295 0.196 0.041 0.298 

Locus 115 : 
2 alleles
0.0% missing data
   3   (0.461) 0.435 0.340 0.656 0.535 
   2   (0.539) 0.565 0.660 0.344 0.465 

Locus 116 : 
2 alleles
0.0% missing data
   4   (0.447) 0.403 0.688 0.480 0.572 
   3   (0.553) 0.597 0.312 0.520 0.428 

Locus 117 : 
2 alleles
0.0% missing data
   2   (0.885) 0.883 0.995 0.983 0.896 
   3   (0.115) 0.117 0.005 0.017 0.104 

Locus 118 : 
2 alleles
0.0% missing data
   2   (0.901) 0.899 0.997 0.987 0.913 
   1   (0.099) 0.101 0.003 0.013 0.087 

Locus 119 : 
3 alleles
0.0% missing data
   2   (0.916) 0.971 0.971 0.597 0.917 
   0   (0.028) 0.010 0.027 0.004 0.002 
   3   (0.056) 0.019 0.002 0.400 0.081 

Locus 120 : 
2 alleles
0.0% missing data
   1   (0.925) 0.935 0.997 0.985 0.957 
   2   (0.075) 0.065 0.003 0.015 0.043 

Locus 121 : 
2 alleles
0.0% missing data
   3   (0.723) 0.728 0.655 0.851 0.826 
   4   (0.277) 0.272 0.345 0.149 0.174 

Locus 122 : 
2 alleles
0.0% missing data
   1   (0.964) 0.985 0.899 0.996 0.998 
   0   (0.036) 0.015 0.101 0.004 0.002 

Locus 123 : 
3 alleles
1.6% missing data
   2   (0.711) 0.767 0.914 0.845 0.341 
   3   (0.259) 0.223 0.033 0.151 0.657 
   0   (0.030) 0.010 0.054 0.004 0.002 

Locus 124 : 
2 alleles
0.8% missing data
   1   (0.831) 0.810 0.994 0.976 0.752 
   3   (0.169) 0.190 0.006 0.024 0.248 

Locus 125 : 
2 alleles
0.0% missing data
   1   (0.893) 0.898 0.997 0.543 0.986 
   2   (0.107) 0.102 0.003 0.457 0.014 

Locus 126 : 
2 alleles
0.0% missing data
   4   (0.237) 0.181 0.243 0.290 0.316 
   2   (0.763) 0.819 0.757 0.710 0.684 

Locus 127 : 
2 alleles
0.0% missing data
   3   (0.685) 0.703 0.989 0.530 0.389 
   2   (0.315) 0.297 0.011 0.470 0.611 

Locus 128 : 
2 alleles
0.8% missing data
   3   (0.783) 0.791 0.797 0.664 0.948 
   2   (0.217) 0.209 0.203 0.336 0.052 

Locus 129 : 
2 alleles
0.8% missing data
   1   (0.759) 0.722 0.978 0.773 0.926 
   3   (0.241) 0.278 0.022 0.227 0.074 

Locus 130 : 
2 alleles
0.0% missing data
   3   (0.890) 0.881 0.997 0.983 0.927 
   2   (0.110) 0.119 0.003 0.017 0.073 

Locus 131 : 
2 alleles
0.0% missing data
   4   (0.650) 0.646 0.332 0.589 0.890 
   1   (0.350) 0.354 0.668 0.411 0.110 

Locus 132 : 
2 alleles
0.0% missing data
   2   (0.806) 0.779 0.994 0.830 0.905 
   4   (0.194) 0.221 0.006 0.170 0.095 

Locus 133 : 
2 alleles
0.0% missing data
   3   (0.476) 0.491 0.843 0.069 0.523 
   2   (0.524) 0.509 0.157 0.931 0.477 

Locus 134 : 
2 alleles
0.8% missing data
   3   (0.772) 0.778 0.907 0.966 0.664 
   2   (0.228) 0.222 0.093 0.034 0.336 

Locus 135 : 
2 alleles
0.0% missing data
   3   (0.622) 0.632 0.895 0.511 0.598 
   2   (0.378) 0.368 0.105 0.489 0.402 

Locus 136 : 
2 alleles
0.0% missing data
   4   (0.897) 0.925 0.996 0.983 0.559 
   2   (0.103) 0.075 0.004 0.017 0.441 

Locus 137 : 
2 alleles
0.0% missing data
   2   (0.932) 0.926 0.997 0.991 0.988 
   3   (0.068) 0.074 0.003 0.009 0.012 

Locus 138 : 
2 alleles
0.8% missing data
   1   (0.672) 0.685 0.491 0.694 0.810 
   3   (0.328) 0.315 0.509 0.306 0.190 

Locus 139 : 
2 alleles
0.8% missing data
   2   (0.638) 0.706 0.405 0.445 0.519 
   3   (0.362) 0.294 0.595 0.555 0.481 

Locus 140 : 
2 alleles
0.0% missing data
   4   (0.699) 0.688 0.909 0.640 0.825 
   3   (0.301) 0.312 0.091 0.360 0.175 

Locus 141 : 
2 alleles
0.0% missing data
   1   (0.712) 0.758 0.772 0.687 0.619 
   4   (0.288) 0.242 0.228 0.313 0.381 

Locus 142 : 
2 alleles
0.0% missing data
   3   (0.644) 0.642 0.595 0.355 0.870 
   2   (0.356) 0.358 0.405 0.645 0.130 

Locus 143 : 
2 alleles
0.0% missing data
   2   (0.937) 0.949 0.998 0.992 0.966 
   3   (0.063) 0.051 0.002 0.008 0.034 

Locus 144 : 
3 alleles
0.8% missing data
   4   (0.603) 0.595 0.942 0.724 0.463 
   1   (0.368) 0.395 0.031 0.273 0.535 
   0   (0.029) 0.010 0.027 0.004 0.002 

Locus 145 : 
2 alleles
0.0% missing data
   1   (0.171) 0.179 0.275 0.023 0.051 
   3   (0.829) 0.821 0.725 0.977 0.949 

Locus 146 : 
2 alleles
0.0% missing data
   4   (0.916) 0.932 0.997 0.988 0.877 
   1   (0.084) 0.068 0.003 0.012 0.123 

Locus 147 : 
2 alleles
0.8% missing data
   1   (0.365) 0.365 0.403 0.533 0.187 
   4   (0.635) 0.635 0.597 0.467 0.813 

Locus 148 : 
2 alleles
0.0% missing data
   3   (0.738) 0.703 0.607 0.331 0.984 
   1   (0.262) 0.297 0.393 0.669 0.016 

Locus 149 : 
3 alleles
1.6% missing data
   2   (0.503) 0.553 0.590 0.194 0.441 
   3   (0.444) 0.410 0.408 0.799 0.535 
   0   (0.053) 0.037 0.003 0.007 0.024 

Locus 150 : 
2 alleles
0.0% missing data
   1   (0.709) 0.660 0.900 0.956 0.801 
   4   (0.291) 0.340 0.100 0.044 0.199 

Locus 151 : 
2 alleles
0.0% missing data
   3   (0.731) 0.707 0.406 0.963 0.887 
   2   (0.269) 0.293 0.594 0.037 0.113 

Locus 152 : 
2 alleles
0.0% missing data
   4   (0.926) 0.931 0.997 0.828 0.995 
   2   (0.074) 0.069 0.003 0.172 0.005 

Locus 153 : 
2 alleles
0.0% missing data
   1   (0.640) 0.681 0.682 0.647 0.500 
   4   (0.360) 0.319 0.318 0.353 0.500 

Locus 154 : 
2 alleles
0.8% missing data
   1   (0.544) 0.613 0.893 0.512 0.108 
   3   (0.456) 0.387 0.107 0.488 0.892 

Locus 155 : 
2 alleles
0.0% missing data
   3   (0.556) 0.505 0.849 0.771 0.635 
   4   (0.444) 0.495 0.151 0.229 0.365 

Locus 156 : 
2 alleles
0.8% missing data
   1   (0.808) 0.858 0.972 0.973 0.219 
   2   (0.192) 0.142 0.028 0.027 0.781 

Locus 157 : 
2 alleles
0.0% missing data
   4   (0.576) 0.568 0.750 0.664 0.558 
   2   (0.424) 0.432 0.250 0.336 0.442 

Locus 158 : 
2 alleles
0.8% missing data
   1   (0.704) 0.675 0.757 0.802 0.902 
   2   (0.296) 0.325 0.243 0.198 0.098 

Locus 159 : 
3 alleles
0.8% missing data
   2   (0.829) 0.864 0.863 0.977 0.519 
   0   (0.071) 0.063 0.133 0.010 0.004 
   3   (0.101) 0.073 0.003 0.013 0.477 

Locus 160 : 
3 alleles
0.0% missing data
   1   (0.450) 0.496 0.470 0.473 0.183 
   3   (0.515) 0.472 0.529 0.521 0.815 
   0   (0.035) 0.032 0.001 0.006 0.002 

Locus 161 : 
2 alleles
0.8% missing data
   1   (0.519) 0.553 0.512 0.181 0.536 
   4   (0.481) 0.447 0.488 0.819 0.464 

Locus 162 : 
3 alleles
3.1% missing data
   1   (0.894) 0.920 0.997 0.986 0.933 
   0   (0.075) 0.069 0.002 0.010 0.044 
   2   (0.031) 0.011 0.001 0.004 0.023 

Locus 163 : 
2 alleles
0.0% missing data
   2   (0.877) 0.924 0.855 0.982 0.657 
   3   (0.123) 0.076 0.145 0.018 0.343 

Locus 164 : 
3 alleles
0.8% missing data
   4   (0.864) 0.920 0.811 0.982 0.855 
   1   (0.106) 0.070 0.188 0.014 0.123 
   0   (0.030) 0.010 0.001 0.004 0.022 

Locus 165 : 
2 alleles
0.0% missing data
   4   (0.800) 0.853 0.830 0.859 0.681 
   1   (0.200) 0.147 0.170 0.141 0.319 

Locus 166 : 
2 alleles
0.8% missing data
   2   (0.862) 0.899 0.984 0.977 0.502 
   3   (0.138) 0.101 0.016 0.023 0.498 

Locus 167 : 
2 alleles
0.0% missing data
   2   (0.653) 0.729 0.759 0.647 0.248 
   3   (0.347) 0.271 0.241 0.353 0.752 

Locus 168 : 
2 alleles
0.0% missing data
   3   (0.729) 0.741 0.910 0.737 0.785 
   2   (0.271) 0.259 0.090 0.263 0.215 

Locus 169 : 
3 alleles
2.4% missing data
   4   (0.398) 0.461 0.559 0.168 0.152 
   3   (0.548) 0.501 0.387 0.824 0.845 
   0   (0.054) 0.038 0.054 0.007 0.003 

Locus 170 : 
2 alleles
0.0% missing data
   1   (0.751) 0.824 0.550 0.533 0.691 
   3   (0.249) 0.176 0.450 0.467 0.309 

Locus 171 : 
3 alleles
3.1% missing data
   2   (0.829) 0.881 0.956 0.975 0.653 
   3   (0.139) 0.108 0.043 0.021 0.302 
   0   (0.032) 0.011 0.001 0.004 0.045 

Locus 172 : 
2 alleles
0.0% missing data
   4   (0.724) 0.722 0.611 0.958 0.724 
   1   (0.276) 0.278 0.389 0.042 0.276 

Locus 173 : 
2 alleles
0.0% missing data
   2   (0.769) 0.833 0.534 0.550 0.779 
   3   (0.231) 0.167 0.466 0.450 0.221 

Locus 174 : 
2 alleles
0.0% missing data
   4   (0.737) 0.762 0.811 0.846 0.699 
   1   (0.263) 0.238 0.189 0.154 0.301 

Locus 175 : 
2 alleles
0.0% missing data
   2   (0.730) 0.762 0.766 0.860 0.626 
   4   (0.270) 0.238 0.234 0.140 0.374 

Locus 176 : 
2 alleles
0.8% missing data
   4   (0.951) 0.945 0.998 0.993 0.997 
   1   (0.049) 0.055 0.002 0.007 0.003 

Locus 177 : 
2 alleles
0.0% missing data
   3   (0.488) 0.435 0.536 0.658 0.690 
   2   (0.512) 0.565 0.464 0.342 0.310 

Locus 178 : 
3 alleles
2.4% missing data
   3   (0.608) 0.588 0.653 0.624 0.825 
   2   (0.363) 0.402 0.346 0.278 0.174 
   0   (0.029) 0.010 0.001 0.098 0.002 

Locus 179 : 
2 alleles
0.0% missing data
   3   (0.898) 0.931 0.967 0.986 0.843 
   2   (0.102) 0.069 0.033 0.014 0.157 

Locus 180 : 
3 alleles
1.6% missing data
   3   (0.534) 0.582 0.797 0.666 0.179 
   2   (0.418) 0.361 0.201 0.328 0.819 
   0   (0.048) 0.056 0.001 0.007 0.003 

Locus 181 : 
2 alleles
0.0% missing data
   2   (0.731) 0.745 0.746 0.961 0.558 
   1   (0.269) 0.255 0.254 0.039 0.442 

Locus 182 : 
2 alleles
1.6% missing data
   4   (0.786) 0.808 0.537 0.870 0.916 
   2   (0.214) 0.192 0.463 0.130 0.084 

Locus 183 : 
2 alleles
0.0% missing data
   4   (0.883) 0.892 0.905 0.978 0.974 
   2   (0.117) 0.108 0.095 0.022 0.026 

Locus 184 : 
2 alleles
0.0% missing data
   2   (0.887) 0.923 0.971 0.787 0.964 
   3   (0.113) 0.077 0.029 0.213 0.036 

Locus 185 : 
2 alleles
0.0% missing data
   2   (0.775) 0.836 0.809 0.545 0.729 
   3   (0.225) 0.164 0.191 0.455 0.271 

Locus 186 : 
2 alleles
0.0% missing data
   2   (0.910) 0.913 0.637 0.988 0.995 
   3   (0.090) 0.087 0.363 0.012 0.005 

Locus 187 : 
2 alleles
0.0% missing data
   3   (0.904) 0.948 0.958 0.781 0.968 
   2   (0.096) 0.052 0.042 0.219 0.032 

Locus 188 : 
2 alleles
2.4% missing data
   2   (0.748) 0.769 0.742 0.964 0.570 
   3   (0.252) 0.231 0.258 0.036 0.430 

Locus 189 : 
3 alleles
3.1% missing data
   3   (0.646) 0.699 0.497 0.750 0.591 
   1   (0.299) 0.263 0.501 0.242 0.362 
   0   (0.055) 0.038 0.002 0.008 0.048 

Locus 190 : 
2 alleles
0.0% missing data
   1   (0.877) 0.849 0.996 0.982 0.954 
   5   (0.123) 0.151 0.004 0.018 0.046 

Locus 191 : 
2 alleles
0.0% missing data
   1   (0.802) 0.764 0.679 0.834 0.989 
   5   (0.198) 0.236 0.321 0.166 0.011 

Locus 192 : 
2 alleles
0.0% missing data
   2   (0.582) 0.617 0.791 0.244 0.514 
   1   (0.418) 0.383 0.209 0.756 0.486 

Locus 193 : 
2 alleles
2.4% missing data
   1   (0.933) 0.953 0.998 0.991 0.906 
   4   (0.067) 0.047 0.002 0.009 0.094 

Locus 194 : 
2 alleles
0.0% missing data
   3   (0.786) 0.751 0.992 0.970 0.679 
   2   (0.214) 0.249 0.008 0.030 0.321 

Locus 195 : 
2 alleles
6.3% missing data
   4   (0.577) 0.520 0.986 0.674 0.469 
   1   (0.423) 0.480 0.014 0.326 0.531 

Locus 196 : 
2 alleles
0.8% missing data
   3   (0.882) 0.893 0.770 0.984 0.975 
   2   (0.118) 0.107 0.230 0.016 0.025 

Locus 197 : 
2 alleles
0.8% missing data
   3   (0.666) 0.658 0.749 0.791 0.767 
   4   (0.334) 0.342 0.251 0.209 0.233 

Locus 198 : 
2 alleles
0.0% missing data
   1   (0.964) 0.988 0.999 0.995 0.899 
   2   (0.036) 0.012 0.001 0.005 0.101 

Locus 199 : 
2 alleles
0.0% missing data
   2   (0.854) 0.865 0.995 0.981 0.560 
   3   (0.146) 0.135 0.005 0.019 0.440 

Locus 200 : 
2 alleles
0.0% missing data
   2   (0.522) 0.529 0.604 0.444 0.494 
   4   (0.478) 0.471 0.396 0.556 0.506 

Locus 201 : 
2 alleles
0.8% missing data
   2   (0.695) 0.664 0.989 0.956 0.342 
   1   (0.305) 0.336 0.011 0.044 0.658 

Locus 202 : 
2 alleles
0.0% missing data
   1   (0.906) 0.936 0.747 0.820 0.995 
   3   (0.094) 0.064 0.253 0.180 0.005 

Locus 203 : 
2 alleles
0.8% missing data
   2   (0.708) 0.674 0.991 0.589 0.764 
   1   (0.292) 0.326 0.009 0.411 0.236 

Locus 204 : 
2 alleles
0.0% missing data
   2   (0.833) 0.804 0.994 0.978 0.821 
   5   (0.167) 0.196 0.006 0.022 0.179 

Locus 205 : 
2 alleles
0.0% missing data
   3   (0.689) 0.681 0.652 0.649 0.882 
   1   (0.311) 0.319 0.348 0.351 0.118 

Locus 206 : 
2 alleles
0.0% missing data
   4   (0.587) 0.580 0.324 0.891 0.598 
   1   (0.413) 0.420 0.676 0.109 0.402 

Locus 207 : 
2 alleles
0.8% missing data
   3   (0.811) 0.806 0.994 0.674 0.882 
   2   (0.189) 0.194 0.006 0.326 0.118 

Locus 208 : 
2 alleles
1.6% missing data
   1   (0.736) 0.737 0.991 0.795 0.530 
   2   (0.264) 0.263 0.009 0.205 0.470 

Locus 209 : 
3 alleles
0.0% missing data
   3   (0.940) 0.979 0.907 0.992 0.997 
   2   (0.032) 0.011 0.066 0.004 0.002 
   0   (0.028) 0.010 0.027 0.004 0.001 

Locus 210 : 
2 alleles
0.0% missing data
   2   (0.625) 0.667 0.979 0.106 0.452 
   4   (0.375) 0.333 0.021 0.894 0.548 

Locus 211 : 
2 alleles
0.0% missing data
   2   (0.890) 0.907 0.996 0.977 0.763 
   4   (0.110) 0.093 0.004 0.023 0.237 

Locus 212 : 
2 alleles
0.0% missing data
   4   (0.750) 0.774 0.778 0.849 0.748 
   1   (0.250) 0.226 0.222 0.151 0.252 

Locus 213 : 
2 alleles
0.0% missing data
   3   (0.757) 0.842 0.221 0.613 0.624 
   2   (0.243) 0.158 0.779 0.387 0.376 

Locus 214 : 
2 alleles
0.0% missing data
   1   (0.738) 0.778 0.864 0.721 0.661 
   4   (0.262) 0.222 0.136 0.279 0.339 

Locus 215 : 
2 alleles
0.0% missing data
   4   (0.329) 0.344 0.316 0.535 0.096 
   5   (0.671) 0.656 0.684 0.465 0.904 

Locus 216 : 
2 alleles
0.0% missing data
   3   (0.898) 0.938 0.905 0.986 0.804 
   1   (0.102) 0.062 0.095 0.014 0.196 

Locus 217 : 
2 alleles
0.0% missing data
   3   (0.875) 0.902 0.996 0.820 0.864 
   2   (0.125) 0.098 0.004 0.180 0.136 

Locus 218 : 
2 alleles
0.0% missing data
   3   (0.438) 0.500 0.240 0.067 0.434 
   2   (0.562) 0.500 0.760 0.933 0.566 

Locus 219 : 
2 alleles
0.0% missing data
   4   (0.745) 0.779 0.992 0.770 0.293 
   2   (0.255) 0.221 0.008 0.230 0.707 

Locus 220 : 
2 alleles
0.0% missing data
   3   (0.757) 0.790 0.952 0.699 0.664 
   2   (0.243) 0.210 0.048 0.301 0.336 

Locus 221 : 
2 alleles
0.0% missing data
   3   (0.800) 0.828 0.770 0.694 0.917 
   2   (0.200) 0.172 0.230 0.306 0.083 

Locus 222 : 
2 alleles
0.0% missing data
   2   (0.714) 0.721 0.991 0.634 0.496 
   3   (0.286) 0.279 0.009 0.366 0.504 

Locus 223 : 
2 alleles
0.8% missing data
   1   (0.942) 0.970 0.998 0.993 0.794 
   2   (0.058) 0.030 0.002 0.007 0.206 

Locus 224 : 
2 alleles
0.0% missing data
   5   (0.758) 0.817 0.883 0.870 0.426 
   1   (0.242) 0.183 0.117 0.130 0.574 

Locus 225 : 
2 alleles
0.8% missing data
   2   (0.747) 0.785 0.640 0.764 0.785 
   3   (0.253) 0.215 0.360 0.236 0.215 

Locus 226 : 
2 alleles
0.0% missing data
   3   (0.917) 0.874 0.997 0.986 0.995 
   1   (0.083) 0.126 0.003 0.014 0.005 

Values of parameters used in structure:
DATAFILE=/Users/ddayan/FRA/small_omy_projects/sf_crooked_river_2021/structure_SFGL_Omy269/project_data,	OUTFILE=/Users/ddayan/FRA/small_omy_projects/sf_crooked_river_2021/structure_SFGL_Omy269/5k10kadmcorr/Results/5k10kadmcorr_run_37,	NUMINDS=127,	NUMLOCI=226,	MISSING=-9,	LABEL=0,	POPDATA=1,	POPFLAG=0,	PHENOTYPE=0,	EXTRACOLS=0,	MAXPOPS=4,	BURNIN=5000,	NUMREPS=10000,	USEPOPINFO=0,	INFERALPHA=1,	INFERLAMBDA=0,	POPSPECIFICLAMBDA=0,	POPALPHAS=0,	COMPUTEPROB=1,	NOADMIX=0,	ADMBURNIN=2500,	UPDATEFREQ=1,	PRINTLIKES=0,	INTERMEDSAVE=0,	PRINTKLD=0,	PRINTNET=0,	PRINTLAMBDA=0,	ANCESTDIST=0,	NUMBOXES=1000,	ANCESTPINT=0.90000,	GENSBACK=2,	MIGRPRIOR=0.05000,	PRINTQHAT=0,	PRINTQSUM=0,	ALPHA=1.0000,	FREQSCORR=1,	FPRIORMEAN=0.0100,	FPRIORSD=0.0500,	ONEFST=0,	LAMBDA=1.0000,	UNIFPRIORALPHA=1,	ALPHAMAX=10.0000,	ALPHAPRIORA=1.0000,	ALPHAPRIORB=2.0000,	ALPHAPROPSD=0.0250,	STARTATPOPINFO=0,	RANDOMIZE=1,	LINKAGE=0,	METROFREQ=10,	REPORTHITRATE=0,	MARKOVPHASE=-1,	PHASED=0,	PLOIDY=2,	PHASEINFO=0	LOCPRIOR=0, 	LOCPRIORINIT=1.000000, 	LOCDATA=0, 	LOCISPOP=0, 	LOCPRIORSTEP=0.100000, 	MAXLOCPRIOR=20.000000, 	SEED=1642736802,	
[STRAT parameters]:    NUMSIMSTATS=1000,	PHENOTYPECOL=-9,	POOLFREQ=10,	LOCUSxONLY=0,	EMERROR=0.00100,	MISSINGPHENO=-9,	