

----------------------------------------------------
STRUCTURE by Pritchard, Stephens and Donnelly (2000)
     and Falush, Stephens and Pritchard (2003)
       Code by Pritchard, Falush and Hubisz
             Version 2.3.4 (Jul 2012)
----------------------------------------------------



Command line arguments:   bin/structure -m "/Users/ddayan/FRA/small_omy_projects/sf_crooked_river_2021/structure_SFGL_Omy269/5k10kadmcorr/mainparams" -e "/Users/ddayan/FRA/small_omy_projects/sf_crooked_river_2021/structure_SFGL_Omy269/5k10kadmcorr/extraparams" 
Input File:    /Users/ddayan/FRA/small_omy_projects/sf_crooked_river_2021/structure_SFGL_Omy269/project_data

Run parameters:
   127 individuals
   226 loci
   6 populations assumed
   5000 Burn-in period
   10000 Reps


--------------------------------------------
Proportion of membership of each pre-defined
 population in each of the 6 clusters

Given    Inferred Clusters                            Number of
 Pop       1      2      3      4      5      6      Individuals

  1:     0.004  0.003  0.002  0.003  0.004  0.985       35
  2:     0.061  0.029  0.795  0.103  0.007  0.005       17
  3:     0.277  0.121  0.007  0.339  0.200  0.055       41
  4:     0.006  0.007  0.968  0.008  0.005  0.005       34
--------------------------------------------

Allele-freq. divergence among pops (Net nucleotide distance),
computed using point estimates of P.

      1       2       3       4       5       6      
 1      -    0.0349  0.0421  0.0116  0.0371  0.0395  
 2   0.0349     -    0.0575  0.0289  0.0487  0.0543  
 3   0.0421  0.0575     -    0.0331  0.0660  0.0788  
 4   0.0116  0.0289  0.0331     -    0.0393  0.0350  
 5   0.0371  0.0487  0.0660  0.0393     -    0.0588  
 6   0.0395  0.0543  0.0788  0.0350  0.0588     -    

Average distances (expected heterozygosity) between individuals in same cluster:
cluster  1  : 0.3264 
cluster  2  : 0.2869 
cluster  3  : 0.3340 
cluster  4  : 0.3432 
cluster  5  : 0.2744 
cluster  6  : 0.2448 

--------------------------------------------
Estimated Ln Prob of Data   = -26374.6
Mean value of ln likelihood = -25958.5
Variance of ln likelihood   = 832.1
Mean value of alpha         = 0.0308

Mean value of Fst_1         = 0.0900
Mean value of Fst_2         = 0.2352
Mean value of Fst_3         = 0.1553
Mean value of Fst_4         = 0.0448
Mean value of Fst_5         = 0.2734
Mean value of Fst_6         = 0.2974


Inferred ancestry of individuals:
     (%Miss) Pop:  Inferred clusters
  1    (0)    1 :  0.001 0.001 0.001 0.002 0.001 0.994 
  2    (0)    1 :  0.007 0.004 0.006 0.008 0.007 0.969 
  3    (0)    1 :  0.001 0.001 0.002 0.001 0.001 0.994 
  4    (0)    1 :  0.001 0.002 0.001 0.004 0.002 0.989 
  5    (0)    1 :  0.001 0.005 0.002 0.001 0.001 0.989 
  6    (0)    1 :  0.001 0.002 0.001 0.002 0.002 0.991 
  7    (0)    1 :  0.001 0.001 0.001 0.001 0.001 0.995 
  8    (0)    1 :  0.003 0.004 0.001 0.003 0.002 0.986 
  9    (0)    1 :  0.002 0.001 0.001 0.002 0.001 0.994 
 10    (0)    1 :  0.006 0.002 0.001 0.002 0.004 0.986 
 11    (0)    1 :  0.022 0.011 0.003 0.003 0.054 0.907 
 12    (0)    1 :  0.008 0.010 0.005 0.005 0.003 0.969 
 13    (0)    1 :  0.001 0.001 0.000 0.001 0.003 0.994 
 14    (0)    1 :  0.002 0.003 0.001 0.003 0.003 0.989 
 15    (0)    1 :  0.002 0.001 0.001 0.001 0.001 0.995 
 16    (0)    1 :  0.002 0.003 0.001 0.002 0.003 0.990 
 17    (0)    1 :  0.003 0.004 0.001 0.023 0.002 0.966 
 18    (0)    1 :  0.025 0.002 0.012 0.022 0.007 0.931 
 19    (0)    1 :  0.001 0.001 0.001 0.002 0.002 0.993 
 20    (0)    1 :  0.002 0.001 0.001 0.001 0.002 0.994 
 21    (0)    1 :  0.007 0.002 0.002 0.002 0.002 0.985 
 22    (0)    1 :  0.006 0.003 0.002 0.003 0.002 0.985 
 23    (0)    1 :  0.002 0.001 0.001 0.001 0.001 0.994 
 24    (0)    1 :  0.001 0.001 0.000 0.001 0.001 0.995 
 25    (0)    1 :  0.002 0.006 0.003 0.002 0.002 0.985 
 26    (0)    1 :  0.001 0.001 0.002 0.001 0.003 0.993 
 27    (0)    1 :  0.001 0.001 0.001 0.001 0.001 0.996 
 28    (0)    1 :  0.005 0.002 0.001 0.003 0.004 0.985 
 29    (0)    1 :  0.003 0.001 0.001 0.001 0.001 0.993 
 30    (0)    1 :  0.001 0.001 0.001 0.001 0.001 0.995 
 31    (0)    1 :  0.001 0.002 0.002 0.002 0.002 0.990 
 32    (0)    1 :  0.001 0.003 0.002 0.002 0.002 0.990 
 33    (0)    1 :  0.001 0.001 0.001 0.001 0.001 0.996 
 34    (0)    1 :  0.001 0.001 0.001 0.001 0.001 0.996 
 35    (0)    1 :  0.002 0.002 0.001 0.001 0.002 0.991 
 36    (0)    2 :  0.022 0.011 0.793 0.166 0.002 0.005 
 37    (0)    2 :  0.003 0.002 0.978 0.009 0.001 0.007 
 38    (0)    3 :  0.913 0.049 0.001 0.005 0.026 0.006 
 39    (0)    3 :  0.001 0.001 0.002 0.987 0.001 0.007 
 40    (0)    3 :  0.003 0.002 0.002 0.932 0.003 0.058 
 41    (0)    3 :  0.051 0.007 0.018 0.910 0.008 0.005 
 42    (0)    3 :  0.931 0.002 0.039 0.005 0.018 0.005 
 43    (0)    2 :  0.001 0.003 0.992 0.002 0.001 0.001 
 44    (0)    2 :  0.463 0.077 0.137 0.282 0.026 0.015 
 45    (0)    2 :  0.006 0.002 0.988 0.002 0.002 0.001 
 46    (0)    2 :  0.006 0.003 0.977 0.010 0.001 0.002 
 47    (0)    2 :  0.016 0.008 0.610 0.324 0.041 0.001 
 48    (0)    2 :  0.004 0.002 0.157 0.831 0.003 0.003 
 49    (0)    2 :  0.039 0.352 0.485 0.073 0.008 0.043 
 50    (0)    2 :  0.008 0.004 0.978 0.007 0.002 0.001 
 51    (0)    2 :  0.005 0.002 0.978 0.004 0.007 0.003 
 52    (0)    3 :  0.921 0.011 0.005 0.042 0.009 0.012 
 53    (0)    3 :  0.397 0.033 0.005 0.521 0.004 0.041 
 54    (0)    3 :  0.068 0.320 0.003 0.598 0.008 0.004 
 55    (0)    3 :  0.006 0.004 0.067 0.914 0.003 0.007 
 56    (0)    3 :  0.002 0.001 0.001 0.001 0.992 0.002 
 57    (0)    3 :  0.044 0.002 0.007 0.811 0.004 0.133 
 58    (0)    3 :  0.005 0.976 0.005 0.009 0.002 0.003 
 59    (0)    3 :  0.003 0.004 0.023 0.966 0.003 0.001 
 60    (0)    3 :  0.002 0.004 0.002 0.002 0.989 0.002 
 61    (0)    3 :  0.001 0.003 0.001 0.001 0.993 0.002 
 62    (0)    3 :  0.976 0.004 0.004 0.005 0.008 0.004 
 63    (0)    3 :  0.989 0.001 0.002 0.002 0.003 0.002 
 64    (0)    3 :  0.232 0.014 0.001 0.264 0.003 0.485 
 65    (0)    3 :  0.033 0.004 0.002 0.543 0.003 0.415 
 66    (0)    3 :  0.078 0.008 0.002 0.569 0.002 0.341 
 67    (0)    3 :  0.354 0.005 0.034 0.364 0.037 0.206 
 68    (0)    3 :  0.001 0.001 0.001 0.002 0.994 0.001 
 69    (0)    3 :  0.131 0.004 0.023 0.420 0.001 0.421 
 70    (0)    3 :  0.007 0.001 0.002 0.003 0.983 0.004 
 71    (0)    3 :  0.006 0.004 0.002 0.002 0.982 0.004 
 72    (0)    3 :  0.003 0.001 0.001 0.002 0.989 0.003 
 73    (0)    3 :  0.003 0.946 0.001 0.004 0.044 0.003 
 74    (0)    3 :  0.231 0.007 0.001 0.755 0.002 0.004 
 75    (0)    3 :  0.979 0.004 0.002 0.012 0.001 0.002 
 76    (0)    3 :  0.014 0.047 0.005 0.930 0.001 0.003 
 77    (0)    3 :  0.001 0.994 0.001 0.001 0.002 0.001 
 78    (0)    3 :  0.925 0.024 0.001 0.010 0.018 0.022 
 79    (0)    3 :  0.007 0.005 0.002 0.973 0.010 0.004 
 80    (0)    3 :  0.968 0.018 0.002 0.004 0.003 0.005 
 81    (0)    3 :  0.989 0.001 0.001 0.002 0.004 0.003 
 82    (0)    3 :  0.033 0.350 0.012 0.589 0.004 0.012 
 83    (0)    3 :  0.006 0.984 0.001 0.002 0.004 0.003 
 84    (0)    3 :  0.961 0.003 0.001 0.002 0.027 0.007 
 85    (0)    3 :  0.002 0.001 0.001 0.001 0.994 0.001 
 86    (0)    3 :  0.004 0.002 0.003 0.987 0.002 0.001 
 87    (0)    3 :  0.079 0.129 0.009 0.769 0.002 0.011 
 88    (0)    2 :  0.002 0.002 0.992 0.002 0.001 0.001 
 89    (0)    2 :  0.003 0.002 0.987 0.004 0.002 0.002 
 90    (0)    2 :  0.002 0.002 0.988 0.005 0.002 0.001 
 91    (0)    2 :  0.455 0.023 0.504 0.011 0.004 0.003 
 92    (0)    2 :  0.003 0.003 0.969 0.015 0.008 0.001 
 93    (0)    2 :  0.003 0.001 0.992 0.002 0.001 0.001 
 94    (0)    4 :  0.002 0.002 0.989 0.002 0.002 0.002 
 95    (0)    4 :  0.005 0.005 0.986 0.002 0.002 0.001 
 96    (2)    4 :  0.008 0.002 0.970 0.007 0.009 0.003 
 97    (0)    4 :  0.009 0.007 0.894 0.080 0.005 0.005 
 98    (1)    4 :  0.013 0.012 0.942 0.025 0.005 0.003 
 99    (0)    4 :  0.008 0.007 0.972 0.004 0.003 0.006 
100    (1)    4 :  0.015 0.002 0.970 0.004 0.007 0.002 
101    (0)    4 :  0.014 0.004 0.964 0.012 0.003 0.003 
102    (0)    4 :  0.002 0.003 0.990 0.003 0.002 0.001 
103    (0)    4 :  0.008 0.004 0.953 0.006 0.021 0.008 
104    (1)    4 :  0.008 0.012 0.962 0.003 0.012 0.003 
105    (1)    4 :  0.002 0.001 0.993 0.001 0.001 0.001 
106    (2)    4 :  0.009 0.022 0.955 0.003 0.007 0.005 
107    (1)    4 :  0.001 0.002 0.991 0.003 0.002 0.001 
108    (0)    4 :  0.003 0.005 0.974 0.006 0.007 0.005 
109    (1)    4 :  0.004 0.001 0.969 0.009 0.002 0.015 
110    (3)    4 :  0.002 0.002 0.986 0.004 0.003 0.002 
111    (0)    4 :  0.019 0.004 0.960 0.004 0.004 0.009 
112    (1)    4 :  0.002 0.007 0.981 0.006 0.002 0.002 
113    (1)    4 :  0.002 0.003 0.989 0.002 0.003 0.001 
114    (0)    4 :  0.001 0.001 0.995 0.001 0.001 0.001 
115    (1)    4 :  0.002 0.001 0.992 0.001 0.001 0.002 
116    (1)    4 :  0.007 0.081 0.877 0.023 0.006 0.006 
117    (0)    4 :  0.004 0.025 0.955 0.004 0.002 0.011 
118    (3)    4 :  0.003 0.002 0.987 0.002 0.002 0.003 
119    (2)    4 :  0.008 0.006 0.946 0.013 0.005 0.022 
120    (2)    4 :  0.006 0.004 0.977 0.004 0.007 0.001 
121    (0)    4 :  0.005 0.006 0.954 0.013 0.002 0.020 
122    (1)    4 :  0.002 0.002 0.986 0.003 0.005 0.002 
123    (0)    4 :  0.001 0.001 0.995 0.001 0.001 0.001 
124   (15)    4 :  0.014 0.004 0.956 0.003 0.019 0.003 
125    (1)    4 :  0.009 0.006 0.954 0.012 0.007 0.012 
126    (0)    4 :  0.010 0.002 0.968 0.005 0.008 0.007 
127    (2)    4 :  0.002 0.008 0.978 0.004 0.004 0.004 


Estimated Allele Frequencies in each cluster
First column gives estimated ancestral frequencies


Locus 1 : 
2 alleles
0.0% missing data
   3   (0.930) 0.979 0.983 0.908 0.910 0.990 0.998 
   2   (0.070) 0.021 0.017 0.092 0.090 0.010 0.002 

Locus 2 : 
2 alleles
0.0% missing data
   2   (0.343) 0.507 0.164 0.365 0.355 0.049 0.169 
   3   (0.657) 0.493 0.836 0.635 0.645 0.951 0.831 

Locus 3 : 
2 alleles
0.0% missing data
   2   (0.347) 0.529 0.162 0.337 0.293 0.214 0.253 
   4   (0.653) 0.471 0.838 0.663 0.707 0.786 0.747 

Locus 4 : 
2 alleles
0.0% missing data
   1   (0.687) 0.687 0.825 0.928 0.628 0.365 0.888 
   4   (0.313) 0.313 0.175 0.072 0.372 0.635 0.112 

Locus 5 : 
2 alleles
3.1% missing data
   2   (0.810) 0.817 0.950 0.739 0.787 0.973 0.953 
   1   (0.190) 0.183 0.050 0.261 0.213 0.027 0.047 

Locus 6 : 
2 alleles
2.4% missing data
   1   (0.216) 0.190 0.264 0.194 0.182 0.032 0.385 
   3   (0.784) 0.810 0.736 0.806 0.818 0.968 0.615 

Locus 7 : 
2 alleles
0.0% missing data
   2   (0.626) 0.661 0.579 0.412 0.648 0.947 0.456 
   3   (0.374) 0.339 0.421 0.588 0.352 0.053 0.544 

Locus 8 : 
2 alleles
2.4% missing data
   1   (0.244) 0.266 0.075 0.168 0.224 0.250 0.261 
   2   (0.756) 0.734 0.925 0.832 0.776 0.750 0.739 

Locus 9 : 
2 alleles
0.8% missing data
   4   (0.962) 0.989 0.991 0.822 0.984 0.995 0.999 
   1   (0.038) 0.011 0.009 0.178 0.016 0.005 0.001 

Locus 10 : 
2 alleles
0.0% missing data
   3   (0.731) 0.861 0.920 0.517 0.625 0.639 0.991 
   2   (0.269) 0.139 0.080 0.483 0.375 0.361 0.009 

Locus 11 : 
2 alleles
0.0% missing data
   2   (0.951) 0.985 0.989 0.772 0.969 0.993 0.999 
   1   (0.049) 0.015 0.011 0.228 0.031 0.007 0.001 

Locus 12 : 
2 alleles
0.0% missing data
   1   (0.494) 0.638 0.703 0.278 0.438 0.231 0.825 
   4   (0.506) 0.362 0.297 0.722 0.562 0.769 0.175 

Locus 13 : 
2 alleles
0.8% missing data
   2   (0.704) 0.596 0.917 0.585 0.757 0.798 0.799 
   4   (0.296) 0.404 0.083 0.415 0.243 0.202 0.201 

Locus 14 : 
2 alleles
0.0% missing data
   4   (0.685) 0.694 0.851 0.575 0.728 0.528 0.800 
   2   (0.315) 0.306 0.149 0.425 0.272 0.472 0.200 

Locus 15 : 
2 alleles
0.0% missing data
   4   (0.883) 0.954 0.972 0.885 0.771 0.983 0.996 
   2   (0.117) 0.046 0.028 0.115 0.229 0.017 0.004 

Locus 16 : 
2 alleles
0.0% missing data
   1   (0.408) 0.229 0.322 0.383 0.464 0.477 0.689 
   4   (0.592) 0.771 0.678 0.617 0.536 0.523 0.311 

Locus 17 : 
2 alleles
0.0% missing data
   4   (0.925) 0.978 0.678 0.940 0.969 0.887 0.998 
   3   (0.075) 0.022 0.322 0.060 0.031 0.113 0.002 

Locus 18 : 
2 alleles
0.0% missing data
   2   (0.797) 0.688 0.942 0.787 0.831 0.971 0.786 
   3   (0.203) 0.312 0.058 0.213 0.169 0.029 0.214 

Locus 19 : 
2 alleles
0.8% missing data
   4   (0.880) 0.963 0.964 0.819 0.816 0.983 0.985 
   2   (0.120) 0.037 0.036 0.181 0.184 0.017 0.015 

Locus 20 : 
2 alleles
0.0% missing data
   2   (0.666) 0.619 0.642 0.661 0.679 0.951 0.561 
   3   (0.334) 0.381 0.358 0.339 0.321 0.049 0.439 

Locus 21 : 
2 alleles
0.8% missing data
   2   (0.353) 0.339 0.185 0.452 0.357 0.261 0.208 
   3   (0.647) 0.661 0.815 0.548 0.643 0.739 0.792 

Locus 22 : 
2 alleles
0.0% missing data
   4   (0.809) 0.854 0.952 0.724 0.853 0.706 0.873 
   2   (0.191) 0.146 0.048 0.276 0.147 0.294 0.127 

Locus 23 : 
2 alleles
2.4% missing data
   1   (0.349) 0.394 0.101 0.404 0.300 0.479 0.566 
   4   (0.651) 0.606 0.899 0.596 0.700 0.521 0.434 

Locus 24 : 
2 alleles
0.0% missing data
   3   (0.748) 0.795 0.414 0.611 0.719 0.964 0.992 
   2   (0.252) 0.205 0.586 0.389 0.281 0.036 0.008 

Locus 25 : 
2 alleles
0.0% missing data
   3   (0.701) 0.706 0.831 0.715 0.675 0.957 0.490 
   2   (0.299) 0.294 0.169 0.285 0.325 0.043 0.510 

Locus 26 : 
2 alleles
0.8% missing data
   2   (0.564) 0.613 0.429 0.552 0.485 0.937 0.725 
   4   (0.436) 0.387 0.571 0.448 0.515 0.063 0.275 

Locus 27 : 
2 alleles
1.6% missing data
   1   (0.588) 0.665 0.505 0.628 0.614 0.186 0.751 
   4   (0.412) 0.335 0.495 0.372 0.386 0.814 0.249 

Locus 28 : 
2 alleles
3.9% missing data
   3   (0.526) 0.523 0.406 0.659 0.543 0.283 0.583 
   2   (0.474) 0.477 0.594 0.341 0.457 0.717 0.417 

Locus 29 : 
2 alleles
0.0% missing data
   4   (0.178) 0.060 0.342 0.354 0.096 0.341 0.438 
   1   (0.822) 0.940 0.658 0.646 0.904 0.659 0.562 

Locus 30 : 
2 alleles
0.0% missing data
   1   (0.422) 0.370 0.505 0.463 0.375 0.498 0.572 
   4   (0.578) 0.630 0.495 0.537 0.625 0.502 0.428 

Locus 31 : 
2 alleles
3.1% missing data
   2   (0.288) 0.289 0.341 0.303 0.256 0.042 0.503 
   4   (0.712) 0.711 0.659 0.697 0.744 0.958 0.497 

Locus 32 : 
2 alleles
0.0% missing data
   4   (0.523) 0.702 0.413 0.663 0.424 0.344 0.646 
   3   (0.477) 0.298 0.587 0.337 0.576 0.656 0.354 

Locus 33 : 
2 alleles
0.8% missing data
   2   (0.537) 0.643 0.164 0.619 0.556 0.449 0.567 
   3   (0.463) 0.357 0.836 0.381 0.444 0.551 0.433 

Locus 34 : 
2 alleles
0.0% missing data
   3   (0.498) 0.477 0.493 0.567 0.484 0.451 0.606 
   2   (0.502) 0.523 0.507 0.433 0.516 0.549 0.394 

Locus 35 : 
2 alleles
0.0% missing data
   4   (0.650) 0.515 0.667 0.794 0.597 0.688 0.988 
   1   (0.350) 0.485 0.333 0.206 0.403 0.312 0.012 

Locus 36 : 
2 alleles
0.0% missing data
   4   (0.646) 0.636 0.644 0.415 0.655 0.950 0.786 
   1   (0.354) 0.364 0.356 0.585 0.345 0.050 0.214 

Locus 37 : 
2 alleles
0.8% missing data
   2   (0.565) 0.655 0.384 0.450 0.544 0.726 0.815 
   3   (0.435) 0.345 0.616 0.550 0.456 0.274 0.185 

Locus 38 : 
2 alleles
0.8% missing data
   1   (0.916) 0.975 0.969 0.989 0.870 0.781 0.997 
   2   (0.084) 0.025 0.031 0.011 0.130 0.219 0.003 

Locus 39 : 
2 alleles
1.6% missing data
   2   (0.600) 0.575 0.661 0.341 0.627 0.516 0.963 
   4   (0.400) 0.425 0.339 0.659 0.373 0.484 0.037 

Locus 40 : 
2 alleles
0.0% missing data
   1   (0.396) 0.184 0.447 0.815 0.355 0.485 0.400 
   4   (0.604) 0.816 0.553 0.185 0.645 0.515 0.600 

Locus 41 : 
2 alleles
0.0% missing data
   2   (0.910) 0.970 0.975 0.621 0.940 0.987 0.933 
   1   (0.090) 0.030 0.025 0.379 0.060 0.013 0.067 

Locus 42 : 
2 alleles
0.0% missing data
   2   (0.528) 0.619 0.578 0.604 0.469 0.506 0.526 
   4   (0.472) 0.381 0.422 0.396 0.531 0.494 0.474 

Locus 43 : 
2 alleles
0.0% missing data
   2   (0.420) 0.394 0.159 0.684 0.401 0.439 0.368 
   4   (0.580) 0.606 0.841 0.316 0.599 0.561 0.632 

Locus 44 : 
3 alleles
1.6% missing data
   3   (0.848) 0.900 0.965 0.919 0.844 0.979 0.837 
   2   (0.119) 0.091 0.028 0.079 0.105 0.017 0.162 
   0   (0.033) 0.010 0.007 0.002 0.050 0.004 0.001 

Locus 45 : 
2 alleles
0.0% missing data
   1   (0.800) 0.797 0.676 0.791 0.799 0.970 0.985 
   2   (0.200) 0.203 0.324 0.209 0.201 0.030 0.015 

Locus 46 : 
2 alleles
0.0% missing data
   4   (0.886) 0.814 0.972 0.954 0.926 0.774 0.996 
   2   (0.114) 0.186 0.028 0.046 0.074 0.226 0.004 

Locus 47 : 
2 alleles
0.0% missing data
   2   (0.880) 0.825 0.971 0.950 0.944 0.715 0.958 
   1   (0.120) 0.175 0.029 0.050 0.056 0.285 0.042 

Locus 48 : 
2 alleles
1.6% missing data
   2   (0.556) 0.665 0.828 0.522 0.441 0.833 0.429 
   4   (0.444) 0.335 0.172 0.478 0.559 0.167 0.571 

Locus 49 : 
2 alleles
0.0% missing data
   1   (0.742) 0.719 0.628 0.650 0.825 0.805 0.914 
   2   (0.258) 0.281 0.372 0.350 0.175 0.195 0.086 

Locus 50 : 
2 alleles
0.0% missing data
   4   (0.726) 0.843 0.711 0.738 0.763 0.640 0.437 
   1   (0.274) 0.157 0.289 0.262 0.237 0.360 0.563 

Locus 51 : 
2 alleles
0.0% missing data
   3   (0.523) 0.268 0.570 0.668 0.605 0.559 0.567 
   2   (0.477) 0.732 0.430 0.332 0.395 0.441 0.433 

Locus 52 : 
2 alleles
0.8% missing data
   4   (0.921) 0.883 0.981 0.878 0.951 0.989 0.997 
   2   (0.079) 0.117 0.019 0.122 0.049 0.011 0.003 

Locus 53 : 
2 alleles
0.0% missing data
   4   (0.930) 0.979 0.982 0.624 0.970 0.730 0.998 
   2   (0.070) 0.021 0.018 0.376 0.030 0.270 0.002 

Locus 54 : 
2 alleles
3.1% missing data
   3   (0.593) 0.402 0.570 0.708 0.643 0.670 0.837 
   4   (0.407) 0.598 0.430 0.292 0.357 0.330 0.163 

Locus 55 : 
2 alleles
0.0% missing data
   2   (0.609) 0.590 0.636 0.775 0.566 0.783 0.595 
   1   (0.391) 0.410 0.364 0.225 0.434 0.217 0.405 

Locus 56 : 
3 alleles
2.4% missing data
   1   (0.775) 0.925 0.870 0.727 0.740 0.598 0.993 
   0   (0.080) 0.024 0.018 0.024 0.110 0.118 0.002 
   4   (0.145) 0.052 0.112 0.249 0.150 0.285 0.005 

Locus 57 : 
2 alleles
0.0% missing data
   4   (0.896) 0.967 0.950 0.645 0.869 0.986 0.997 
   1   (0.104) 0.033 0.050 0.355 0.131 0.014 0.003 

Locus 58 : 
2 alleles
0.0% missing data
   4   (0.877) 0.783 0.950 0.971 0.878 0.981 0.987 
   2   (0.123) 0.217 0.050 0.029 0.122 0.019 0.013 

Locus 59 : 
2 alleles
0.0% missing data
   3   (0.863) 0.866 0.961 0.953 0.857 0.980 0.891 
   2   (0.137) 0.134 0.039 0.047 0.143 0.020 0.109 

Locus 60 : 
2 alleles
0.0% missing data
   4   (0.743) 0.797 0.760 0.681 0.709 0.755 0.991 
   2   (0.257) 0.203 0.240 0.319 0.291 0.245 0.009 

Locus 61 : 
2 alleles
0.0% missing data
   4   (0.875) 0.868 0.961 0.774 0.921 0.824 0.996 
   2   (0.125) 0.132 0.039 0.226 0.079 0.176 0.004 

Locus 62 : 
2 alleles
0.0% missing data
   2   (0.740) 0.888 0.783 0.464 0.667 0.964 0.913 
   1   (0.260) 0.112 0.217 0.536 0.333 0.036 0.087 

Locus 63 : 
2 alleles
0.0% missing data
   2   (0.417) 0.418 0.529 0.216 0.374 0.706 0.643 
   1   (0.583) 0.582 0.471 0.784 0.626 0.294 0.357 

Locus 64 : 
2 alleles
0.0% missing data
   4   (0.823) 0.823 0.956 0.844 0.806 0.764 0.994 
   2   (0.177) 0.177 0.044 0.156 0.194 0.236 0.006 

Locus 65 : 
2 alleles
0.8% missing data
   1   (0.894) 0.939 0.682 0.745 0.935 0.984 0.997 
   4   (0.106) 0.061 0.318 0.255 0.065 0.016 0.003 

Locus 66 : 
3 alleles
1.6% missing data
   3   (0.600) 0.529 0.814 0.689 0.630 0.515 0.663 
   2   (0.370) 0.463 0.179 0.267 0.357 0.480 0.336 
   0   (0.031) 0.009 0.007 0.044 0.013 0.004 0.001 

Locus 67 : 
2 alleles
0.0% missing data
   1   (0.129) 0.125 0.034 0.038 0.098 0.236 0.030 
   3   (0.871) 0.875 0.966 0.962 0.902 0.764 0.970 

Locus 68 : 
2 alleles
0.0% missing data
   2   (0.536) 0.622 0.293 0.329 0.622 0.183 0.737 
   3   (0.464) 0.378 0.707 0.671 0.378 0.817 0.263 

Locus 69 : 
2 alleles
0.0% missing data
   4   (0.801) 0.813 0.659 0.506 0.877 0.707 0.994 
   2   (0.199) 0.187 0.341 0.494 0.123 0.293 0.006 

Locus 70 : 
3 alleles
0.0% missing data
   1   (0.339) 0.335 0.540 0.027 0.337 0.801 0.703 
   3   (0.625) 0.652 0.451 0.971 0.646 0.194 0.144 
   0   (0.036) 0.013 0.009 0.002 0.017 0.005 0.153 

Locus 71 : 
2 alleles
3.1% missing data
   2   (0.557) 0.641 0.438 0.746 0.549 0.512 0.214 
   4   (0.443) 0.359 0.562 0.254 0.451 0.488 0.786 

Locus 72 : 
2 alleles
1.6% missing data
   3   (0.544) 0.636 0.153 0.707 0.552 0.336 0.713 
   1   (0.456) 0.364 0.847 0.293 0.448 0.664 0.287 

Locus 73 : 
2 alleles
0.0% missing data
   1   (0.302) 0.190 0.507 0.351 0.225 0.470 0.540 
   2   (0.698) 0.810 0.493 0.649 0.775 0.530 0.460 

Locus 74 : 
2 alleles
1.6% missing data
   2   (0.815) 0.837 0.711 0.939 0.763 0.974 0.984 
   3   (0.185) 0.163 0.289 0.061 0.237 0.026 0.016 

Locus 75 : 
2 alleles
0.0% missing data
   3   (0.499) 0.365 0.211 0.666 0.588 0.174 0.792 
   1   (0.501) 0.635 0.789 0.334 0.412 0.826 0.208 

Locus 76 : 
2 alleles
0.0% missing data
   2   (0.433) 0.269 0.811 0.179 0.401 0.644 0.926 
   1   (0.567) 0.731 0.189 0.821 0.599 0.356 0.074 

Locus 77 : 
2 alleles
0.0% missing data
   4   (0.303) 0.435 0.130 0.103 0.281 0.311 0.482 
   1   (0.697) 0.565 0.870 0.897 0.719 0.689 0.518 

Locus 78 : 
2 alleles
0.0% missing data
   3   (0.713) 0.660 0.549 0.828 0.718 0.533 0.989 
   2   (0.287) 0.340 0.451 0.172 0.282 0.467 0.011 

Locus 79 : 
2 alleles
0.0% missing data
   2   (0.561) 0.553 0.784 0.521 0.495 0.832 0.719 
   3   (0.439) 0.447 0.216 0.479 0.505 0.168 0.281 

Locus 80 : 
2 alleles
0.0% missing data
   4   (0.818) 0.859 0.727 0.784 0.904 0.703 0.871 
   2   (0.182) 0.141 0.273 0.216 0.096 0.297 0.129 

Locus 81 : 
2 alleles
0.0% missing data
   3   (0.481) 0.424 0.580 0.582 0.557 0.070 0.339 
   2   (0.519) 0.576 0.420 0.418 0.443 0.930 0.661 

Locus 82 : 
2 alleles
0.0% missing data
   2   (0.744) 0.894 0.688 0.688 0.744 0.749 0.718 
   3   (0.256) 0.106 0.312 0.312 0.256 0.251 0.282 

Locus 83 : 
2 alleles
0.0% missing data
   3   (0.715) 0.740 0.785 0.469 0.717 0.958 0.882 
   2   (0.285) 0.260 0.215 0.531 0.283 0.042 0.118 

Locus 84 : 
2 alleles
0.0% missing data
   3   (0.533) 0.606 0.698 0.407 0.556 0.287 0.439 
   2   (0.467) 0.394 0.302 0.593 0.444 0.713 0.561 

Locus 85 : 
2 alleles
0.0% missing data
   3   (0.773) 0.884 0.392 0.816 0.825 0.645 0.871 
   4   (0.227) 0.116 0.608 0.184 0.175 0.355 0.129 

Locus 86 : 
2 alleles
0.0% missing data
   3   (0.530) 0.504 0.604 0.848 0.537 0.077 0.446 
   2   (0.470) 0.496 0.396 0.152 0.463 0.923 0.554 

Locus 87 : 
3 alleles
4.7% missing data
   1   (0.553) 0.586 0.462 0.431 0.594 0.504 0.714 
   4   (0.416) 0.404 0.530 0.560 0.371 0.485 0.285 
   0   (0.031) 0.010 0.009 0.008 0.035 0.011 0.001 

Locus 88 : 
2 alleles
1.6% missing data
   3   (0.812) 0.753 0.939 0.672 0.784 0.972 0.994 
   1   (0.188) 0.247 0.061 0.328 0.216 0.028 0.006 

Locus 89 : 
2 alleles
0.0% missing data
   1   (0.571) 0.712 0.245 0.424 0.571 0.506 0.895 
   4   (0.429) 0.288 0.755 0.576 0.429 0.494 0.105 

Locus 90 : 
2 alleles
0.8% missing data
   3   (0.755) 0.718 0.912 0.598 0.845 0.536 0.760 
   2   (0.245) 0.282 0.088 0.402 0.155 0.464 0.240 

Locus 91 : 
2 alleles
0.0% missing data
   2   (0.693) 0.583 0.917 0.719 0.731 0.742 0.691 
   4   (0.307) 0.417 0.083 0.281 0.269 0.258 0.309 

Locus 92 : 
2 alleles
0.0% missing data
   2   (0.766) 0.792 0.704 0.736 0.820 0.752 0.956 
   4   (0.234) 0.208 0.296 0.264 0.180 0.248 0.044 

Locus 93 : 
2 alleles
0.0% missing data
   4   (0.905) 0.939 0.976 0.877 0.885 0.986 0.997 
   1   (0.095) 0.061 0.024 0.123 0.115 0.014 0.003 

Locus 94 : 
2 alleles
0.0% missing data
   3   (0.792) 0.753 0.689 0.876 0.833 0.969 0.748 
   1   (0.208) 0.247 0.311 0.124 0.167 0.031 0.252 

Locus 95 : 
2 alleles
0.0% missing data
   1   (0.057) 0.017 0.013 0.003 0.079 0.008 0.067 
   3   (0.943) 0.983 0.987 0.997 0.921 0.992 0.933 

Locus 96 : 
2 alleles
0.0% missing data
   3   (0.567) 0.451 0.872 0.481 0.566 0.513 0.803 
   2   (0.433) 0.549 0.128 0.519 0.434 0.487 0.197 

Locus 97 : 
2 alleles
0.0% missing data
   2   (0.719) 0.782 0.736 0.637 0.668 0.751 0.991 
   1   (0.281) 0.218 0.264 0.363 0.332 0.249 0.009 

Locus 98 : 
2 alleles
0.0% missing data
   4   (0.767) 0.632 0.749 0.611 0.796 0.967 0.992 
   2   (0.233) 0.368 0.251 0.389 0.204 0.033 0.008 

Locus 99 : 
2 alleles
0.8% missing data
   4   (0.846) 0.938 0.797 0.614 0.868 0.762 0.995 
   1   (0.154) 0.062 0.203 0.386 0.132 0.238 0.005 

Locus 100 : 
2 alleles
0.8% missing data
   3   (0.416) 0.502 0.576 0.509 0.303 0.650 0.210 
   2   (0.584) 0.498 0.424 0.491 0.697 0.350 0.790 

Locus 101 : 
3 alleles
0.0% missing data
   4   (0.469) 0.605 0.803 0.085 0.462 0.491 0.437 
   2   (0.461) 0.373 0.181 0.911 0.390 0.499 0.539 
   0   (0.070) 0.022 0.016 0.004 0.148 0.010 0.024 

Locus 102 : 
2 alleles
2.4% missing data
   2   (0.754) 0.808 0.724 0.894 0.748 0.697 0.899 
   4   (0.246) 0.192 0.276 0.106 0.252 0.303 0.101 

Locus 103 : 
3 alleles
0.0% missing data
   4   (0.112) 0.038 0.041 0.027 0.138 0.016 0.523 
   2   (0.797) 0.855 0.542 0.968 0.770 0.971 0.474 
   0   (0.091) 0.107 0.416 0.005 0.093 0.013 0.003 

Locus 104 : 
2 alleles
0.0% missing data
   3   (0.298) 0.388 0.374 0.178 0.218 0.147 0.565 
   2   (0.702) 0.612 0.626 0.822 0.782 0.853 0.435 

Locus 105 : 
2 alleles
0.0% missing data
   4   (0.488) 0.466 0.544 0.419 0.515 0.499 0.413 
   1   (0.512) 0.534 0.456 0.581 0.485 0.501 0.587 

Locus 106 : 
2 alleles
0.0% missing data
   1   (0.154) 0.169 0.050 0.183 0.118 0.022 0.177 
   2   (0.846) 0.831 0.950 0.817 0.882 0.978 0.823 

Locus 107 : 
2 alleles
0.0% missing data
   1   (0.594) 0.498 0.800 0.476 0.653 0.394 0.793 
   4   (0.406) 0.502 0.200 0.524 0.347 0.606 0.207 

Locus 108 : 
2 alleles
0.0% missing data
   2   (0.755) 0.739 0.662 0.826 0.809 0.698 0.928 
   4   (0.245) 0.261 0.338 0.174 0.191 0.302 0.072 

Locus 109 : 
2 alleles
0.0% missing data
   3   (0.790) 0.882 0.783 0.793 0.790 0.811 0.966 
   2   (0.210) 0.118 0.217 0.207 0.210 0.189 0.034 

Locus 110 : 
2 alleles
0.0% missing data
   2   (0.933) 0.865 0.983 0.917 0.971 0.991 0.998 
   1   (0.067) 0.135 0.017 0.083 0.029 0.009 0.002 

Locus 111 : 
2 alleles
0.0% missing data
   1   (0.842) 0.926 0.864 0.730 0.783 0.977 0.994 
   2   (0.158) 0.074 0.136 0.270 0.217 0.023 0.006 

Locus 112 : 
2 alleles
7.1% missing data
   3   (0.845) 0.760 0.931 0.874 0.883 0.763 0.995 
   2   (0.155) 0.240 0.069 0.126 0.117 0.237 0.005 

Locus 113 : 
2 alleles
0.0% missing data
   2   (0.670) 0.581 0.414 0.870 0.653 0.953 0.742 
   3   (0.330) 0.419 0.586 0.130 0.347 0.047 0.258 

Locus 114 : 
2 alleles
0.0% missing data
   4   (0.711) 0.698 0.915 0.706 0.642 0.958 0.805 
   2   (0.289) 0.302 0.085 0.294 0.358 0.042 0.195 

Locus 115 : 
2 alleles
0.0% missing data
   3   (0.456) 0.507 0.341 0.539 0.402 0.656 0.341 
   2   (0.544) 0.493 0.659 0.461 0.598 0.344 0.659 

Locus 116 : 
2 alleles
0.0% missing data
   4   (0.455) 0.325 0.346 0.577 0.458 0.493 0.692 
   3   (0.545) 0.675 0.654 0.423 0.542 0.507 0.308 

Locus 117 : 
2 alleles
0.0% missing data
   2   (0.883) 0.920 0.969 0.897 0.835 0.984 0.995 
   3   (0.117) 0.080 0.031 0.103 0.165 0.016 0.005 

Locus 118 : 
2 alleles
0.0% missing data
   2   (0.903) 0.961 0.972 0.913 0.842 0.986 0.997 
   1   (0.097) 0.039 0.028 0.087 0.158 0.014 0.003 

Locus 119 : 
3 alleles
0.0% missing data
   2   (0.913) 0.974 0.979 0.917 0.964 0.569 0.971 
   0   (0.030) 0.009 0.007 0.002 0.012 0.004 0.027 
   3   (0.057) 0.017 0.014 0.081 0.024 0.427 0.002 

Locus 120 : 
2 alleles
0.0% missing data
   1   (0.926) 0.958 0.821 0.959 0.952 0.989 0.997 
   2   (0.074) 0.042 0.179 0.041 0.048 0.011 0.003 

Locus 121 : 
2 alleles
0.0% missing data
   3   (0.723) 0.753 0.547 0.828 0.763 0.853 0.655 
   4   (0.277) 0.247 0.453 0.172 0.237 0.147 0.345 

Locus 122 : 
2 alleles
0.0% missing data
   1   (0.965) 0.986 0.992 0.998 0.982 0.995 0.899 
   0   (0.035) 0.014 0.008 0.002 0.018 0.005 0.101 

Locus 123 : 
3 alleles
1.6% missing data
   2   (0.728) 0.827 0.490 0.337 0.811 0.853 0.916 
   3   (0.242) 0.164 0.503 0.661 0.177 0.143 0.030 
   0   (0.030) 0.009 0.007 0.002 0.013 0.004 0.054 

Locus 124 : 
2 alleles
0.8% missing data
   1   (0.816) 0.900 0.802 0.753 0.741 0.974 0.993 
   3   (0.184) 0.100 0.198 0.247 0.259 0.026 0.007 

Locus 125 : 
2 alleles
0.0% missing data
   1   (0.912) 0.759 0.975 0.988 0.959 0.561 0.997 
   2   (0.088) 0.241 0.025 0.012 0.041 0.439 0.003 

Locus 126 : 
2 alleles
0.0% missing data
   4   (0.228) 0.236 0.064 0.318 0.167 0.302 0.242 
   2   (0.772) 0.764 0.936 0.682 0.833 0.698 0.758 

Locus 127 : 
2 alleles
0.0% missing data
   3   (0.684) 0.637 0.913 0.389 0.674 0.528 0.989 
   2   (0.316) 0.363 0.087 0.611 0.326 0.472 0.011 

Locus 128 : 
2 alleles
0.8% missing data
   3   (0.779) 0.744 0.938 0.948 0.775 0.654 0.800 
   2   (0.221) 0.256 0.062 0.052 0.225 0.346 0.200 

Locus 129 : 
2 alleles
0.8% missing data
   1   (0.751) 0.677 0.869 0.927 0.712 0.757 0.978 
   3   (0.249) 0.323 0.131 0.073 0.288 0.243 0.022 

Locus 130 : 
2 alleles
0.0% missing data
   3   (0.879) 0.937 0.808 0.935 0.843 0.982 0.996 
   2   (0.121) 0.063 0.192 0.065 0.157 0.018 0.004 

Locus 131 : 
2 alleles
0.0% missing data
   4   (0.650) 0.595 0.791 0.893 0.653 0.574 0.330 
   1   (0.350) 0.405 0.209 0.107 0.347 0.426 0.670 

Locus 132 : 
2 alleles
0.0% missing data
   2   (0.801) 0.768 0.888 0.901 0.770 0.818 0.994 
   4   (0.199) 0.232 0.112 0.099 0.230 0.182 0.006 

Locus 133 : 
2 alleles
0.0% missing data
   3   (0.473) 0.499 0.446 0.522 0.484 0.068 0.843 
   2   (0.527) 0.501 0.554 0.478 0.516 0.932 0.157 

Locus 134 : 
2 alleles
0.8% missing data
   3   (0.784) 0.909 0.599 0.663 0.755 0.969 0.908 
   2   (0.216) 0.091 0.401 0.337 0.245 0.031 0.092 

Locus 135 : 
2 alleles
0.0% missing data
   3   (0.625) 0.537 0.633 0.601 0.678 0.518 0.899 
   2   (0.375) 0.463 0.367 0.399 0.322 0.482 0.101 

Locus 136 : 
2 alleles
0.0% missing data
   4   (0.897) 0.932 0.974 0.554 0.908 0.985 0.996 
   2   (0.103) 0.068 0.026 0.446 0.092 0.015 0.004 

Locus 137 : 
2 alleles
0.0% missing data
   2   (0.933) 0.967 0.974 0.989 0.892 0.990 0.997 
   3   (0.067) 0.033 0.026 0.011 0.108 0.010 0.003 

Locus 138 : 
2 alleles
0.8% missing data
   1   (0.673) 0.725 0.555 0.814 0.694 0.688 0.491 
   3   (0.327) 0.275 0.445 0.186 0.306 0.312 0.509 

Locus 139 : 
2 alleles
0.8% missing data
   2   (0.632) 0.612 0.850 0.519 0.696 0.460 0.406 
   3   (0.368) 0.388 0.150 0.481 0.304 0.540 0.594 

Locus 140 : 
2 alleles
0.0% missing data
   4   (0.709) 0.754 0.356 0.829 0.746 0.639 0.910 
   3   (0.291) 0.246 0.644 0.171 0.254 0.361 0.090 

Locus 141 : 
2 alleles
0.0% missing data
   1   (0.712) 0.725 0.917 0.618 0.729 0.692 0.771 
   4   (0.288) 0.275 0.083 0.382 0.271 0.308 0.229 

Locus 142 : 
2 alleles
0.0% missing data
   3   (0.642) 0.669 0.451 0.872 0.661 0.359 0.595 
   2   (0.358) 0.331 0.549 0.128 0.339 0.641 0.405 

Locus 143 : 
2 alleles
0.0% missing data
   2   (0.929) 0.950 0.983 0.965 0.936 0.990 0.997 
   3   (0.071) 0.050 0.017 0.035 0.064 0.010 0.003 

Locus 144 : 
3 alleles
0.8% missing data
   4   (0.606) 0.570 0.539 0.461 0.633 0.722 0.944 
   1   (0.364) 0.420 0.454 0.538 0.355 0.274 0.029 
   0   (0.029) 0.010 0.007 0.002 0.012 0.004 0.026 

Locus 145 : 
2 alleles
0.0% missing data
   1   (0.180) 0.219 0.115 0.048 0.173 0.025 0.275 
   3   (0.820) 0.781 0.885 0.952 0.827 0.975 0.725 

Locus 146 : 
2 alleles
0.0% missing data
   4   (0.919) 0.947 0.979 0.874 0.918 0.988 0.997 
   1   (0.081) 0.053 0.021 0.126 0.082 0.012 0.003 

Locus 147 : 
2 alleles
0.8% missing data
   1   (0.374) 0.361 0.443 0.183 0.364 0.537 0.403 
   4   (0.626) 0.639 0.557 0.817 0.636 0.463 0.597 

Locus 148 : 
2 alleles
0.0% missing data
   3   (0.722) 0.674 0.911 0.984 0.650 0.319 0.608 
   1   (0.278) 0.326 0.089 0.016 0.350 0.681 0.392 

Locus 149 : 
3 alleles
1.6% missing data
   2   (0.499) 0.507 0.755 0.438 0.530 0.176 0.589 
   3   (0.451) 0.473 0.233 0.539 0.419 0.817 0.409 
   0   (0.050) 0.020 0.012 0.024 0.051 0.007 0.002 

Locus 150 : 
2 alleles
0.0% missing data
   1   (0.701) 0.734 0.906 0.806 0.543 0.956 0.904 
   4   (0.299) 0.266 0.094 0.194 0.457 0.044 0.096 

Locus 151 : 
2 alleles
0.0% missing data
   3   (0.715) 0.773 0.837 0.888 0.624 0.959 0.405 
   2   (0.285) 0.227 0.163 0.112 0.376 0.041 0.595 

Locus 152 : 
2 alleles
0.0% missing data
   4   (0.928) 0.887 0.980 0.995 0.950 0.829 0.998 
   2   (0.072) 0.113 0.020 0.005 0.050 0.171 0.002 

Locus 153 : 
2 alleles
0.0% missing data
   1   (0.661) 0.619 0.488 0.497 0.776 0.682 0.681 
   4   (0.339) 0.381 0.512 0.503 0.224 0.318 0.319 

Locus 154 : 
2 alleles
0.8% missing data
   1   (0.545) 0.668 0.467 0.105 0.607 0.513 0.894 
   3   (0.455) 0.332 0.533 0.895 0.393 0.487 0.106 

Locus 155 : 
2 alleles
0.0% missing data
   3   (0.544) 0.637 0.451 0.637 0.430 0.774 0.849 
   4   (0.456) 0.363 0.549 0.363 0.570 0.226 0.151 

Locus 156 : 
2 alleles
0.8% missing data
   1   (0.806) 0.887 0.948 0.208 0.818 0.972 0.973 
   2   (0.194) 0.113 0.052 0.792 0.182 0.028 0.027 

Locus 157 : 
2 alleles
0.0% missing data
   4   (0.575) 0.537 0.596 0.560 0.579 0.664 0.753 
   2   (0.425) 0.463 0.404 0.440 0.421 0.336 0.247 

Locus 158 : 
2 alleles
0.8% missing data
   1   (0.696) 0.714 0.887 0.901 0.596 0.796 0.760 
   2   (0.304) 0.286 0.113 0.099 0.404 0.204 0.240 

Locus 159 : 
3 alleles
0.8% missing data
   2   (0.834) 0.886 0.948 0.512 0.842 0.976 0.862 
   0   (0.070) 0.081 0.017 0.004 0.053 0.011 0.135 
   3   (0.096) 0.033 0.035 0.484 0.105 0.013 0.003 

Locus 160 : 
3 alleles
0.0% missing data
   1   (0.460) 0.444 0.378 0.182 0.564 0.492 0.468 
   3   (0.509) 0.493 0.609 0.816 0.423 0.503 0.531 
   0   (0.031) 0.063 0.013 0.002 0.013 0.005 0.001 

Locus 161 : 
2 alleles
0.8% missing data
   1   (0.518) 0.552 0.505 0.536 0.551 0.181 0.514 
   4   (0.482) 0.448 0.495 0.464 0.449 0.819 0.486 

Locus 162 : 
3 alleles
3.1% missing data
   1   (0.901) 0.969 0.976 0.939 0.868 0.986 0.997 
   0   (0.067) 0.021 0.017 0.038 0.119 0.010 0.002 
   2   (0.031) 0.010 0.008 0.024 0.013 0.004 0.001 

Locus 163 : 
2 alleles
0.0% missing data
   2   (0.880) 0.954 0.959 0.653 0.903 0.982 0.855 
   3   (0.120) 0.046 0.041 0.347 0.097 0.018 0.145 

Locus 164 : 
3 alleles
0.8% missing data
   4   (0.871) 0.955 0.962 0.853 0.898 0.982 0.808 
   1   (0.099) 0.036 0.031 0.125 0.090 0.014 0.191 
   0   (0.029) 0.009 0.007 0.022 0.012 0.004 0.001 

Locus 165 : 
2 alleles
0.0% missing data
   4   (0.817) 0.940 0.622 0.680 0.861 0.870 0.830 
   1   (0.183) 0.060 0.378 0.320 0.139 0.130 0.170 

Locus 166 : 
2 alleles
0.8% missing data
   2   (0.888) 0.964 0.664 0.498 0.931 0.984 0.986 
   3   (0.112) 0.036 0.336 0.502 0.069 0.016 0.014 

Locus 167 : 
2 alleles
0.0% missing data
   2   (0.659) 0.707 0.697 0.237 0.765 0.637 0.758 
   3   (0.341) 0.293 0.303 0.763 0.235 0.363 0.242 

Locus 168 : 
2 alleles
0.0% missing data
   3   (0.750) 0.603 0.925 0.781 0.803 0.749 0.911 
   2   (0.250) 0.397 0.075 0.219 0.197 0.251 0.089 

Locus 169 : 
3 alleles
2.4% missing data
   4   (0.414) 0.350 0.335 0.148 0.563 0.168 0.560 
   3   (0.534) 0.630 0.637 0.849 0.387 0.825 0.385 
   0   (0.053) 0.020 0.028 0.003 0.050 0.007 0.055 

Locus 170 : 
2 alleles
0.0% missing data
   1   (0.744) 0.840 0.880 0.688 0.784 0.530 0.550 
   3   (0.256) 0.160 0.120 0.312 0.216 0.470 0.450 

Locus 171 : 
3 alleles
3.1% missing data
   2   (0.828) 0.878 0.949 0.650 0.865 0.973 0.957 
   3   (0.141) 0.113 0.044 0.304 0.122 0.022 0.042 
   0   (0.031) 0.009 0.007 0.046 0.013 0.004 0.001 

Locus 172 : 
2 alleles
0.0% missing data
   4   (0.718) 0.794 0.652 0.726 0.696 0.959 0.609 
   1   (0.282) 0.206 0.348 0.274 0.304 0.041 0.391 

Locus 173 : 
2 alleles
0.0% missing data
   2   (0.771) 0.898 0.732 0.778 0.818 0.540 0.533 
   3   (0.229) 0.102 0.268 0.222 0.182 0.460 0.467 

Locus 174 : 
2 alleles
0.0% missing data
   4   (0.726) 0.810 0.699 0.699 0.738 0.850 0.812 
   1   (0.274) 0.190 0.301 0.301 0.262 0.150 0.188 

Locus 175 : 
2 alleles
0.0% missing data
   2   (0.732) 0.690 0.922 0.626 0.769 0.860 0.767 
   4   (0.268) 0.310 0.078 0.374 0.231 0.140 0.233 

Locus 176 : 
2 alleles
0.8% missing data
   4   (0.948) 0.951 0.840 0.996 0.971 0.992 0.998 
   1   (0.052) 0.049 0.160 0.004 0.029 0.008 0.002 

Locus 177 : 
2 alleles
0.0% missing data
   3   (0.503) 0.429 0.212 0.693 0.523 0.664 0.534 
   2   (0.497) 0.571 0.788 0.307 0.477 0.336 0.466 

Locus 178 : 
3 alleles
2.4% missing data
   3   (0.602) 0.475 0.824 0.828 0.594 0.618 0.652 
   2   (0.370) 0.518 0.169 0.171 0.394 0.277 0.347 
   0   (0.028) 0.008 0.007 0.002 0.011 0.105 0.001 

Locus 179 : 
2 alleles
0.0% missing data
   3   (0.903) 0.964 0.968 0.839 0.908 0.986 0.968 
   2   (0.097) 0.036 0.032 0.161 0.092 0.014 0.032 

Locus 180 : 
3 alleles
1.6% missing data
   3   (0.535) 0.623 0.712 0.170 0.522 0.666 0.800 
   2   (0.421) 0.362 0.258 0.827 0.393 0.328 0.199 
   0   (0.044) 0.015 0.030 0.003 0.085 0.006 0.001 

Locus 181 : 
2 alleles
0.0% missing data
   2   (0.730) 0.804 0.606 0.558 0.750 0.961 0.744 
   1   (0.270) 0.196 0.394 0.442 0.250 0.039 0.256 

Locus 182 : 
2 alleles
1.6% missing data
   4   (0.788) 0.797 0.947 0.916 0.787 0.863 0.534 
   2   (0.212) 0.203 0.053 0.084 0.213 0.137 0.466 

Locus 183 : 
2 alleles
0.0% missing data
   4   (0.899) 0.795 0.958 0.976 0.946 0.985 0.905 
   2   (0.101) 0.205 0.042 0.024 0.054 0.015 0.095 

Locus 184 : 
2 alleles
0.0% missing data
   2   (0.889) 0.957 0.974 0.966 0.888 0.770 0.972 
   3   (0.111) 0.043 0.026 0.034 0.112 0.230 0.028 

Locus 185 : 
2 alleles
0.0% missing data
   2   (0.805) 0.703 0.947 0.727 0.904 0.549 0.811 
   3   (0.195) 0.297 0.053 0.273 0.096 0.451 0.189 

Locus 186 : 
2 alleles
0.0% missing data
   2   (0.906) 0.887 0.979 0.995 0.909 0.987 0.639 
   3   (0.094) 0.113 0.021 0.005 0.091 0.013 0.361 

Locus 187 : 
2 alleles
0.0% missing data
   3   (0.901) 0.945 0.974 0.972 0.934 0.769 0.958 
   2   (0.099) 0.055 0.026 0.028 0.066 0.231 0.042 

Locus 188 : 
2 alleles
2.4% missing data
   2   (0.742) 0.830 0.919 0.565 0.687 0.964 0.744 
   3   (0.258) 0.170 0.081 0.435 0.313 0.036 0.256 

Locus 189 : 
3 alleles
3.1% missing data
   3   (0.638) 0.808 0.730 0.591 0.614 0.735 0.497 
   1   (0.309) 0.174 0.258 0.362 0.329 0.258 0.501 
   0   (0.053) 0.018 0.012 0.047 0.057 0.008 0.002 

Locus 190 : 
2 alleles
0.0% missing data
   1   (0.865) 0.839 0.870 0.953 0.852 0.980 0.995 
   5   (0.135) 0.161 0.130 0.047 0.148 0.020 0.005 

Locus 191 : 
2 alleles
0.0% missing data
   1   (0.798) 0.745 0.950 0.989 0.727 0.819 0.681 
   5   (0.202) 0.255 0.050 0.011 0.273 0.181 0.319 

Locus 192 : 
2 alleles
0.0% missing data
   2   (0.584) 0.632 0.459 0.512 0.640 0.246 0.790 
   1   (0.416) 0.368 0.541 0.488 0.360 0.754 0.210 

Locus 193 : 
2 alleles
2.4% missing data
   1   (0.935) 0.980 0.978 0.903 0.934 0.991 0.998 
   4   (0.065) 0.020 0.022 0.097 0.066 0.009 0.002 

Locus 194 : 
2 alleles
0.0% missing data
   3   (0.770) 0.797 0.714 0.682 0.718 0.968 0.992 
   2   (0.230) 0.203 0.286 0.318 0.282 0.032 0.008 

Locus 195 : 
2 alleles
6.3% missing data
   4   (0.559) 0.634 0.438 0.473 0.453 0.673 0.985 
   1   (0.441) 0.366 0.562 0.527 0.547 0.327 0.015 

Locus 196 : 
2 alleles
0.8% missing data
   3   (0.893) 0.939 0.726 0.976 0.926 0.985 0.766 
   2   (0.107) 0.061 0.274 0.024 0.074 0.015 0.234 

Locus 197 : 
2 alleles
0.8% missing data
   3   (0.672) 0.554 0.905 0.767 0.668 0.788 0.751 
   4   (0.328) 0.446 0.095 0.233 0.332 0.212 0.249 

Locus 198 : 
2 alleles
0.0% missing data
   1   (0.963) 0.989 0.991 0.897 0.985 0.995 0.999 
   2   (0.037) 0.011 0.009 0.103 0.015 0.005 0.001 

Locus 199 : 
2 alleles
0.0% missing data
   2   (0.851) 0.909 0.964 0.556 0.808 0.979 0.995 
   3   (0.149) 0.091 0.036 0.444 0.192 0.021 0.005 

Locus 200 : 
2 alleles
0.0% missing data
   2   (0.520) 0.630 0.170 0.496 0.549 0.447 0.605 
   4   (0.480) 0.370 0.830 0.504 0.451 0.553 0.395 

Locus 201 : 
2 alleles
0.8% missing data
   2   (0.694) 0.696 0.628 0.337 0.672 0.956 0.989 
   1   (0.306) 0.304 0.372 0.663 0.328 0.044 0.011 

Locus 202 : 
2 alleles
0.0% missing data
   1   (0.902) 0.970 0.839 0.995 0.924 0.831 0.749 
   3   (0.098) 0.030 0.161 0.005 0.076 0.169 0.251 

Locus 203 : 
2 alleles
0.8% missing data
   2   (0.715) 0.577 0.639 0.765 0.755 0.582 0.991 
   1   (0.285) 0.423 0.361 0.235 0.245 0.418 0.009 

Locus 204 : 
2 alleles
0.0% missing data
   2   (0.842) 0.724 0.952 0.822 0.834 0.978 0.994 
   5   (0.158) 0.276 0.048 0.178 0.166 0.022 0.006 

Locus 205 : 
2 alleles
0.0% missing data
   3   (0.681) 0.832 0.707 0.883 0.579 0.635 0.651 
   1   (0.319) 0.168 0.293 0.117 0.421 0.365 0.349 

Locus 206 : 
2 alleles
0.0% missing data
   4   (0.584) 0.539 0.865 0.598 0.533 0.889 0.324 
   1   (0.416) 0.461 0.135 0.402 0.467 0.111 0.676 

Locus 207 : 
2 alleles
0.8% missing data
   3   (0.813) 0.765 0.895 0.879 0.824 0.654 0.994 
   2   (0.187) 0.235 0.105 0.121 0.176 0.346 0.006 

Locus 208 : 
2 alleles
1.6% missing data
   1   (0.720) 0.798 0.691 0.530 0.685 0.802 0.991 
   2   (0.280) 0.202 0.309 0.470 0.315 0.198 0.009 

Locus 209 : 
3 alleles
0.0% missing data
   3   (0.943) 0.983 0.987 0.997 0.976 0.992 0.906 
   2   (0.031) 0.009 0.007 0.002 0.013 0.004 0.066 
   0   (0.026) 0.008 0.006 0.001 0.011 0.004 0.027 

Locus 210 : 
2 alleles
0.0% missing data
   2   (0.616) 0.680 0.726 0.442 0.635 0.093 0.979 
   4   (0.384) 0.320 0.274 0.558 0.365 0.907 0.021 

Locus 211 : 
2 alleles
0.0% missing data
   2   (0.895) 0.901 0.801 0.762 0.941 0.985 0.997 
   4   (0.105) 0.099 0.199 0.238 0.059 0.015 0.003 

Locus 212 : 
2 alleles
0.0% missing data
   4   (0.742) 0.819 0.711 0.748 0.756 0.853 0.778 
   1   (0.258) 0.181 0.289 0.252 0.244 0.147 0.222 

Locus 213 : 
2 alleles
0.0% missing data
   3   (0.763) 0.814 0.940 0.618 0.845 0.595 0.217 
   2   (0.237) 0.186 0.060 0.382 0.155 0.405 0.783 

Locus 214 : 
2 alleles
0.0% missing data
   1   (0.741) 0.804 0.922 0.657 0.739 0.696 0.863 
   4   (0.259) 0.196 0.078 0.343 0.261 0.304 0.137 

Locus 215 : 
2 alleles
0.0% missing data
   4   (0.312) 0.339 0.682 0.092 0.246 0.522 0.319 
   5   (0.688) 0.661 0.318 0.908 0.754 0.478 0.681 

Locus 216 : 
2 alleles
0.0% missing data
   3   (0.898) 0.969 0.975 0.805 0.899 0.986 0.904 
   1   (0.102) 0.031 0.025 0.195 0.101 0.014 0.096 

Locus 217 : 
2 alleles
0.0% missing data
   3   (0.884) 0.823 0.972 0.864 0.935 0.825 0.996 
   2   (0.116) 0.177 0.028 0.136 0.065 0.175 0.004 

Locus 218 : 
2 alleles
0.0% missing data
   3   (0.445) 0.547 0.223 0.433 0.532 0.066 0.239 
   2   (0.555) 0.453 0.777 0.567 0.468 0.934 0.761 

Locus 219 : 
2 alleles
0.0% missing data
   4   (0.762) 0.924 0.920 0.287 0.651 0.756 0.992 
   2   (0.238) 0.076 0.080 0.713 0.349 0.244 0.008 

Locus 220 : 
2 alleles
0.0% missing data
   3   (0.752) 0.734 0.909 0.664 0.782 0.698 0.954 
   2   (0.248) 0.266 0.091 0.336 0.218 0.302 0.046 

Locus 221 : 
2 alleles
0.0% missing data
   3   (0.804) 0.820 0.652 0.920 0.876 0.701 0.768 
   2   (0.196) 0.180 0.348 0.080 0.124 0.299 0.232 

Locus 222 : 
2 alleles
0.0% missing data
   2   (0.750) 0.494 0.798 0.495 0.863 0.651 0.992 
   3   (0.250) 0.506 0.202 0.505 0.137 0.349 0.008 

Locus 223 : 
2 alleles
0.8% missing data
   1   (0.944) 0.981 0.987 0.790 0.962 0.992 0.998 
   2   (0.056) 0.019 0.013 0.210 0.038 0.008 0.002 

Locus 224 : 
2 alleles
0.0% missing data
   5   (0.762) 0.882 0.898 0.419 0.763 0.861 0.885 
   1   (0.238) 0.118 0.102 0.581 0.237 0.139 0.115 

Locus 225 : 
2 alleles
0.8% missing data
   2   (0.753) 0.715 0.917 0.784 0.807 0.752 0.639 
   3   (0.247) 0.285 0.083 0.216 0.193 0.248 0.361 

Locus 226 : 
2 alleles
0.0% missing data
   3   (0.926) 0.882 0.629 0.995 0.955 0.989 0.998 
   1   (0.074) 0.118 0.371 0.005 0.045 0.011 0.002 

Values of parameters used in structure:
DATAFILE=/Users/ddayan/FRA/small_omy_projects/sf_crooked_river_2021/structure_SFGL_Omy269/project_data,	OUTFILE=/Users/ddayan/FRA/small_omy_projects/sf_crooked_river_2021/structure_SFGL_Omy269/5k10kadmcorr/Results/5k10kadmcorr_run_55,	NUMINDS=127,	NUMLOCI=226,	MISSING=-9,	LABEL=0,	POPDATA=1,	POPFLAG=0,	PHENOTYPE=0,	EXTRACOLS=0,	MAXPOPS=6,	BURNIN=5000,	NUMREPS=10000,	USEPOPINFO=0,	INFERALPHA=1,	INFERLAMBDA=0,	POPSPECIFICLAMBDA=0,	POPALPHAS=0,	COMPUTEPROB=1,	NOADMIX=0,	ADMBURNIN=2500,	UPDATEFREQ=1,	PRINTLIKES=0,	INTERMEDSAVE=0,	PRINTKLD=0,	PRINTNET=0,	PRINTLAMBDA=0,	ANCESTDIST=0,	NUMBOXES=1000,	ANCESTPINT=0.90000,	GENSBACK=2,	MIGRPRIOR=0.05000,	PRINTQHAT=0,	PRINTQSUM=0,	ALPHA=1.0000,	FREQSCORR=1,	FPRIORMEAN=0.0100,	FPRIORSD=0.0500,	ONEFST=0,	LAMBDA=1.0000,	UNIFPRIORALPHA=1,	ALPHAMAX=10.0000,	ALPHAPRIORA=1.0000,	ALPHAPRIORB=2.0000,	ALPHAPROPSD=0.0250,	STARTATPOPINFO=0,	RANDOMIZE=1,	LINKAGE=0,	METROFREQ=10,	REPORTHITRATE=0,	MARKOVPHASE=-1,	PHASED=0,	PLOIDY=2,	PHASEINFO=0	LOCPRIOR=0, 	LOCPRIORINIT=1.000000, 	LOCDATA=0, 	LOCISPOP=0, 	LOCPRIORSTEP=0.100000, 	MAXLOCPRIOR=20.000000, 	SEED=1642738037,	
[STRAT parameters]:    NUMSIMSTATS=1000,	PHENOTYPECOL=-9,	POOLFREQ=10,	LOCUSxONLY=0,	EMERROR=0.00100,	MISSINGPHENO=-9,	