

----------------------------------------------------
STRUCTURE by Pritchard, Stephens and Donnelly (2000)
     and Falush, Stephens and Pritchard (2003)
       Code by Pritchard, Falush and Hubisz
             Version 2.3.4 (Jul 2012)
----------------------------------------------------



Command line arguments:   bin/structure -m "/Users/ddayan/FRA/small_omy_projects/sf_crooked_river_2021/structure_SFGL_Omy269/5k10kadmcorr/mainparams" -e "/Users/ddayan/FRA/small_omy_projects/sf_crooked_river_2021/structure_SFGL_Omy269/5k10kadmcorr/extraparams" 
Input File:    /Users/ddayan/FRA/small_omy_projects/sf_crooked_river_2021/structure_SFGL_Omy269/project_data

Run parameters:
   127 individuals
   226 loci
   5 populations assumed
   5000 Burn-in period
   10000 Reps


--------------------------------------------
Proportion of membership of each pre-defined
 population in each of the 5 clusters

Given    Inferred Clusters                     Number of
 Pop       1      2      3      4      5      Individuals

  1:     0.004  0.988  0.004  0.003  0.002       35
  2:     0.004  0.003  0.120  0.092  0.781       17
  3:     0.210  0.054  0.562  0.166  0.009       41
  4:     0.005  0.005  0.007  0.009  0.974       34
--------------------------------------------

Allele-freq. divergence among pops (Net nucleotide distance),
computed using point estimates of P.

      1       2       3       4       5      
 1      -    0.0589  0.0350  0.0425  0.0653  
 2   0.0589     -    0.0352  0.0387  0.0783  
 3   0.0350  0.0352     -    0.0126  0.0370  
 4   0.0425  0.0387  0.0126     -    0.0337  
 5   0.0653  0.0783  0.0370  0.0337     -    

Average distances (expected heterozygosity) between individuals in same cluster:
cluster  1  : 0.2746 
cluster  2  : 0.2450 
cluster  3  : 0.3341 
cluster  4  : 0.3399 
cluster  5  : 0.3343 

--------------------------------------------
Estimated Ln Prob of Data   = -26494.6
Mean value of ln likelihood = -26150.3
Variance of ln likelihood   = 688.7
Mean value of alpha         = 0.0310

Mean value of Fst_1         = 0.2713
Mean value of Fst_2         = 0.2991
Mean value of Fst_3         = 0.0566
Mean value of Fst_4         = 0.0773
Mean value of Fst_5         = 0.1501


Inferred ancestry of individuals:
     (%Miss) Pop:  Inferred clusters
  1    (0)    1 :  0.001 0.995 0.001 0.001 0.001 
  2    (0)    1 :  0.009 0.971 0.008 0.009 0.003 
  3    (0)    1 :  0.001 0.994 0.002 0.002 0.001 
  4    (0)    1 :  0.001 0.992 0.002 0.004 0.001 
  5    (0)    1 :  0.001 0.995 0.001 0.001 0.002 
  6    (0)    1 :  0.003 0.991 0.003 0.002 0.001 
  7    (0)    1 :  0.001 0.996 0.001 0.001 0.001 
  8    (0)    1 :  0.003 0.989 0.004 0.004 0.001 
  9    (0)    1 :  0.003 0.995 0.001 0.001 0.001 
 10    (0)    1 :  0.004 0.988 0.002 0.004 0.002 
 11    (0)    1 :  0.061 0.915 0.020 0.002 0.003 
 12    (0)    1 :  0.003 0.975 0.011 0.007 0.003 
 13    (0)    1 :  0.001 0.997 0.001 0.001 0.000 
 14    (0)    1 :  0.003 0.991 0.004 0.002 0.001 
 15    (0)    1 :  0.002 0.995 0.001 0.001 0.001 
 16    (0)    1 :  0.004 0.993 0.001 0.001 0.001 
 17    (0)    1 :  0.001 0.971 0.005 0.023 0.001 
 18    (0)    1 :  0.006 0.937 0.031 0.012 0.014 
 19    (0)    1 :  0.003 0.992 0.002 0.002 0.001 
 20    (0)    1 :  0.001 0.995 0.002 0.001 0.001 
 21    (0)    1 :  0.002 0.990 0.003 0.002 0.002 
 22    (0)    1 :  0.003 0.989 0.002 0.005 0.002 
 23    (0)    1 :  0.001 0.996 0.001 0.001 0.001 
 24    (0)    1 :  0.002 0.996 0.001 0.001 0.001 
 25    (0)    1 :  0.001 0.991 0.002 0.002 0.003 
 26    (0)    1 :  0.001 0.995 0.002 0.001 0.001 
 27    (0)    1 :  0.001 0.996 0.001 0.001 0.001 
 28    (0)    1 :  0.006 0.988 0.003 0.003 0.001 
 29    (0)    1 :  0.001 0.995 0.001 0.001 0.001 
 30    (0)    1 :  0.001 0.996 0.001 0.001 0.001 
 31    (0)    1 :  0.002 0.995 0.001 0.001 0.001 
 32    (0)    1 :  0.004 0.990 0.002 0.003 0.001 
 33    (0)    1 :  0.001 0.996 0.001 0.001 0.000 
 34    (0)    1 :  0.001 0.997 0.001 0.001 0.001 
 35    (0)    1 :  0.002 0.993 0.001 0.003 0.001 
 36    (0)    2 :  0.003 0.002 0.055 0.107 0.833 
 37    (0)    2 :  0.002 0.005 0.003 0.012 0.977 
 38    (0)    3 :  0.029 0.004 0.964 0.002 0.001 
 39    (0)    3 :  0.001 0.009 0.002 0.986 0.002 
 40    (0)    3 :  0.002 0.022 0.002 0.971 0.002 
 41    (0)    3 :  0.016 0.002 0.078 0.889 0.015 
 42    (0)    3 :  0.216 0.005 0.690 0.051 0.038 
 43    (0)    2 :  0.001 0.001 0.003 0.002 0.993 
 44    (0)    2 :  0.015 0.012 0.881 0.005 0.087 
 45    (0)    2 :  0.001 0.001 0.004 0.001 0.993 
 46    (0)    2 :  0.002 0.002 0.004 0.004 0.988 
 47    (0)    2 :  0.007 0.002 0.007 0.452 0.532 
 48    (0)    2 :  0.003 0.005 0.004 0.897 0.091 
 49    (0)    2 :  0.013 0.009 0.529 0.025 0.425 
 50    (0)    2 :  0.002 0.001 0.009 0.005 0.983 
 51    (0)    2 :  0.005 0.002 0.004 0.018 0.971 
 52    (0)    3 :  0.026 0.013 0.954 0.005 0.002 
 53    (0)    3 :  0.002 0.034 0.950 0.009 0.005 
 54    (0)    3 :  0.009 0.002 0.976 0.008 0.004 
 55    (0)    3 :  0.003 0.004 0.075 0.880 0.039 
 56    (0)    3 :  0.993 0.003 0.002 0.001 0.001 
 57    (0)    3 :  0.004 0.099 0.058 0.831 0.007 
 58    (0)    3 :  0.008 0.006 0.981 0.003 0.002 
 59    (0)    3 :  0.003 0.004 0.080 0.881 0.032 
 60    (0)    3 :  0.994 0.001 0.001 0.003 0.001 
 61    (0)    3 :  0.995 0.001 0.001 0.001 0.001 
 62    (0)    3 :  0.012 0.002 0.966 0.017 0.004 
 63    (0)    3 :  0.010 0.008 0.972 0.009 0.002 
 64    (0)    3 :  0.003 0.456 0.535 0.005 0.001 
 65    (0)    3 :  0.001 0.438 0.497 0.061 0.002 
 66    (0)    3 :  0.001 0.324 0.667 0.006 0.001 
 67    (0)    3 :  0.023 0.219 0.695 0.049 0.015 
 68    (0)    3 :  0.996 0.001 0.001 0.001 0.001 
 69    (0)    3 :  0.002 0.426 0.468 0.011 0.093 
 70    (0)    3 :  0.985 0.003 0.004 0.006 0.001 
 71    (0)    3 :  0.985 0.007 0.005 0.002 0.001 
 72    (0)    3 :  0.989 0.005 0.003 0.001 0.002 
 73    (0)    3 :  0.191 0.005 0.800 0.002 0.003 
 74    (0)    3 :  0.002 0.004 0.987 0.005 0.003 
 75    (0)    3 :  0.002 0.004 0.981 0.011 0.002 
 76    (0)    3 :  0.002 0.002 0.985 0.006 0.005 
 77    (0)    3 :  0.010 0.007 0.973 0.005 0.005 
 78    (0)    3 :  0.022 0.026 0.941 0.007 0.003 
 79    (0)    3 :  0.003 0.002 0.953 0.039 0.003 
 80    (0)    3 :  0.006 0.004 0.983 0.005 0.002 
 81    (0)    3 :  0.015 0.008 0.971 0.003 0.003 
 82    (0)    3 :  0.005 0.011 0.929 0.013 0.042 
 83    (0)    3 :  0.008 0.008 0.980 0.002 0.001 
 84    (0)    3 :  0.025 0.012 0.960 0.002 0.002 
 85    (0)    3 :  0.995 0.001 0.002 0.001 0.001 
 86    (0)    3 :  0.001 0.002 0.002 0.993 0.002 
 87    (0)    3 :  0.004 0.010 0.969 0.007 0.009 
 88    (0)    2 :  0.001 0.001 0.002 0.002 0.994 
 89    (0)    2 :  0.004 0.001 0.006 0.008 0.981 
 90    (0)    2 :  0.003 0.001 0.003 0.006 0.987 
 91    (0)    2 :  0.004 0.001 0.515 0.003 0.477 
 92    (0)    2 :  0.007 0.002 0.004 0.021 0.967 
 93    (0)    2 :  0.001 0.001 0.002 0.002 0.995 
 94    (0)    4 :  0.003 0.003 0.004 0.002 0.989 
 95    (0)    4 :  0.002 0.001 0.004 0.002 0.991 
 96    (2)    4 :  0.005 0.001 0.008 0.011 0.974 
 97    (0)    4 :  0.008 0.011 0.009 0.047 0.925 
 98    (1)    4 :  0.008 0.002 0.023 0.029 0.939 
 99    (0)    4 :  0.007 0.008 0.006 0.003 0.976 
100    (1)    4 :  0.007 0.003 0.007 0.004 0.979 
101    (0)    4 :  0.001 0.002 0.014 0.004 0.979 
102    (0)    4 :  0.001 0.001 0.002 0.001 0.994 
103    (0)    4 :  0.011 0.011 0.008 0.008 0.963 
104    (1)    4 :  0.015 0.002 0.013 0.005 0.965 
105    (1)    4 :  0.002 0.002 0.002 0.002 0.992 
106    (2)    4 :  0.006 0.003 0.005 0.006 0.981 
107    (1)    4 :  0.002 0.001 0.002 0.002 0.993 
108    (0)    4 :  0.005 0.005 0.004 0.013 0.973 
109    (1)    4 :  0.002 0.017 0.005 0.007 0.969 
110    (3)    4 :  0.002 0.001 0.003 0.004 0.990 
111    (0)    4 :  0.003 0.003 0.012 0.006 0.976 
112    (1)    4 :  0.002 0.002 0.007 0.010 0.979 
113    (1)    4 :  0.002 0.002 0.001 0.004 0.990 
114    (0)    4 :  0.001 0.001 0.002 0.002 0.995 
115    (1)    4 :  0.001 0.003 0.001 0.002 0.994 
116    (1)    4 :  0.005 0.007 0.031 0.033 0.924 
117    (0)    4 :  0.002 0.013 0.008 0.003 0.974 
118    (3)    4 :  0.002 0.003 0.003 0.002 0.990 
119    (2)    4 :  0.005 0.020 0.007 0.025 0.943 
120    (2)    4 :  0.010 0.003 0.008 0.009 0.970 
121    (0)    4 :  0.002 0.013 0.010 0.012 0.963 
122    (1)    4 :  0.007 0.003 0.002 0.005 0.982 
123    (0)    4 :  0.001 0.001 0.001 0.001 0.996 
124   (15)    4 :  0.022 0.003 0.013 0.003 0.960 
125    (1)    4 :  0.007 0.006 0.006 0.014 0.966 
126    (0)    4 :  0.011 0.007 0.004 0.012 0.965 
127    (2)    4 :  0.002 0.004 0.003 0.002 0.989 


Estimated Allele Frequencies in each cluster
First column gives estimated ancestral frequencies


Locus 1 : 
2 alleles
0.0% missing data
   3   (0.929) 0.991 0.998 0.982 0.848 0.912 
   2   (0.071) 0.009 0.002 0.018 0.152 0.088 

Locus 2 : 
2 alleles
0.0% missing data
   2   (0.339) 0.052 0.169 0.399 0.340 0.365 
   3   (0.661) 0.948 0.831 0.601 0.660 0.635 

Locus 3 : 
2 alleles
0.0% missing data
   2   (0.355) 0.218 0.252 0.364 0.340 0.338 
   4   (0.645) 0.782 0.748 0.636 0.660 0.662 

Locus 4 : 
2 alleles
0.0% missing data
   1   (0.696) 0.369 0.888 0.704 0.618 0.928 
   4   (0.304) 0.631 0.112 0.296 0.382 0.072 

Locus 5 : 
2 alleles
3.1% missing data
   2   (0.798) 0.972 0.952 0.847 0.744 0.740 
   1   (0.202) 0.028 0.048 0.153 0.256 0.260 

Locus 6 : 
2 alleles
2.4% missing data
   1   (0.200) 0.030 0.382 0.229 0.115 0.195 
   3   (0.800) 0.970 0.618 0.771 0.885 0.805 

Locus 7 : 
2 alleles
0.0% missing data
   2   (0.630) 0.947 0.458 0.619 0.682 0.413 
   3   (0.370) 0.053 0.542 0.381 0.318 0.587 

Locus 8 : 
2 alleles
2.4% missing data
   1   (0.245) 0.253 0.263 0.229 0.181 0.168 
   2   (0.755) 0.747 0.737 0.771 0.819 0.832 

Locus 9 : 
2 alleles
0.8% missing data
   4   (0.961) 0.995 0.999 0.990 0.984 0.822 
   1   (0.039) 0.005 0.001 0.010 0.016 0.178 

Locus 10 : 
2 alleles
0.0% missing data
   3   (0.709) 0.656 0.990 0.785 0.610 0.521 
   2   (0.291) 0.344 0.010 0.215 0.390 0.479 

Locus 11 : 
2 alleles
0.0% missing data
   2   (0.944) 0.993 0.998 0.986 0.948 0.773 
   1   (0.056) 0.007 0.002 0.014 0.052 0.227 

Locus 12 : 
2 alleles
0.0% missing data
   1   (0.478) 0.233 0.823 0.634 0.333 0.282 
   4   (0.522) 0.767 0.177 0.366 0.667 0.718 

Locus 13 : 
2 alleles
0.8% missing data
   2   (0.700) 0.805 0.801 0.686 0.797 0.586 
   4   (0.300) 0.195 0.199 0.314 0.203 0.414 

Locus 14 : 
2 alleles
0.0% missing data
   4   (0.694) 0.539 0.800 0.710 0.808 0.575 
   2   (0.306) 0.461 0.200 0.290 0.192 0.425 

Locus 15 : 
2 alleles
0.0% missing data
   4   (0.863) 0.981 0.995 0.909 0.728 0.885 
   2   (0.137) 0.019 0.005 0.091 0.272 0.115 

Locus 16 : 
2 alleles
0.0% missing data
   1   (0.428) 0.464 0.691 0.286 0.556 0.383 
   4   (0.572) 0.536 0.309 0.714 0.444 0.617 

Locus 17 : 
2 alleles
0.0% missing data
   4   (0.907) 0.875 0.997 0.922 0.960 0.936 
   3   (0.093) 0.125 0.003 0.078 0.040 0.064 

Locus 18 : 
2 alleles
0.0% missing data
   2   (0.799) 0.970 0.787 0.759 0.882 0.786 
   3   (0.201) 0.030 0.213 0.241 0.118 0.214 

Locus 19 : 
2 alleles
0.8% missing data
   4   (0.860) 0.981 0.984 0.922 0.794 0.819 
   2   (0.140) 0.019 0.016 0.078 0.206 0.181 

Locus 20 : 
2 alleles
0.0% missing data
   2   (0.660) 0.947 0.561 0.654 0.638 0.661 
   3   (0.340) 0.053 0.439 0.346 0.362 0.339 

Locus 21 : 
2 alleles
0.8% missing data
   2   (0.349) 0.267 0.208 0.324 0.319 0.452 
   3   (0.651) 0.733 0.792 0.676 0.681 0.548 

Locus 22 : 
2 alleles
0.0% missing data
   4   (0.797) 0.704 0.871 0.890 0.819 0.727 
   2   (0.203) 0.296 0.129 0.110 0.181 0.273 

Locus 23 : 
2 alleles
2.4% missing data
   1   (0.372) 0.483 0.565 0.296 0.342 0.402 
   4   (0.628) 0.517 0.435 0.704 0.658 0.598 

Locus 24 : 
2 alleles
0.0% missing data
   3   (0.772) 0.968 0.992 0.644 0.842 0.607 
   2   (0.228) 0.032 0.008 0.356 0.158 0.393 

Locus 25 : 
2 alleles
0.0% missing data
   3   (0.699) 0.956 0.489 0.719 0.672 0.715 
   2   (0.301) 0.044 0.511 0.281 0.328 0.285 

Locus 26 : 
2 alleles
0.8% missing data
   2   (0.572) 0.935 0.724 0.535 0.486 0.552 
   4   (0.428) 0.065 0.276 0.465 0.514 0.448 

Locus 27 : 
2 alleles
1.6% missing data
   1   (0.596) 0.188 0.752 0.602 0.682 0.626 
   4   (0.404) 0.812 0.248 0.398 0.318 0.374 

Locus 28 : 
2 alleles
3.9% missing data
   3   (0.528) 0.288 0.585 0.486 0.588 0.661 
   2   (0.472) 0.712 0.415 0.514 0.412 0.339 

Locus 29 : 
2 alleles
0.0% missing data
   4   (0.205) 0.350 0.439 0.119 0.115 0.357 
   1   (0.795) 0.650 0.561 0.881 0.885 0.643 

Locus 30 : 
2 alleles
0.0% missing data
   1   (0.426) 0.489 0.571 0.406 0.364 0.463 
   4   (0.574) 0.511 0.429 0.594 0.636 0.537 

Locus 31 : 
2 alleles
3.1% missing data
   2   (0.292) 0.041 0.502 0.292 0.276 0.301 
   4   (0.708) 0.959 0.498 0.708 0.724 0.699 

Locus 32 : 
2 alleles
0.0% missing data
   4   (0.511) 0.354 0.646 0.566 0.383 0.665 
   3   (0.489) 0.646 0.354 0.434 0.617 0.335 

Locus 33 : 
2 alleles
0.8% missing data
   2   (0.540) 0.442 0.568 0.524 0.561 0.615 
   3   (0.460) 0.558 0.432 0.476 0.439 0.385 

Locus 34 : 
2 alleles
0.0% missing data
   3   (0.504) 0.452 0.606 0.465 0.530 0.566 
   2   (0.496) 0.548 0.394 0.535 0.470 0.434 

Locus 35 : 
2 alleles
0.0% missing data
   4   (0.666) 0.691 0.989 0.570 0.607 0.794 
   1   (0.334) 0.309 0.011 0.430 0.393 0.206 

Locus 36 : 
2 alleles
0.0% missing data
   4   (0.653) 0.949 0.788 0.620 0.708 0.416 
   1   (0.347) 0.051 0.212 0.380 0.292 0.584 

Locus 37 : 
2 alleles
0.8% missing data
   2   (0.567) 0.733 0.814 0.551 0.576 0.449 
   3   (0.433) 0.267 0.186 0.449 0.424 0.551 

Locus 38 : 
2 alleles
0.8% missing data
   1   (0.919) 0.788 0.998 0.978 0.791 0.989 
   2   (0.081) 0.212 0.002 0.022 0.209 0.011 

Locus 39 : 
2 alleles
1.6% missing data
   2   (0.601) 0.520 0.963 0.608 0.636 0.341 
   4   (0.399) 0.480 0.037 0.392 0.364 0.659 

Locus 40 : 
2 alleles
0.0% missing data
   1   (0.404) 0.490 0.401 0.298 0.299 0.817 
   4   (0.596) 0.510 0.599 0.702 0.701 0.183 

Locus 41 : 
2 alleles
0.0% missing data
   2   (0.898) 0.986 0.932 0.970 0.910 0.623 
   1   (0.102) 0.014 0.068 0.030 0.090 0.377 

Locus 42 : 
2 alleles
0.0% missing data
   2   (0.544) 0.525 0.526 0.527 0.563 0.603 
   4   (0.456) 0.475 0.474 0.473 0.437 0.397 

Locus 43 : 
2 alleles
0.0% missing data
   2   (0.432) 0.455 0.369 0.311 0.464 0.683 
   4   (0.568) 0.545 0.631 0.689 0.536 0.317 

Locus 44 : 
3 alleles
1.6% missing data
   3   (0.839) 0.974 0.837 0.933 0.756 0.919 
   2   (0.128) 0.022 0.162 0.058 0.164 0.078 
   0   (0.034) 0.005 0.001 0.008 0.080 0.002 

Locus 45 : 
2 alleles
0.0% missing data
   1   (0.792) 0.969 0.984 0.805 0.709 0.792 
   2   (0.208) 0.031 0.016 0.195 0.291 0.208 

Locus 46 : 
2 alleles
0.0% missing data
   4   (0.876) 0.776 0.996 0.885 0.912 0.953 
   2   (0.124) 0.224 0.004 0.115 0.088 0.047 

Locus 47 : 
2 alleles
0.0% missing data
   2   (0.867) 0.705 0.957 0.901 0.923 0.949 
   1   (0.133) 0.295 0.043 0.099 0.077 0.051 

Locus 48 : 
2 alleles
1.6% missing data
   2   (0.553) 0.840 0.428 0.608 0.468 0.521 
   4   (0.447) 0.160 0.572 0.392 0.532 0.479 

Locus 49 : 
2 alleles
0.0% missing data
   1   (0.736) 0.792 0.914 0.749 0.804 0.649 
   2   (0.264) 0.208 0.086 0.251 0.196 0.351 

Locus 50 : 
2 alleles
0.0% missing data
   4   (0.724) 0.642 0.437 0.779 0.800 0.736 
   1   (0.276) 0.358 0.563 0.221 0.200 0.264 

Locus 51 : 
2 alleles
0.0% missing data
   3   (0.549) 0.559 0.570 0.386 0.716 0.667 
   2   (0.451) 0.441 0.430 0.614 0.284 0.333 

Locus 52 : 
2 alleles
0.8% missing data
   4   (0.919) 0.989 0.997 0.915 0.965 0.877 
   2   (0.081) 0.011 0.003 0.085 0.035 0.123 

Locus 53 : 
2 alleles
0.0% missing data
   4   (0.924) 0.736 0.998 0.980 0.967 0.624 
   2   (0.076) 0.264 0.002 0.020 0.033 0.376 

Locus 54 : 
2 alleles
3.1% missing data
   3   (0.601) 0.658 0.836 0.524 0.622 0.706 
   4   (0.399) 0.342 0.164 0.476 0.378 0.294 

Locus 55 : 
2 alleles
0.0% missing data
   2   (0.603) 0.785 0.593 0.608 0.509 0.778 
   1   (0.397) 0.215 0.407 0.392 0.491 0.222 

Locus 56 : 
3 alleles
2.4% missing data
   1   (0.786) 0.616 0.993 0.854 0.762 0.729 
   0   (0.080) 0.111 0.003 0.020 0.178 0.023 
   4   (0.134) 0.273 0.004 0.127 0.060 0.248 

Locus 57 : 
2 alleles
0.0% missing data
   4   (0.881) 0.983 0.996 0.939 0.837 0.647 
   1   (0.119) 0.017 0.004 0.061 0.163 0.353 

Locus 58 : 
2 alleles
0.0% missing data
   4   (0.881) 0.981 0.987 0.828 0.914 0.970 
   2   (0.119) 0.019 0.013 0.172 0.086 0.030 

Locus 59 : 
2 alleles
0.0% missing data
   3   (0.857) 0.981 0.891 0.889 0.837 0.953 
   2   (0.143) 0.019 0.109 0.111 0.163 0.047 

Locus 60 : 
2 alleles
0.0% missing data
   4   (0.767) 0.769 0.992 0.720 0.829 0.680 
   2   (0.233) 0.231 0.008 0.280 0.171 0.320 

Locus 61 : 
2 alleles
0.0% missing data
   4   (0.866) 0.828 0.996 0.903 0.913 0.775 
   2   (0.134) 0.172 0.004 0.097 0.087 0.225 

Locus 62 : 
2 alleles
0.0% missing data
   2   (0.729) 0.963 0.914 0.853 0.534 0.469 
   1   (0.271) 0.037 0.086 0.147 0.466 0.531 

Locus 63 : 
2 alleles
0.0% missing data
   2   (0.412) 0.714 0.640 0.428 0.336 0.218 
   1   (0.588) 0.286 0.360 0.572 0.664 0.782 

Locus 64 : 
2 alleles
0.0% missing data
   4   (0.811) 0.757 0.993 0.872 0.730 0.846 
   2   (0.189) 0.243 0.007 0.128 0.270 0.154 

Locus 65 : 
2 alleles
0.8% missing data
   1   (0.883) 0.980 0.996 0.890 0.921 0.741 
   4   (0.117) 0.020 0.004 0.110 0.079 0.259 

Locus 66 : 
3 alleles
1.6% missing data
   3   (0.596) 0.530 0.662 0.620 0.620 0.689 
   2   (0.371) 0.465 0.337 0.372 0.366 0.267 
   0   (0.033) 0.005 0.001 0.008 0.014 0.044 

Locus 67 : 
2 alleles
0.0% missing data
   1   (0.140) 0.228 0.030 0.080 0.152 0.037 
   3   (0.860) 0.772 0.970 0.920 0.848 0.963 

Locus 68 : 
2 alleles
0.0% missing data
   2   (0.525) 0.179 0.738 0.542 0.654 0.329 
   3   (0.475) 0.821 0.262 0.458 0.346 0.671 

Locus 69 : 
2 alleles
0.0% missing data
   4   (0.810) 0.696 0.994 0.802 0.910 0.507 
   2   (0.190) 0.304 0.006 0.198 0.090 0.493 

Locus 70 : 
3 alleles
0.0% missing data
   1   (0.287) 0.795 0.701 0.433 0.153 0.025 
   3   (0.674) 0.199 0.147 0.554 0.830 0.973 
   0   (0.039) 0.005 0.153 0.013 0.017 0.002 

Locus 71 : 
2 alleles
3.1% missing data
   2   (0.551) 0.508 0.214 0.591 0.507 0.744 
   4   (0.449) 0.492 0.786 0.409 0.493 0.256 

Locus 72 : 
2 alleles
1.6% missing data
   3   (0.539) 0.333 0.713 0.533 0.486 0.708 
   1   (0.461) 0.667 0.287 0.467 0.514 0.292 

Locus 73 : 
2 alleles
0.0% missing data
   1   (0.316) 0.487 0.539 0.252 0.239 0.354 
   2   (0.684) 0.513 0.461 0.748 0.761 0.646 

Locus 74 : 
2 alleles
1.6% missing data
   2   (0.827) 0.974 0.983 0.783 0.786 0.937 
   3   (0.173) 0.026 0.017 0.217 0.214 0.063 

Locus 75 : 
2 alleles
0.0% missing data
   3   (0.504) 0.168 0.791 0.394 0.611 0.663 
   1   (0.496) 0.832 0.209 0.606 0.389 0.337 

Locus 76 : 
2 alleles
0.0% missing data
   2   (0.446) 0.644 0.926 0.383 0.479 0.182 
   1   (0.554) 0.356 0.074 0.617 0.521 0.818 

Locus 77 : 
2 alleles
0.0% missing data
   4   (0.290) 0.319 0.482 0.356 0.194 0.102 
   1   (0.710) 0.681 0.518 0.644 0.806 0.898 

Locus 78 : 
2 alleles
0.0% missing data
   3   (0.718) 0.542 0.990 0.660 0.717 0.825 
   2   (0.282) 0.458 0.010 0.340 0.283 0.175 

Locus 79 : 
2 alleles
0.0% missing data
   2   (0.591) 0.846 0.719 0.509 0.671 0.520 
   3   (0.409) 0.154 0.281 0.491 0.329 0.480 

Locus 80 : 
2 alleles
0.0% missing data
   4   (0.819) 0.712 0.872 0.840 0.921 0.784 
   2   (0.181) 0.288 0.128 0.160 0.079 0.216 

Locus 81 : 
2 alleles
0.0% missing data
   3   (0.465) 0.066 0.338 0.530 0.489 0.583 
   2   (0.535) 0.934 0.662 0.470 0.511 0.417 

Locus 82 : 
2 alleles
0.0% missing data
   2   (0.730) 0.746 0.717 0.811 0.742 0.685 
   3   (0.270) 0.254 0.283 0.189 0.258 0.315 

Locus 83 : 
2 alleles
0.0% missing data
   3   (0.709) 0.960 0.882 0.769 0.644 0.471 
   2   (0.291) 0.040 0.118 0.231 0.356 0.529 

Locus 84 : 
2 alleles
0.0% missing data
   3   (0.530) 0.298 0.438 0.605 0.572 0.409 
   2   (0.470) 0.702 0.562 0.395 0.428 0.591 

Locus 85 : 
2 alleles
0.0% missing data
   3   (0.765) 0.640 0.874 0.747 0.868 0.816 
   4   (0.235) 0.360 0.126 0.253 0.132 0.184 

Locus 86 : 
2 alleles
0.0% missing data
   3   (0.546) 0.082 0.446 0.506 0.616 0.850 
   2   (0.454) 0.918 0.554 0.494 0.384 0.150 

Locus 87 : 
3 alleles
4.7% missing data
   1   (0.533) 0.498 0.714 0.608 0.483 0.432 
   4   (0.433) 0.498 0.285 0.383 0.446 0.563 
   0   (0.033) 0.005 0.001 0.008 0.070 0.005 

Locus 88 : 
2 alleles
1.6% missing data
   3   (0.813) 0.974 0.994 0.785 0.819 0.670 
   1   (0.187) 0.026 0.006 0.215 0.181 0.330 

Locus 89 : 
2 alleles
0.0% missing data
   1   (0.550) 0.496 0.895 0.599 0.485 0.425 
   4   (0.450) 0.504 0.105 0.401 0.515 0.575 

Locus 90 : 
2 alleles
0.8% missing data
   3   (0.736) 0.531 0.760 0.802 0.829 0.600 
   2   (0.264) 0.469 0.240 0.198 0.171 0.400 

Locus 91 : 
2 alleles
0.0% missing data
   2   (0.678) 0.741 0.690 0.713 0.681 0.720 
   4   (0.322) 0.259 0.310 0.287 0.319 0.280 

Locus 92 : 
2 alleles
0.0% missing data
   2   (0.774) 0.752 0.956 0.784 0.840 0.738 
   4   (0.226) 0.248 0.044 0.216 0.160 0.262 

Locus 93 : 
2 alleles
0.0% missing data
   4   (0.907) 0.983 0.997 0.962 0.821 0.876 
   1   (0.093) 0.017 0.003 0.038 0.179 0.124 

Locus 94 : 
2 alleles
0.0% missing data
   3   (0.787) 0.968 0.748 0.776 0.802 0.872 
   1   (0.213) 0.032 0.252 0.224 0.198 0.128 

Locus 95 : 
2 alleles
0.0% missing data
   1   (0.059) 0.008 0.067 0.015 0.129 0.003 
   3   (0.941) 0.992 0.933 0.985 0.871 0.997 

Locus 96 : 
2 alleles
0.0% missing data
   3   (0.538) 0.520 0.802 0.613 0.430 0.484 
   2   (0.462) 0.480 0.198 0.387 0.570 0.516 

Locus 97 : 
2 alleles
0.0% missing data
   2   (0.724) 0.754 0.991 0.747 0.650 0.638 
   1   (0.276) 0.246 0.009 0.253 0.350 0.362 

Locus 98 : 
2 alleles
0.0% missing data
   4   (0.774) 0.965 0.993 0.704 0.801 0.610 
   2   (0.226) 0.035 0.007 0.296 0.199 0.390 

Locus 99 : 
2 alleles
0.8% missing data
   4   (0.838) 0.760 0.995 0.875 0.894 0.615 
   1   (0.162) 0.240 0.005 0.125 0.106 0.385 

Locus 100 : 
2 alleles
0.8% missing data
   3   (0.416) 0.659 0.211 0.457 0.281 0.512 
   2   (0.584) 0.341 0.789 0.543 0.719 0.488 

Locus 101 : 
3 alleles
0.0% missing data
   4   (0.432) 0.494 0.433 0.660 0.325 0.088 
   2   (0.484) 0.495 0.543 0.289 0.499 0.907 
   0   (0.084) 0.011 0.024 0.051 0.176 0.005 

Locus 102 : 
2 alleles
2.4% missing data
   2   (0.776) 0.704 0.900 0.733 0.866 0.891 
   4   (0.224) 0.296 0.100 0.267 0.134 0.109 

Locus 103 : 
3 alleles
0.0% missing data
   4   (0.118) 0.017 0.525 0.052 0.169 0.027 
   2   (0.818) 0.972 0.473 0.752 0.804 0.969 
   0   (0.064) 0.011 0.002 0.196 0.027 0.004 

Locus 104 : 
2 alleles
0.0% missing data
   3   (0.289) 0.148 0.564 0.343 0.186 0.178 
   2   (0.711) 0.852 0.436 0.657 0.814 0.822 

Locus 105 : 
2 alleles
0.0% missing data
   4   (0.491) 0.507 0.413 0.497 0.525 0.414 
   1   (0.509) 0.493 0.587 0.503 0.475 0.586 

Locus 106 : 
2 alleles
0.0% missing data
   1   (0.142) 0.020 0.175 0.147 0.064 0.182 
   2   (0.858) 0.980 0.825 0.853 0.936 0.818 

Locus 107 : 
2 alleles
0.0% missing data
   1   (0.588) 0.394 0.793 0.603 0.658 0.480 
   4   (0.412) 0.606 0.207 0.397 0.342 0.520 

Locus 108 : 
2 alleles
0.0% missing data
   2   (0.759) 0.698 0.927 0.740 0.838 0.824 
   4   (0.241) 0.302 0.073 0.260 0.162 0.176 

Locus 109 : 
2 alleles
0.0% missing data
   3   (0.788) 0.811 0.966 0.827 0.806 0.792 
   2   (0.212) 0.189 0.034 0.173 0.194 0.208 

Locus 110 : 
2 alleles
0.0% missing data
   2   (0.923) 0.989 0.998 0.921 0.965 0.917 
   1   (0.077) 0.011 0.002 0.079 0.035 0.083 

Locus 111 : 
2 alleles
0.0% missing data
   1   (0.854) 0.980 0.995 0.822 0.894 0.732 
   2   (0.146) 0.020 0.005 0.178 0.106 0.268 

Locus 112 : 
2 alleles
7.1% missing data
   3   (0.837) 0.757 0.995 0.831 0.882 0.876 
   2   (0.163) 0.243 0.005 0.169 0.118 0.124 

Locus 113 : 
2 alleles
0.0% missing data
   2   (0.692) 0.954 0.744 0.536 0.728 0.867 
   3   (0.308) 0.046 0.256 0.464 0.272 0.133 

Locus 114 : 
2 alleles
0.0% missing data
   4   (0.713) 0.958 0.803 0.709 0.680 0.705 
   2   (0.287) 0.042 0.197 0.291 0.320 0.295 

Locus 115 : 
2 alleles
0.0% missing data
   3   (0.443) 0.661 0.341 0.465 0.322 0.540 
   2   (0.557) 0.339 0.659 0.535 0.678 0.460 

Locus 116 : 
2 alleles
0.0% missing data
   4   (0.450) 0.483 0.692 0.408 0.373 0.576 
   3   (0.550) 0.517 0.308 0.592 0.627 0.424 

Locus 117 : 
2 alleles
0.0% missing data
   2   (0.874) 0.983 0.994 0.917 0.794 0.897 
   3   (0.126) 0.017 0.006 0.083 0.206 0.103 

Locus 118 : 
2 alleles
0.0% missing data
   2   (0.901) 0.986 0.997 0.963 0.750 0.914 
   1   (0.099) 0.014 0.003 0.037 0.250 0.086 

Locus 119 : 
3 alleles
0.0% missing data
   2   (0.910) 0.581 0.971 0.978 0.962 0.916 
   0   (0.031) 0.004 0.027 0.008 0.013 0.002 
   3   (0.059) 0.415 0.002 0.015 0.025 0.082 

Locus 120 : 
2 alleles
0.0% missing data
   1   (0.930) 0.988 0.997 0.924 0.969 0.957 
   2   (0.070) 0.012 0.003 0.076 0.031 0.043 

Locus 121 : 
2 alleles
0.0% missing data
   3   (0.736) 0.854 0.657 0.696 0.824 0.825 
   4   (0.264) 0.146 0.343 0.304 0.176 0.175 

Locus 122 : 
2 alleles
0.0% missing data
   1   (0.962) 0.995 0.898 0.986 0.984 0.998 
   0   (0.038) 0.005 0.102 0.014 0.016 0.002 

Locus 123 : 
3 alleles
1.6% missing data
   2   (0.725) 0.848 0.915 0.744 0.855 0.336 
   3   (0.244) 0.148 0.031 0.248 0.132 0.663 
   0   (0.032) 0.004 0.054 0.008 0.013 0.002 

Locus 124 : 
2 alleles
0.8% missing data
   1   (0.814) 0.975 0.993 0.847 0.690 0.756 
   3   (0.186) 0.025 0.007 0.153 0.310 0.244 

Locus 125 : 
2 alleles
0.0% missing data
   1   (0.904) 0.542 0.997 0.875 0.958 0.987 
   2   (0.096) 0.458 0.003 0.125 0.042 0.013 

Locus 126 : 
2 alleles
0.0% missing data
   4   (0.251) 0.295 0.243 0.169 0.218 0.316 
   2   (0.749) 0.705 0.757 0.831 0.782 0.684 

Locus 127 : 
2 alleles
0.0% missing data
   3   (0.659) 0.529 0.988 0.729 0.594 0.391 
   2   (0.341) 0.471 0.012 0.271 0.406 0.609 

Locus 128 : 
2 alleles
0.8% missing data
   3   (0.772) 0.650 0.798 0.817 0.728 0.948 
   2   (0.228) 0.350 0.202 0.183 0.272 0.052 

Locus 129 : 
2 alleles
0.8% missing data
   1   (0.763) 0.763 0.979 0.724 0.731 0.926 
   3   (0.237) 0.237 0.021 0.276 0.269 0.074 

Locus 130 : 
2 alleles
0.0% missing data
   3   (0.876) 0.981 0.996 0.893 0.811 0.935 
   2   (0.124) 0.019 0.004 0.107 0.189 0.065 

Locus 131 : 
2 alleles
0.0% missing data
   4   (0.650) 0.592 0.330 0.646 0.649 0.893 
   1   (0.350) 0.408 0.670 0.354 0.351 0.107 

Locus 132 : 
2 alleles
0.0% missing data
   2   (0.803) 0.822 0.994 0.797 0.743 0.906 
   4   (0.197) 0.178 0.006 0.203 0.257 0.094 

Locus 133 : 
2 alleles
0.0% missing data
   3   (0.479) 0.068 0.842 0.487 0.513 0.520 
   2   (0.521) 0.932 0.158 0.513 0.487 0.480 

Locus 134 : 
2 alleles
0.8% missing data
   3   (0.774) 0.968 0.908 0.772 0.809 0.661 
   2   (0.226) 0.032 0.092 0.228 0.191 0.339 

Locus 135 : 
2 alleles
0.0% missing data
   3   (0.626) 0.509 0.898 0.618 0.653 0.600 
   2   (0.374) 0.491 0.102 0.382 0.347 0.400 

Locus 136 : 
2 alleles
0.0% missing data
   4   (0.888) 0.981 0.996 0.942 0.878 0.559 
   2   (0.112) 0.019 0.004 0.058 0.122 0.441 

Locus 137 : 
2 alleles
0.0% missing data
   2   (0.922) 0.989 0.996 0.938 0.893 0.988 
   3   (0.078) 0.011 0.004 0.062 0.107 0.012 

Locus 138 : 
2 alleles
0.8% missing data
   1   (0.685) 0.694 0.491 0.660 0.764 0.812 
   3   (0.315) 0.306 0.509 0.340 0.236 0.188 

Locus 139 : 
2 alleles
0.8% missing data
   2   (0.610) 0.444 0.405 0.730 0.599 0.520 
   3   (0.390) 0.556 0.595 0.270 0.401 0.480 

Locus 140 : 
2 alleles
0.0% missing data
   4   (0.718) 0.645 0.910 0.645 0.810 0.824 
   3   (0.282) 0.355 0.090 0.355 0.190 0.176 

Locus 141 : 
2 alleles
0.0% missing data
   1   (0.706) 0.680 0.769 0.762 0.752 0.617 
   4   (0.294) 0.320 0.231 0.238 0.248 0.383 

Locus 142 : 
2 alleles
0.0% missing data
   3   (0.641) 0.355 0.596 0.628 0.656 0.871 
   2   (0.359) 0.645 0.404 0.372 0.344 0.129 

Locus 143 : 
2 alleles
0.0% missing data
   2   (0.930) 0.990 0.997 0.954 0.938 0.966 
   3   (0.070) 0.010 0.003 0.046 0.062 0.034 

Locus 144 : 
3 alleles
0.8% missing data
   4   (0.607) 0.725 0.943 0.578 0.646 0.462 
   1   (0.363) 0.271 0.031 0.415 0.340 0.537 
   0   (0.030) 0.004 0.026 0.008 0.013 0.002 

Locus 145 : 
2 alleles
0.0% missing data
   1   (0.168) 0.022 0.274 0.196 0.140 0.050 
   3   (0.832) 0.978 0.726 0.804 0.860 0.950 

Locus 146 : 
2 alleles
0.0% missing data
   4   (0.918) 0.988 0.997 0.924 0.956 0.876 
   1   (0.082) 0.012 0.003 0.076 0.044 0.124 

Locus 147 : 
2 alleles
0.8% missing data
   1   (0.387) 0.534 0.403 0.325 0.499 0.184 
   4   (0.613) 0.466 0.597 0.675 0.501 0.816 

Locus 148 : 
2 alleles
0.0% missing data
   3   (0.724) 0.325 0.608 0.722 0.628 0.984 
   1   (0.276) 0.675 0.392 0.278 0.372 0.016 

Locus 149 : 
3 alleles
1.6% missing data
   2   (0.499) 0.191 0.588 0.534 0.598 0.441 
   3   (0.448) 0.803 0.409 0.425 0.379 0.535 
   0   (0.053) 0.007 0.003 0.041 0.023 0.024 

Locus 150 : 
2 alleles
0.0% missing data
   1   (0.707) 0.957 0.902 0.661 0.639 0.806 
   4   (0.293) 0.043 0.098 0.339 0.361 0.194 

Locus 151 : 
2 alleles
0.0% missing data
   3   (0.720) 0.961 0.405 0.746 0.614 0.887 
   2   (0.280) 0.039 0.595 0.254 0.386 0.113 

Locus 152 : 
2 alleles
0.0% missing data
   4   (0.932) 0.821 0.998 0.920 0.970 0.995 
   2   (0.068) 0.179 0.002 0.080 0.030 0.005 

Locus 153 : 
2 alleles
0.0% missing data
   1   (0.652) 0.666 0.682 0.650 0.769 0.495 
   4   (0.348) 0.334 0.318 0.350 0.231 0.505 

Locus 154 : 
2 alleles
0.8% missing data
   1   (0.521) 0.511 0.894 0.620 0.562 0.106 
   3   (0.479) 0.489 0.106 0.380 0.438 0.894 

Locus 155 : 
2 alleles
0.0% missing data
   3   (0.543) 0.779 0.849 0.535 0.403 0.640 
   4   (0.457) 0.221 0.151 0.465 0.597 0.360 

Locus 156 : 
2 alleles
0.8% missing data
   1   (0.793) 0.969 0.972 0.859 0.848 0.211 
   2   (0.207) 0.031 0.028 0.141 0.152 0.789 

Locus 157 : 
2 alleles
0.0% missing data
   4   (0.575) 0.675 0.752 0.547 0.603 0.559 
   2   (0.425) 0.325 0.248 0.453 0.397 0.441 

Locus 158 : 
2 alleles
0.8% missing data
   1   (0.692) 0.795 0.758 0.723 0.564 0.900 
   2   (0.308) 0.205 0.242 0.277 0.436 0.100 

Locus 159 : 
3 alleles
0.8% missing data
   2   (0.820) 0.974 0.862 0.868 0.861 0.514 
   0   (0.067) 0.010 0.134 0.072 0.029 0.004 
   3   (0.113) 0.016 0.004 0.060 0.111 0.482 

Locus 160 : 
3 alleles
0.0% missing data
   1   (0.448) 0.483 0.470 0.475 0.545 0.181 
   3   (0.517) 0.511 0.529 0.487 0.441 0.817 
   0   (0.035) 0.007 0.001 0.037 0.015 0.002 

Locus 161 : 
2 alleles
0.8% missing data
   1   (0.506) 0.180 0.514 0.550 0.525 0.537 
   4   (0.494) 0.820 0.486 0.450 0.475 0.463 

Locus 162 : 
3 alleles
3.1% missing data
   1   (0.900) 0.986 0.997 0.974 0.793 0.939 
   0   (0.067) 0.009 0.002 0.018 0.193 0.037 
   2   (0.033) 0.004 0.001 0.009 0.014 0.024 

Locus 163 : 
2 alleles
0.0% missing data
   2   (0.870) 0.981 0.856 0.934 0.907 0.654 
   3   (0.130) 0.019 0.144 0.066 0.093 0.346 

Locus 164 : 
3 alleles
0.8% missing data
   4   (0.860) 0.980 0.809 0.951 0.869 0.852 
   1   (0.110) 0.016 0.190 0.041 0.117 0.126 
   0   (0.031) 0.005 0.001 0.008 0.014 0.022 

Locus 165 : 
2 alleles
0.0% missing data
   4   (0.785) 0.862 0.830 0.858 0.826 0.679 
   1   (0.215) 0.138 0.170 0.142 0.174 0.321 

Locus 166 : 
2 alleles
0.8% missing data
   2   (0.856) 0.977 0.983 0.896 0.911 0.497 
   3   (0.144) 0.023 0.017 0.104 0.089 0.503 

Locus 167 : 
2 alleles
0.0% missing data
   2   (0.647) 0.635 0.758 0.737 0.738 0.239 
   3   (0.353) 0.365 0.242 0.263 0.262 0.761 

Locus 168 : 
2 alleles
0.0% missing data
   3   (0.732) 0.732 0.910 0.746 0.749 0.783 
   2   (0.268) 0.268 0.090 0.254 0.251 0.217 

Locus 169 : 
3 alleles
2.4% missing data
   4   (0.398) 0.164 0.559 0.424 0.546 0.147 
   3   (0.550) 0.828 0.386 0.534 0.432 0.850 
   0   (0.053) 0.007 0.055 0.042 0.023 0.003 

Locus 170 : 
2 alleles
0.0% missing data
   1   (0.738) 0.522 0.548 0.868 0.726 0.691 
   3   (0.262) 0.478 0.452 0.132 0.274 0.309 

Locus 171 : 
3 alleles
3.1% missing data
   2   (0.816) 0.972 0.957 0.896 0.840 0.651 
   3   (0.150) 0.024 0.042 0.096 0.144 0.303 
   0   (0.034) 0.004 0.001 0.008 0.015 0.046 

Locus 172 : 
2 alleles
0.0% missing data
   4   (0.729) 0.960 0.609 0.709 0.765 0.726 
   1   (0.271) 0.040 0.391 0.291 0.235 0.274 

Locus 173 : 
2 alleles
0.0% missing data
   2   (0.762) 0.545 0.534 0.834 0.834 0.777 
   3   (0.238) 0.455 0.466 0.166 0.166 0.223 

Locus 174 : 
2 alleles
0.0% missing data
   4   (0.722) 0.850 0.812 0.782 0.704 0.698 
   1   (0.278) 0.150 0.188 0.218 0.296 0.302 

Locus 175 : 
2 alleles
0.0% missing data
   2   (0.724) 0.854 0.767 0.766 0.761 0.625 
   4   (0.276) 0.146 0.233 0.234 0.239 0.375 

Locus 176 : 
2 alleles
0.8% missing data
   4   (0.956) 0.994 0.999 0.932 0.980 0.997 
   1   (0.044) 0.006 0.001 0.068 0.020 0.003 

Locus 177 : 
2 alleles
0.0% missing data
   3   (0.512) 0.668 0.536 0.396 0.547 0.691 
   2   (0.488) 0.332 0.464 0.604 0.453 0.309 

Locus 178 : 
3 alleles
2.4% missing data
   3   (0.623) 0.633 0.652 0.552 0.685 0.827 
   2   (0.347) 0.266 0.347 0.440 0.302 0.172 
   0   (0.030) 0.101 0.001 0.008 0.012 0.002 

Locus 179 : 
2 alleles
0.0% missing data
   3   (0.893) 0.986 0.966 0.956 0.885 0.841 
   2   (0.107) 0.014 0.034 0.044 0.115 0.159 

Locus 180 : 
3 alleles
1.6% missing data
   3   (0.491) 0.654 0.796 0.664 0.346 0.178 
   2   (0.451) 0.338 0.202 0.290 0.566 0.819 
   0   (0.058) 0.008 0.002 0.045 0.088 0.004 

Locus 181 : 
2 alleles
0.0% missing data
   2   (0.732) 0.962 0.746 0.735 0.784 0.554 
   1   (0.268) 0.038 0.254 0.265 0.216 0.446 

Locus 182 : 
2 alleles
1.6% missing data
   4   (0.775) 0.867 0.533 0.854 0.712 0.916 
   2   (0.225) 0.133 0.467 0.146 0.288 0.084 

Locus 183 : 
2 alleles
0.0% missing data
   4   (0.897) 0.982 0.905 0.872 0.955 0.975 
   2   (0.103) 0.018 0.095 0.128 0.045 0.025 

Locus 184 : 
2 alleles
0.0% missing data
   2   (0.883) 0.778 0.971 0.958 0.847 0.965 
   3   (0.117) 0.222 0.029 0.042 0.153 0.035 

Locus 185 : 
2 alleles
0.0% missing data
   2   (0.778) 0.541 0.810 0.824 0.872 0.727 
   3   (0.222) 0.459 0.190 0.176 0.128 0.273 

Locus 186 : 
2 alleles
0.0% missing data
   2   (0.901) 0.986 0.638 0.933 0.858 0.994 
   3   (0.099) 0.014 0.362 0.067 0.142 0.006 

Locus 187 : 
2 alleles
0.0% missing data
   3   (0.901) 0.778 0.958 0.947 0.950 0.969 
   2   (0.099) 0.222 0.042 0.053 0.050 0.031 

Locus 188 : 
2 alleles
2.4% missing data
   2   (0.731) 0.959 0.743 0.863 0.541 0.569 
   3   (0.269) 0.041 0.257 0.137 0.459 0.431 

Locus 189 : 
3 alleles
3.1% missing data
   3   (0.630) 0.743 0.496 0.735 0.611 0.591 
   1   (0.316) 0.250 0.503 0.250 0.302 0.362 
   0   (0.054) 0.008 0.002 0.015 0.087 0.047 

Locus 190 : 
2 alleles
0.0% missing data
   1   (0.889) 0.984 0.996 0.826 0.920 0.954 
   5   (0.111) 0.016 0.004 0.174 0.080 0.046 

Locus 191 : 
2 alleles
0.0% missing data
   1   (0.796) 0.823 0.680 0.783 0.717 0.988 
   5   (0.204) 0.177 0.320 0.217 0.283 0.012 

Locus 192 : 
2 alleles
0.0% missing data
   2   (0.591) 0.242 0.792 0.584 0.710 0.509 
   1   (0.409) 0.758 0.208 0.416 0.290 0.491 

Locus 193 : 
2 alleles
2.4% missing data
   1   (0.933) 0.991 0.998 0.980 0.900 0.903 
   4   (0.067) 0.009 0.002 0.020 0.100 0.097 

Locus 194 : 
2 alleles
0.0% missing data
   3   (0.769) 0.967 0.992 0.783 0.637 0.683 
   2   (0.231) 0.033 0.008 0.217 0.363 0.317 

Locus 195 : 
2 alleles
6.3% missing data
   4   (0.571) 0.675 0.986 0.524 0.489 0.474 
   1   (0.429) 0.325 0.014 0.476 0.511 0.526 

Locus 196 : 
2 alleles
0.8% missing data
   3   (0.896) 0.986 0.768 0.877 0.955 0.975 
   2   (0.104) 0.014 0.232 0.123 0.045 0.025 

Locus 197 : 
2 alleles
0.8% missing data
   3   (0.678) 0.787 0.750 0.639 0.731 0.764 
   4   (0.322) 0.213 0.250 0.361 0.269 0.236 

Locus 198 : 
2 alleles
0.0% missing data
   1   (0.965) 0.995 0.999 0.991 0.985 0.897 
   2   (0.035) 0.005 0.001 0.009 0.015 0.103 

Locus 199 : 
2 alleles
0.0% missing data
   2   (0.841) 0.979 0.994 0.877 0.827 0.556 
   3   (0.159) 0.021 0.006 0.123 0.173 0.444 

Locus 200 : 
2 alleles
0.0% missing data
   2   (0.513) 0.451 0.606 0.534 0.494 0.494 
   4   (0.487) 0.549 0.394 0.466 0.506 0.506 

Locus 201 : 
2 alleles
0.8% missing data
   2   (0.728) 0.961 0.991 0.617 0.809 0.340 
   1   (0.272) 0.039 0.009 0.383 0.191 0.660 

Locus 202 : 
2 alleles
0.0% missing data
   1   (0.899) 0.818 0.749 0.947 0.901 0.994 
   3   (0.101) 0.182 0.251 0.053 0.099 0.006 

Locus 203 : 
2 alleles
0.8% missing data
   2   (0.725) 0.588 0.991 0.637 0.782 0.763 
   1   (0.275) 0.412 0.009 0.363 0.218 0.237 

Locus 204 : 
2 alleles
0.0% missing data
   2   (0.870) 0.983 0.995 0.767 0.942 0.821 
   5   (0.130) 0.017 0.005 0.233 0.058 0.179 

Locus 205 : 
2 alleles
0.0% missing data
   3   (0.675) 0.639 0.648 0.739 0.551 0.882 
   1   (0.325) 0.361 0.352 0.261 0.449 0.118 

Locus 206 : 
2 alleles
0.0% missing data
   4   (0.572) 0.882 0.323 0.624 0.469 0.601 
   1   (0.428) 0.118 0.677 0.376 0.531 0.399 

Locus 207 : 
2 alleles
0.8% missing data
   3   (0.808) 0.662 0.994 0.799 0.826 0.881 
   2   (0.192) 0.338 0.006 0.201 0.174 0.119 

Locus 208 : 
2 alleles
1.6% missing data
   1   (0.713) 0.791 0.990 0.813 0.522 0.532 
   2   (0.287) 0.209 0.010 0.187 0.478 0.468 

Locus 209 : 
3 alleles
0.0% missing data
   3   (0.939) 0.992 0.906 0.985 0.974 0.996 
   2   (0.032) 0.004 0.067 0.008 0.013 0.002 
   0   (0.029) 0.004 0.027 0.007 0.013 0.002 

Locus 210 : 
2 alleles
0.0% missing data
   2   (0.617) 0.096 0.979 0.679 0.637 0.445 
   4   (0.383) 0.904 0.021 0.321 0.363 0.555 

Locus 211 : 
2 alleles
0.0% missing data
   2   (0.899) 0.981 0.997 0.892 0.953 0.761 
   4   (0.101) 0.019 0.003 0.108 0.047 0.239 

Locus 212 : 
2 alleles
0.0% missing data
   4   (0.736) 0.853 0.777 0.775 0.752 0.750 
   1   (0.264) 0.147 0.223 0.225 0.248 0.250 

Locus 213 : 
2 alleles
0.0% missing data
   3   (0.758) 0.611 0.218 0.834 0.886 0.619 
   2   (0.242) 0.389 0.782 0.166 0.114 0.381 

Locus 214 : 
2 alleles
0.0% missing data
   1   (0.731) 0.707 0.862 0.801 0.753 0.656 
   4   (0.269) 0.293 0.138 0.199 0.247 0.344 

Locus 215 : 
2 alleles
0.0% missing data
   4   (0.302) 0.526 0.318 0.396 0.192 0.095 
   5   (0.698) 0.474 0.682 0.604 0.808 0.905 

Locus 216 : 
2 alleles
0.0% missing data
   3   (0.892) 0.985 0.904 0.972 0.841 0.807 
   1   (0.108) 0.015 0.096 0.028 0.159 0.193 

Locus 217 : 
2 alleles
0.0% missing data
   3   (0.884) 0.817 0.996 0.889 0.950 0.863 
   2   (0.116) 0.183 0.004 0.111 0.050 0.137 

Locus 218 : 
2 alleles
0.0% missing data
   3   (0.431) 0.063 0.240 0.509 0.482 0.429 
   2   (0.569) 0.937 0.760 0.491 0.518 0.571 

Locus 219 : 
2 alleles
0.0% missing data
   4   (0.717) 0.761 0.991 0.855 0.571 0.291 
   2   (0.283) 0.239 0.009 0.145 0.429 0.709 

Locus 220 : 
2 alleles
0.0% missing data
   3   (0.747) 0.699 0.953 0.793 0.773 0.662 
   2   (0.253) 0.301 0.047 0.207 0.227 0.338 

Locus 221 : 
2 alleles
0.0% missing data
   3   (0.789) 0.695 0.770 0.814 0.842 0.916 
   2   (0.211) 0.305 0.230 0.186 0.158 0.084 

Locus 222 : 
2 alleles
0.0% missing data
   2   (0.738) 0.632 0.992 0.678 0.855 0.492 
   3   (0.262) 0.368 0.008 0.322 0.145 0.508 

Locus 223 : 
2 alleles
0.8% missing data
   1   (0.939) 0.992 0.998 0.982 0.946 0.791 
   2   (0.061) 0.008 0.002 0.018 0.054 0.209 

Locus 224 : 
2 alleles
0.0% missing data
   5   (0.755) 0.865 0.883 0.824 0.822 0.421 
   1   (0.245) 0.135 0.117 0.176 0.178 0.579 

Locus 225 : 
2 alleles
0.8% missing data
   2   (0.752) 0.759 0.640 0.771 0.837 0.784 
   3   (0.248) 0.241 0.360 0.229 0.163 0.216 

Locus 226 : 
2 alleles
0.0% missing data
   3   (0.940) 0.991 0.998 0.840 0.974 0.996 
   1   (0.060) 0.009 0.002 0.160 0.026 0.004 

Values of parameters used in structure:
DATAFILE=/Users/ddayan/FRA/small_omy_projects/sf_crooked_river_2021/structure_SFGL_Omy269/project_data,	OUTFILE=/Users/ddayan/FRA/small_omy_projects/sf_crooked_river_2021/structure_SFGL_Omy269/5k10kadmcorr/Results/5k10kadmcorr_run_43,	NUMINDS=127,	NUMLOCI=226,	MISSING=-9,	LABEL=0,	POPDATA=1,	POPFLAG=0,	PHENOTYPE=0,	EXTRACOLS=0,	MAXPOPS=5,	BURNIN=5000,	NUMREPS=10000,	USEPOPINFO=0,	INFERALPHA=1,	INFERLAMBDA=0,	POPSPECIFICLAMBDA=0,	POPALPHAS=0,	COMPUTEPROB=1,	NOADMIX=0,	ADMBURNIN=2500,	UPDATEFREQ=1,	PRINTLIKES=0,	INTERMEDSAVE=0,	PRINTKLD=0,	PRINTNET=0,	PRINTLAMBDA=0,	ANCESTDIST=0,	NUMBOXES=1000,	ANCESTPINT=0.90000,	GENSBACK=2,	MIGRPRIOR=0.05000,	PRINTQHAT=0,	PRINTQSUM=0,	ALPHA=1.0000,	FREQSCORR=1,	FPRIORMEAN=0.0100,	FPRIORSD=0.0500,	ONEFST=0,	LAMBDA=1.0000,	UNIFPRIORALPHA=1,	ALPHAMAX=10.0000,	ALPHAPRIORA=1.0000,	ALPHAPRIORB=2.0000,	ALPHAPROPSD=0.0250,	STARTATPOPINFO=0,	RANDOMIZE=1,	LINKAGE=0,	METROFREQ=10,	REPORTHITRATE=0,	MARKOVPHASE=-1,	PHASED=0,	PLOIDY=2,	PHASEINFO=0	LOCPRIOR=0, 	LOCPRIORINIT=1.000000, 	LOCDATA=0, 	LOCISPOP=0, 	LOCPRIORSTEP=0.100000, 	MAXLOCPRIOR=20.000000, 	SEED=1642737188,	
[STRAT parameters]:    NUMSIMSTATS=1000,	PHENOTYPECOL=-9,	POOLFREQ=10,	LOCUSxONLY=0,	EMERROR=0.00100,	MISSINGPHENO=-9,	