

----------------------------------------------------
STRUCTURE by Pritchard, Stephens and Donnelly (2000)
     and Falush, Stephens and Pritchard (2003)
       Code by Pritchard, Falush and Hubisz
             Version 2.3.4 (Jul 2012)
----------------------------------------------------



Command line arguments:   bin/structure -m "/Users/ddayan/FRA/small_omy_projects/sf_crooked_river_2021/structure_SFGL_Omy269/5k10kadmcorr/mainparams" -e "/Users/ddayan/FRA/small_omy_projects/sf_crooked_river_2021/structure_SFGL_Omy269/5k10kadmcorr/extraparams" 
Input File:    /Users/ddayan/FRA/small_omy_projects/sf_crooked_river_2021/structure_SFGL_Omy269/project_data

Run parameters:
   127 individuals
   226 loci
   5 populations assumed
   5000 Burn-in period
   10000 Reps


--------------------------------------------
Proportion of membership of each pre-defined
 population in each of the 5 clusters

Given    Inferred Clusters                     Number of
 Pop       1      2      3      4      5      Individuals

  1:     0.002  0.004  0.988  0.003  0.004       35
  2:     0.799  0.109  0.006  0.078  0.008       17
  3:     0.009  0.399  0.056  0.322  0.214       41
  4:     0.973  0.006  0.006  0.010  0.005       34
--------------------------------------------

Allele-freq. divergence among pops (Net nucleotide distance),
computed using point estimates of P.

      1       2       3       4       5      
 1      -    0.0390  0.0782  0.0336  0.0656  
 2   0.0390     -    0.0368  0.0117  0.0370  
 3   0.0782  0.0368     -    0.0363  0.0588  
 4   0.0336  0.0117  0.0363     -    0.0379  
 5   0.0656  0.0370  0.0588  0.0379     -    

Average distances (expected heterozygosity) between individuals in same cluster:
cluster  1  : 0.3345 
cluster  2  : 0.3311 
cluster  3  : 0.2451 
cluster  4  : 0.3397 
cluster  5  : 0.2749 

--------------------------------------------
Estimated Ln Prob of Data   = -26499.5
Mean value of ln likelihood = -26144.5
Variance of ln likelihood   = 710.0
Mean value of alpha         = 0.0319

Mean value of Fst_1         = 0.1518
Mean value of Fst_2         = 0.0716
Mean value of Fst_3         = 0.2977
Mean value of Fst_4         = 0.0513
Mean value of Fst_5         = 0.2705


Inferred ancestry of individuals:
     (%Miss) Pop:  Inferred clusters
  1    (0)    1 :  0.001 0.002 0.993 0.002 0.002 
  2    (0)    1 :  0.008 0.004 0.981 0.003 0.004 
  3    (0)    1 :  0.001 0.002 0.995 0.001 0.002 
  4    (0)    1 :  0.001 0.003 0.993 0.002 0.001 
  5    (0)    1 :  0.002 0.001 0.993 0.002 0.001 
  6    (0)    1 :  0.003 0.002 0.992 0.002 0.002 
  7    (0)    1 :  0.001 0.001 0.997 0.001 0.001 
  8    (0)    1 :  0.001 0.006 0.987 0.004 0.003 
  9    (0)    1 :  0.001 0.002 0.993 0.003 0.001 
 10    (0)    1 :  0.001 0.002 0.989 0.005 0.003 
 11    (0)    1 :  0.006 0.014 0.921 0.006 0.053 
 12    (0)    1 :  0.004 0.012 0.972 0.009 0.003 
 13    (0)    1 :  0.001 0.001 0.994 0.001 0.002 
 14    (0)    1 :  0.001 0.003 0.990 0.003 0.003 
 15    (0)    1 :  0.001 0.002 0.995 0.001 0.001 
 16    (0)    1 :  0.001 0.003 0.989 0.001 0.006 
 17    (0)    1 :  0.001 0.008 0.979 0.010 0.002 
 18    (0)    1 :  0.013 0.029 0.937 0.018 0.003 
 19    (0)    1 :  0.001 0.001 0.993 0.002 0.003 
 20    (0)    1 :  0.001 0.001 0.995 0.002 0.002 
 21    (0)    1 :  0.002 0.004 0.990 0.003 0.001 
 22    (0)    1 :  0.001 0.003 0.991 0.002 0.003 
 23    (0)    1 :  0.001 0.001 0.995 0.001 0.002 
 24    (0)    1 :  0.001 0.001 0.995 0.001 0.003 
 25    (0)    1 :  0.005 0.004 0.988 0.002 0.001 
 26    (0)    1 :  0.001 0.001 0.994 0.002 0.002 
 27    (0)    1 :  0.001 0.001 0.996 0.001 0.001 
 28    (0)    1 :  0.001 0.003 0.989 0.003 0.005 
 29    (0)    1 :  0.001 0.001 0.996 0.001 0.001 
 30    (0)    1 :  0.001 0.001 0.996 0.001 0.001 
 31    (0)    1 :  0.001 0.002 0.994 0.001 0.002 
 32    (0)    1 :  0.002 0.001 0.990 0.002 0.004 
 33    (0)    1 :  0.001 0.001 0.997 0.001 0.001 
 34    (0)    1 :  0.001 0.001 0.997 0.001 0.001 
 35    (0)    1 :  0.001 0.003 0.993 0.002 0.002 
 36    (0)    2 :  0.864 0.035 0.008 0.092 0.002 
 37    (0)    2 :  0.978 0.004 0.010 0.006 0.002 
 38    (0)    3 :  0.001 0.896 0.003 0.005 0.096 
 39    (0)    3 :  0.001 0.002 0.006 0.989 0.001 
 40    (0)    3 :  0.003 0.001 0.024 0.970 0.002 
 41    (0)    3 :  0.035 0.048 0.009 0.897 0.011 
 42    (0)    3 :  0.020 0.004 0.005 0.811 0.159 
 43    (0)    2 :  0.992 0.003 0.002 0.002 0.001 
 44    (0)    2 :  0.092 0.819 0.019 0.043 0.026 
 45    (0)    2 :  0.992 0.002 0.001 0.003 0.001 
 46    (0)    2 :  0.983 0.007 0.003 0.005 0.002 
 47    (0)    2 :  0.654 0.035 0.004 0.254 0.053 
 48    (0)    2 :  0.164 0.003 0.006 0.825 0.003 
 49    (0)    2 :  0.445 0.468 0.036 0.045 0.005 
 50    (0)    2 :  0.985 0.008 0.001 0.004 0.002 
 51    (0)    2 :  0.965 0.002 0.002 0.023 0.008 
 52    (0)    3 :  0.008 0.593 0.012 0.343 0.044 
 53    (0)    3 :  0.009 0.890 0.048 0.050 0.003 
 54    (0)    3 :  0.006 0.971 0.004 0.007 0.013 
 55    (0)    3 :  0.028 0.010 0.008 0.950 0.004 
 56    (0)    3 :  0.001 0.002 0.004 0.001 0.992 
 57    (0)    3 :  0.003 0.005 0.087 0.901 0.003 
 58    (0)    3 :  0.002 0.990 0.001 0.001 0.005 
 59    (0)    3 :  0.101 0.133 0.003 0.759 0.004 
 60    (0)    3 :  0.001 0.002 0.001 0.002 0.993 
 61    (0)    3 :  0.001 0.001 0.002 0.001 0.995 
 62    (0)    3 :  0.003 0.046 0.004 0.928 0.019 
 63    (0)    3 :  0.002 0.004 0.004 0.985 0.005 
 64    (0)    3 :  0.003 0.320 0.466 0.208 0.003 
 65    (0)    3 :  0.004 0.257 0.448 0.289 0.003 
 66    (0)    3 :  0.009 0.632 0.355 0.002 0.002 
 67    (0)    3 :  0.025 0.515 0.233 0.217 0.011 
 68    (0)    3 :  0.001 0.001 0.001 0.001 0.995 
 69    (0)    3 :  0.050 0.509 0.413 0.027 0.001 
 70    (0)    3 :  0.002 0.004 0.002 0.006 0.986 
 71    (0)    3 :  0.001 0.003 0.005 0.003 0.988 
 72    (0)    3 :  0.001 0.002 0.005 0.002 0.990 
 73    (0)    3 :  0.004 0.849 0.010 0.002 0.135 
 74    (0)    3 :  0.002 0.988 0.005 0.004 0.001 
 75    (0)    3 :  0.001 0.021 0.003 0.973 0.002 
 76    (0)    3 :  0.004 0.987 0.003 0.005 0.002 
 77    (0)    3 :  0.004 0.989 0.003 0.002 0.003 
 78    (0)    3 :  0.002 0.242 0.071 0.577 0.108 
 79    (0)    3 :  0.004 0.966 0.004 0.021 0.004 
 80    (0)    3 :  0.002 0.729 0.003 0.255 0.011 
 81    (0)    3 :  0.001 0.003 0.003 0.975 0.018 
 82    (0)    3 :  0.020 0.930 0.006 0.041 0.002 
 83    (0)    3 :  0.003 0.979 0.008 0.005 0.004 
 84    (0)    3 :  0.002 0.842 0.005 0.006 0.145 
 85    (0)    3 :  0.002 0.001 0.001 0.001 0.995 
 86    (0)    3 :  0.006 0.009 0.002 0.982 0.001 
 87    (0)    3 :  0.003 0.978 0.010 0.006 0.003 
 88    (0)    2 :  0.993 0.004 0.001 0.002 0.001 
 89    (0)    2 :  0.985 0.003 0.002 0.006 0.004 
 90    (0)    2 :  0.992 0.002 0.001 0.003 0.002 
 91    (0)    2 :  0.518 0.456 0.003 0.005 0.018 
 92    (0)    2 :  0.982 0.003 0.001 0.007 0.007 
 93    (0)    2 :  0.996 0.001 0.001 0.002 0.001 
 94    (0)    4 :  0.989 0.003 0.002 0.003 0.003 
 95    (0)    4 :  0.989 0.004 0.003 0.002 0.002 
 96    (2)    4 :  0.975 0.005 0.004 0.008 0.009 
 97    (0)    4 :  0.903 0.016 0.008 0.065 0.008 
 98    (1)    4 :  0.940 0.016 0.003 0.037 0.004 
 99    (0)    4 :  0.973 0.009 0.009 0.005 0.004 
100    (1)    4 :  0.975 0.005 0.005 0.006 0.009 
101    (0)    4 :  0.972 0.017 0.003 0.006 0.002 
102    (0)    4 :  0.993 0.002 0.001 0.002 0.002 
103    (0)    4 :  0.970 0.006 0.010 0.007 0.007 
104    (1)    4 :  0.969 0.009 0.002 0.006 0.014 
105    (1)    4 :  0.993 0.002 0.002 0.002 0.001 
106    (2)    4 :  0.975 0.007 0.007 0.005 0.006 
107    (1)    4 :  0.993 0.002 0.002 0.001 0.002 
108    (0)    4 :  0.973 0.004 0.006 0.007 0.010 
109    (1)    4 :  0.968 0.005 0.021 0.003 0.003 
110    (3)    4 :  0.990 0.002 0.001 0.003 0.004 
111    (0)    4 :  0.960 0.013 0.010 0.015 0.002 
112    (1)    4 :  0.982 0.003 0.003 0.010 0.003 
113    (1)    4 :  0.992 0.002 0.001 0.004 0.002 
114    (0)    4 :  0.995 0.001 0.001 0.002 0.002 
115    (1)    4 :  0.995 0.001 0.001 0.001 0.001 
116    (1)    4 :  0.900 0.029 0.004 0.061 0.006 
117    (0)    4 :  0.974 0.009 0.010 0.005 0.002 
118    (3)    4 :  0.989 0.004 0.004 0.002 0.001 
119    (2)    4 :  0.953 0.005 0.022 0.016 0.004 
120    (2)    4 :  0.973 0.005 0.003 0.015 0.004 
121    (0)    4 :  0.970 0.006 0.012 0.010 0.003 
122    (1)    4 :  0.985 0.001 0.004 0.003 0.006 
123    (0)    4 :  0.995 0.001 0.001 0.001 0.001 
124   (15)    4 :  0.962 0.007 0.005 0.005 0.020 
125    (1)    4 :  0.969 0.003 0.012 0.009 0.008 
126    (0)    4 :  0.955 0.005 0.005 0.013 0.022 
127    (2)    4 :  0.985 0.003 0.004 0.006 0.002 


Estimated Allele Frequencies in each cluster
First column gives estimated ancestral frequencies


Locus 1 : 
2 alleles
0.0% missing data
   3   (0.930) 0.906 0.980 0.998 0.912 0.990 
   2   (0.070) 0.094 0.020 0.002 0.088 0.010 

Locus 2 : 
2 alleles
0.0% missing data
   2   (0.353) 0.365 0.326 0.170 0.446 0.054 
   3   (0.647) 0.635 0.674 0.830 0.554 0.946 

Locus 3 : 
2 alleles
0.0% missing data
   2   (0.361) 0.338 0.291 0.253 0.420 0.235 
   4   (0.639) 0.662 0.709 0.747 0.580 0.765 

Locus 4 : 
2 alleles
0.0% missing data
   1   (0.695) 0.926 0.700 0.887 0.654 0.374 
   4   (0.305) 0.074 0.300 0.113 0.346 0.626 

Locus 5 : 
2 alleles
3.1% missing data
   2   (0.805) 0.739 0.876 0.951 0.762 0.973 
   1   (0.195) 0.261 0.124 0.049 0.238 0.027 

Locus 6 : 
2 alleles
2.4% missing data
   1   (0.212) 0.193 0.227 0.383 0.171 0.030 
   3   (0.788) 0.807 0.773 0.617 0.829 0.970 

Locus 7 : 
2 alleles
0.0% missing data
   2   (0.636) 0.415 0.573 0.459 0.706 0.946 
   3   (0.364) 0.585 0.427 0.541 0.294 0.054 

Locus 8 : 
2 alleles
2.4% missing data
   1   (0.248) 0.167 0.228 0.261 0.205 0.256 
   2   (0.752) 0.833 0.772 0.739 0.795 0.744 

Locus 9 : 
2 alleles
0.8% missing data
   4   (0.961) 0.824 0.990 0.999 0.985 0.995 
   1   (0.039) 0.176 0.010 0.001 0.015 0.005 

Locus 10 : 
2 alleles
0.0% missing data
   3   (0.725) 0.519 0.741 0.990 0.742 0.661 
   2   (0.275) 0.481 0.259 0.010 0.258 0.339 

Locus 11 : 
2 alleles
0.0% missing data
   2   (0.950) 0.772 0.987 0.998 0.969 0.993 
   1   (0.050) 0.228 0.013 0.002 0.031 0.007 

Locus 12 : 
2 alleles
0.0% missing data
   1   (0.495) 0.280 0.644 0.822 0.446 0.247 
   4   (0.505) 0.720 0.356 0.178 0.554 0.753 

Locus 13 : 
2 alleles
0.8% missing data
   2   (0.690) 0.585 0.700 0.799 0.738 0.790 
   4   (0.310) 0.415 0.300 0.201 0.262 0.210 

Locus 14 : 
2 alleles
0.0% missing data
   4   (0.694) 0.577 0.700 0.800 0.778 0.539 
   2   (0.306) 0.423 0.300 0.200 0.222 0.461 

Locus 15 : 
2 alleles
0.0% missing data
   4   (0.864) 0.881 0.890 0.995 0.821 0.981 
   2   (0.136) 0.119 0.110 0.005 0.179 0.019 

Locus 16 : 
2 alleles
0.0% missing data
   1   (0.407) 0.384 0.303 0.689 0.423 0.458 
   4   (0.593) 0.616 0.697 0.311 0.577 0.542 

Locus 17 : 
2 alleles
0.0% missing data
   4   (0.911) 0.937 0.898 0.997 0.964 0.885 
   3   (0.089) 0.063 0.102 0.003 0.036 0.115 

Locus 18 : 
2 alleles
0.0% missing data
   2   (0.780) 0.787 0.773 0.785 0.807 0.965 
   3   (0.220) 0.213 0.227 0.215 0.193 0.035 

Locus 19 : 
2 alleles
0.8% missing data
   4   (0.861) 0.818 0.901 0.984 0.864 0.981 
   2   (0.139) 0.182 0.099 0.016 0.136 0.019 

Locus 20 : 
2 alleles
0.0% missing data
   2   (0.656) 0.660 0.721 0.559 0.573 0.949 
   3   (0.344) 0.340 0.279 0.441 0.427 0.051 

Locus 21 : 
2 alleles
0.8% missing data
   2   (0.355) 0.451 0.284 0.208 0.376 0.258 
   3   (0.645) 0.549 0.716 0.792 0.624 0.742 

Locus 22 : 
2 alleles
0.0% missing data
   4   (0.807) 0.725 0.901 0.871 0.841 0.706 
   2   (0.193) 0.275 0.099 0.129 0.159 0.294 

Locus 23 : 
2 alleles
2.4% missing data
   1   (0.366) 0.402 0.244 0.567 0.368 0.480 
   4   (0.634) 0.598 0.756 0.433 0.632 0.520 

Locus 24 : 
2 alleles
0.0% missing data
   3   (0.772) 0.610 0.578 0.992 0.825 0.967 
   2   (0.228) 0.390 0.422 0.008 0.175 0.033 

Locus 25 : 
2 alleles
0.0% missing data
   3   (0.704) 0.716 0.719 0.489 0.693 0.955 
   2   (0.296) 0.284 0.281 0.511 0.307 0.045 

Locus 26 : 
2 alleles
0.8% missing data
   2   (0.573) 0.550 0.492 0.723 0.544 0.938 
   4   (0.427) 0.450 0.508 0.277 0.456 0.062 

Locus 27 : 
2 alleles
1.6% missing data
   1   (0.600) 0.628 0.571 0.751 0.682 0.194 
   4   (0.400) 0.372 0.429 0.249 0.318 0.806 

Locus 28 : 
2 alleles
3.9% missing data
   3   (0.530) 0.661 0.457 0.584 0.583 0.281 
   2   (0.470) 0.339 0.543 0.416 0.417 0.719 

Locus 29 : 
2 alleles
0.0% missing data
   4   (0.196) 0.354 0.150 0.437 0.090 0.335 
   1   (0.804) 0.646 0.850 0.563 0.910 0.665 

Locus 30 : 
2 alleles
0.0% missing data
   1   (0.415) 0.461 0.445 0.572 0.328 0.497 
   4   (0.585) 0.539 0.555 0.428 0.672 0.503 

Locus 31 : 
2 alleles
3.1% missing data
   2   (0.277) 0.302 0.340 0.500 0.217 0.043 
   4   (0.723) 0.698 0.660 0.500 0.783 0.957 

Locus 32 : 
2 alleles
0.0% missing data
   4   (0.539) 0.662 0.486 0.648 0.559 0.355 
   3   (0.461) 0.338 0.514 0.352 0.441 0.645 

Locus 33 : 
2 alleles
0.8% missing data
   2   (0.548) 0.617 0.452 0.569 0.619 0.449 
   3   (0.452) 0.383 0.548 0.431 0.381 0.551 

Locus 34 : 
2 alleles
0.0% missing data
   3   (0.500) 0.566 0.465 0.605 0.501 0.452 
   2   (0.500) 0.434 0.535 0.395 0.499 0.548 

Locus 35 : 
2 alleles
0.0% missing data
   4   (0.654) 0.795 0.584 0.989 0.573 0.680 
   1   (0.346) 0.205 0.416 0.011 0.427 0.320 

Locus 36 : 
2 alleles
0.0% missing data
   4   (0.663) 0.416 0.571 0.788 0.731 0.948 
   1   (0.337) 0.584 0.429 0.212 0.269 0.052 

Locus 37 : 
2 alleles
0.8% missing data
   2   (0.570) 0.451 0.504 0.813 0.611 0.739 
   3   (0.430) 0.549 0.496 0.187 0.389 0.261 

Locus 38 : 
2 alleles
0.8% missing data
   1   (0.919) 0.989 0.976 0.997 0.863 0.793 
   2   (0.081) 0.011 0.024 0.003 0.137 0.207 

Locus 39 : 
2 alleles
1.6% missing data
   2   (0.603) 0.343 0.596 0.962 0.638 0.516 
   4   (0.397) 0.657 0.404 0.038 0.362 0.484 

Locus 40 : 
2 alleles
0.0% missing data
   1   (0.384) 0.815 0.355 0.398 0.237 0.474 
   4   (0.616) 0.185 0.645 0.602 0.763 0.526 

Locus 41 : 
2 alleles
0.0% missing data
   2   (0.910) 0.620 0.970 0.933 0.949 0.988 
   1   (0.090) 0.380 0.030 0.067 0.051 0.012 

Locus 42 : 
2 alleles
0.0% missing data
   2   (0.551) 0.606 0.467 0.528 0.614 0.518 
   4   (0.449) 0.394 0.533 0.472 0.386 0.482 

Locus 43 : 
2 alleles
0.0% missing data
   2   (0.424) 0.681 0.285 0.369 0.430 0.449 
   4   (0.576) 0.319 0.715 0.631 0.570 0.551 

Locus 44 : 
3 alleles
1.6% missing data
   3   (0.855) 0.919 0.960 0.838 0.801 0.980 
   2   (0.112) 0.078 0.031 0.161 0.145 0.015 
   0   (0.033) 0.002 0.009 0.001 0.053 0.004 

Locus 45 : 
2 alleles
0.0% missing data
   1   (0.799) 0.790 0.798 0.984 0.762 0.967 
   2   (0.201) 0.210 0.202 0.016 0.238 0.033 

Locus 46 : 
2 alleles
0.0% missing data
   4   (0.882) 0.954 0.924 0.996 0.883 0.744 
   2   (0.118) 0.046 0.076 0.004 0.117 0.256 

Locus 47 : 
2 alleles
0.0% missing data
   2   (0.866) 0.950 0.939 0.957 0.876 0.702 
   1   (0.134) 0.050 0.061 0.043 0.124 0.298 

Locus 48 : 
2 alleles
1.6% missing data
   2   (0.556) 0.523 0.619 0.429 0.500 0.847 
   4   (0.444) 0.477 0.381 0.571 0.500 0.153 

Locus 49 : 
2 alleles
0.0% missing data
   1   (0.729) 0.649 0.781 0.914 0.741 0.793 
   2   (0.271) 0.351 0.219 0.086 0.259 0.207 

Locus 50 : 
2 alleles
0.0% missing data
   4   (0.729) 0.737 0.764 0.437 0.808 0.651 
   1   (0.271) 0.263 0.236 0.563 0.192 0.349 

Locus 51 : 
2 alleles
0.0% missing data
   3   (0.517) 0.669 0.430 0.568 0.527 0.543 
   2   (0.483) 0.331 0.570 0.432 0.473 0.457 

Locus 52 : 
2 alleles
0.8% missing data
   4   (0.908) 0.876 0.940 0.997 0.914 0.988 
   2   (0.092) 0.124 0.060 0.003 0.086 0.012 

Locus 53 : 
2 alleles
0.0% missing data
   4   (0.925) 0.627 0.979 0.998 0.970 0.744 
   2   (0.075) 0.373 0.021 0.002 0.030 0.256 

Locus 54 : 
2 alleles
3.1% missing data
   3   (0.580) 0.706 0.581 0.836 0.512 0.654 
   4   (0.420) 0.294 0.419 0.164 0.488 0.346 

Locus 55 : 
2 alleles
0.0% missing data
   2   (0.603) 0.774 0.633 0.594 0.522 0.783 
   1   (0.397) 0.226 0.367 0.406 0.478 0.217 

Locus 56 : 
3 alleles
2.4% missing data
   1   (0.796) 0.731 0.817 0.994 0.833 0.621 
   0   (0.082) 0.022 0.022 0.003 0.119 0.113 
   4   (0.122) 0.247 0.161 0.004 0.048 0.266 

Locus 57 : 
2 alleles
0.0% missing data
   4   (0.886) 0.644 0.925 0.996 0.899 0.985 
   1   (0.114) 0.356 0.075 0.004 0.101 0.015 

Locus 58 : 
2 alleles
0.0% missing data
   4   (0.871) 0.969 0.846 0.986 0.857 0.979 
   2   (0.129) 0.031 0.154 0.014 0.143 0.021 

Locus 59 : 
2 alleles
0.0% missing data
   3   (0.862) 0.953 0.923 0.891 0.824 0.982 
   2   (0.138) 0.047 0.077 0.109 0.176 0.018 

Locus 60 : 
2 alleles
0.0% missing data
   4   (0.763) 0.683 0.683 0.992 0.812 0.771 
   2   (0.237) 0.317 0.317 0.008 0.188 0.229 

Locus 61 : 
2 alleles
0.0% missing data
   4   (0.870) 0.776 0.909 0.996 0.907 0.818 
   2   (0.130) 0.224 0.091 0.004 0.093 0.182 

Locus 62 : 
2 alleles
0.0% missing data
   2   (0.737) 0.467 0.829 0.914 0.689 0.964 
   1   (0.263) 0.533 0.171 0.086 0.311 0.036 

Locus 63 : 
2 alleles
0.0% missing data
   2   (0.417) 0.218 0.446 0.640 0.364 0.710 
   1   (0.583) 0.782 0.554 0.360 0.636 0.290 

Locus 64 : 
2 alleles
0.0% missing data
   4   (0.821) 0.844 0.892 0.993 0.775 0.760 
   2   (0.179) 0.156 0.108 0.007 0.225 0.240 

Locus 65 : 
2 alleles
0.8% missing data
   1   (0.882) 0.746 0.875 0.996 0.915 0.981 
   4   (0.118) 0.254 0.125 0.004 0.085 0.019 

Locus 66 : 
3 alleles
1.6% missing data
   3   (0.592) 0.689 0.679 0.661 0.559 0.527 
   2   (0.377) 0.267 0.313 0.338 0.429 0.469 
   0   (0.031) 0.044 0.008 0.001 0.012 0.004 

Locus 67 : 
2 alleles
0.0% missing data
   1   (0.133) 0.038 0.067 0.029 0.129 0.232 
   3   (0.867) 0.962 0.933 0.971 0.871 0.768 

Locus 68 : 
2 alleles
0.0% missing data
   2   (0.544) 0.330 0.468 0.739 0.701 0.179 
   3   (0.456) 0.670 0.532 0.261 0.299 0.821 

Locus 69 : 
2 alleles
0.0% missing data
   4   (0.793) 0.508 0.798 0.993 0.856 0.695 
   2   (0.207) 0.492 0.202 0.007 0.144 0.305 

Locus 70 : 
3 alleles
0.0% missing data
   1   (0.292) 0.024 0.517 0.700 0.176 0.792 
   3   (0.670) 0.974 0.470 0.148 0.808 0.202 
   0   (0.038) 0.002 0.012 0.152 0.017 0.005 

Locus 71 : 
2 alleles
3.1% missing data
   2   (0.553) 0.744 0.603 0.214 0.530 0.512 
   4   (0.447) 0.256 0.397 0.786 0.470 0.488 

Locus 72 : 
2 alleles
1.6% missing data
   3   (0.555) 0.704 0.475 0.714 0.589 0.335 
   1   (0.445) 0.296 0.525 0.286 0.411 0.665 

Locus 73 : 
2 alleles
0.0% missing data
   1   (0.315) 0.352 0.278 0.538 0.231 0.473 
   2   (0.685) 0.648 0.722 0.462 0.769 0.527 

Locus 74 : 
2 alleles
1.6% missing data
   2   (0.825) 0.938 0.758 0.982 0.805 0.976 
   3   (0.175) 0.062 0.242 0.018 0.195 0.024 

Locus 75 : 
2 alleles
0.0% missing data
   3   (0.494) 0.663 0.383 0.791 0.537 0.163 
   1   (0.506) 0.337 0.617 0.209 0.463 0.837 

Locus 76 : 
2 alleles
0.0% missing data
   2   (0.430) 0.182 0.438 0.925 0.371 0.636 
   1   (0.570) 0.818 0.562 0.075 0.629 0.364 

Locus 77 : 
2 alleles
0.0% missing data
   4   (0.307) 0.102 0.339 0.482 0.286 0.320 
   1   (0.693) 0.898 0.661 0.518 0.714 0.680 

Locus 78 : 
2 alleles
0.0% missing data
   3   (0.721) 0.826 0.636 0.990 0.728 0.530 
   2   (0.279) 0.174 0.364 0.010 0.272 0.470 

Locus 79 : 
2 alleles
0.0% missing data
   2   (0.590) 0.523 0.473 0.718 0.648 0.842 
   3   (0.410) 0.477 0.527 0.282 0.352 0.158 

Locus 80 : 
2 alleles
0.0% missing data
   4   (0.828) 0.786 0.821 0.872 0.920 0.702 
   2   (0.172) 0.214 0.179 0.128 0.080 0.298 

Locus 81 : 
2 alleles
0.0% missing data
   3   (0.458) 0.581 0.600 0.338 0.430 0.066 
   2   (0.542) 0.419 0.400 0.662 0.570 0.934 

Locus 82 : 
2 alleles
0.0% missing data
   2   (0.738) 0.685 0.768 0.719 0.806 0.758 
   3   (0.262) 0.315 0.232 0.281 0.194 0.242 

Locus 83 : 
2 alleles
0.0% missing data
   3   (0.719) 0.468 0.771 0.882 0.704 0.956 
   2   (0.281) 0.532 0.229 0.118 0.296 0.044 

Locus 84 : 
2 alleles
0.0% missing data
   3   (0.541) 0.412 0.591 0.439 0.603 0.298 
   2   (0.459) 0.588 0.409 0.561 0.397 0.702 

Locus 85 : 
2 alleles
0.0% missing data
   3   (0.783) 0.817 0.685 0.875 0.889 0.658 
   4   (0.217) 0.183 0.315 0.125 0.111 0.342 

Locus 86 : 
2 alleles
0.0% missing data
   3   (0.539) 0.847 0.516 0.446 0.565 0.084 
   2   (0.461) 0.153 0.484 0.554 0.435 0.916 

Locus 87 : 
3 alleles
4.7% missing data
   1   (0.531) 0.430 0.660 0.714 0.479 0.503 
   4   (0.436) 0.560 0.330 0.285 0.489 0.486 
   0   (0.033) 0.010 0.011 0.001 0.032 0.011 

Locus 88 : 
2 alleles
1.6% missing data
   3   (0.805) 0.670 0.809 0.993 0.773 0.972 
   1   (0.195) 0.330 0.191 0.007 0.227 0.028 

Locus 89 : 
2 alleles
0.0% missing data
   1   (0.567) 0.424 0.533 0.895 0.605 0.503 
   4   (0.433) 0.576 0.467 0.105 0.395 0.497 

Locus 90 : 
2 alleles
0.8% missing data
   3   (0.740) 0.601 0.827 0.760 0.803 0.522 
   2   (0.260) 0.399 0.173 0.240 0.197 0.478 

Locus 91 : 
2 alleles
0.0% missing data
   2   (0.673) 0.718 0.796 0.690 0.605 0.734 
   4   (0.327) 0.282 0.204 0.310 0.395 0.266 

Locus 92 : 
2 alleles
0.0% missing data
   2   (0.788) 0.736 0.736 0.957 0.878 0.745 
   4   (0.212) 0.264 0.264 0.043 0.122 0.255 

Locus 93 : 
2 alleles
0.0% missing data
   4   (0.913) 0.876 0.971 0.997 0.869 0.987 
   1   (0.087) 0.124 0.029 0.003 0.131 0.013 

Locus 94 : 
2 alleles
0.0% missing data
   3   (0.783) 0.873 0.785 0.750 0.776 0.966 
   1   (0.217) 0.127 0.215 0.250 0.224 0.034 

Locus 95 : 
2 alleles
0.0% missing data
   1   (0.059) 0.003 0.016 0.068 0.084 0.008 
   3   (0.941) 0.997 0.984 0.932 0.916 0.992 

Locus 96 : 
2 alleles
0.0% missing data
   3   (0.535) 0.483 0.734 0.802 0.378 0.513 
   2   (0.465) 0.517 0.266 0.198 0.622 0.487 

Locus 97 : 
2 alleles
0.0% missing data
   2   (0.721) 0.638 0.760 0.991 0.664 0.761 
   1   (0.279) 0.362 0.240 0.009 0.336 0.239 

Locus 98 : 
2 alleles
0.0% missing data
   4   (0.757) 0.610 0.754 0.992 0.697 0.962 
   2   (0.243) 0.390 0.246 0.008 0.303 0.038 

Locus 99 : 
2 alleles
0.8% missing data
   4   (0.850) 0.617 0.838 0.995 0.925 0.770 
   1   (0.150) 0.383 0.162 0.005 0.075 0.230 

Locus 100 : 
2 alleles
0.8% missing data
   3   (0.429) 0.511 0.451 0.211 0.365 0.656 
   2   (0.571) 0.489 0.549 0.789 0.635 0.344 

Locus 101 : 
3 alleles
0.0% missing data
   4   (0.453) 0.088 0.722 0.430 0.402 0.506 
   2   (0.458) 0.907 0.215 0.543 0.476 0.482 
   0   (0.089) 0.005 0.063 0.027 0.122 0.012 

Locus 102 : 
2 alleles
2.4% missing data
   2   (0.793) 0.893 0.667 0.900 0.891 0.708 
   4   (0.207) 0.107 0.333 0.100 0.109 0.292 

Locus 103 : 
3 alleles
0.0% missing data
   4   (0.115) 0.026 0.051 0.524 0.127 0.016 
   2   (0.827) 0.971 0.695 0.475 0.845 0.976 
   0   (0.058) 0.003 0.254 0.002 0.028 0.009 

Locus 104 : 
2 alleles
0.0% missing data
   3   (0.306) 0.177 0.334 0.564 0.270 0.155 
   2   (0.694) 0.823 0.666 0.436 0.730 0.845 

Locus 105 : 
2 alleles
0.0% missing data
   4   (0.486) 0.416 0.522 0.413 0.482 0.505 
   1   (0.514) 0.584 0.478 0.587 0.518 0.495 

Locus 106 : 
2 alleles
0.0% missing data
   1   (0.160) 0.181 0.139 0.177 0.120 0.023 
   2   (0.840) 0.819 0.861 0.823 0.880 0.977 

Locus 107 : 
2 alleles
0.0% missing data
   1   (0.582) 0.476 0.665 0.790 0.576 0.397 
   4   (0.418) 0.524 0.335 0.210 0.424 0.603 

Locus 108 : 
2 alleles
0.0% missing data
   2   (0.759) 0.825 0.723 0.929 0.810 0.697 
   4   (0.241) 0.175 0.277 0.071 0.190 0.303 

Locus 109 : 
2 alleles
0.0% missing data
   3   (0.795) 0.794 0.808 0.966 0.834 0.816 
   2   (0.205) 0.206 0.192 0.034 0.166 0.184 

Locus 110 : 
2 alleles
0.0% missing data
   2   (0.915) 0.918 0.960 0.997 0.899 0.986 
   1   (0.085) 0.082 0.040 0.003 0.101 0.014 

Locus 111 : 
2 alleles
0.0% missing data
   1   (0.869) 0.731 0.781 0.995 0.922 0.982 
   2   (0.131) 0.269 0.219 0.005 0.078 0.018 

Locus 112 : 
2 alleles
7.1% missing data
   3   (0.833) 0.874 0.860 0.994 0.836 0.746 
   2   (0.167) 0.126 0.140 0.006 0.164 0.254 

Locus 113 : 
2 alleles
0.0% missing data
   2   (0.670) 0.867 0.526 0.743 0.647 0.952 
   3   (0.330) 0.133 0.474 0.257 0.353 0.048 

Locus 114 : 
2 alleles
0.0% missing data
   4   (0.709) 0.705 0.753 0.800 0.646 0.959 
   2   (0.291) 0.295 0.247 0.200 0.354 0.041 

Locus 115 : 
2 alleles
0.0% missing data
   3   (0.448) 0.538 0.487 0.342 0.360 0.659 
   2   (0.552) 0.462 0.513 0.658 0.640 0.341 

Locus 116 : 
2 alleles
0.0% missing data
   4   (0.436) 0.575 0.460 0.691 0.326 0.477 
   3   (0.564) 0.425 0.540 0.309 0.674 0.523 

Locus 117 : 
2 alleles
0.0% missing data
   2   (0.879) 0.897 0.922 0.994 0.837 0.983 
   3   (0.121) 0.103 0.078 0.006 0.163 0.017 

Locus 118 : 
2 alleles
0.0% missing data
   2   (0.902) 0.913 0.959 0.997 0.838 0.986 
   1   (0.098) 0.087 0.041 0.003 0.162 0.014 

Locus 119 : 
3 alleles
0.0% missing data
   2   (0.912) 0.917 0.977 0.971 0.965 0.589 
   0   (0.030) 0.002 0.008 0.027 0.012 0.004 
   3   (0.058) 0.082 0.015 0.002 0.023 0.407 

Locus 120 : 
2 alleles
0.0% missing data
   1   (0.931) 0.958 0.910 0.997 0.964 0.990 
   2   (0.069) 0.042 0.090 0.003 0.036 0.010 

Locus 121 : 
2 alleles
0.0% missing data
   3   (0.730) 0.826 0.670 0.655 0.793 0.852 
   4   (0.270) 0.174 0.330 0.345 0.207 0.148 

Locus 122 : 
2 alleles
0.0% missing data
   1   (0.966) 0.998 0.988 0.899 0.984 0.995 
   0   (0.034) 0.002 0.012 0.101 0.016 0.005 

Locus 123 : 
3 alleles
1.6% missing data
   2   (0.731) 0.338 0.703 0.916 0.848 0.856 
   3   (0.238) 0.660 0.289 0.030 0.140 0.140 
   0   (0.031) 0.002 0.008 0.054 0.012 0.004 

Locus 124 : 
2 alleles
0.8% missing data
   1   (0.818) 0.752 0.839 0.994 0.767 0.974 
   3   (0.182) 0.248 0.161 0.006 0.233 0.026 

Locus 125 : 
2 alleles
0.0% missing data
   1   (0.890) 0.986 0.939 0.997 0.855 0.531 
   2   (0.110) 0.014 0.061 0.003 0.145 0.469 

Locus 126 : 
2 alleles
0.0% missing data
   4   (0.237) 0.316 0.104 0.244 0.252 0.297 
   2   (0.763) 0.684 0.896 0.756 0.748 0.703 

Locus 127 : 
2 alleles
0.0% missing data
   3   (0.671) 0.389 0.787 0.988 0.604 0.520 
   2   (0.329) 0.611 0.213 0.012 0.396 0.480 

Locus 128 : 
2 alleles
0.8% missing data
   3   (0.778) 0.948 0.889 0.798 0.687 0.663 
   2   (0.222) 0.052 0.111 0.202 0.313 0.337 

Locus 129 : 
2 alleles
0.8% missing data
   1   (0.754) 0.926 0.767 0.978 0.673 0.762 
   3   (0.246) 0.074 0.233 0.022 0.327 0.238 

Locus 130 : 
2 alleles
0.0% missing data
   3   (0.880) 0.931 0.879 0.996 0.866 0.982 
   2   (0.120) 0.069 0.121 0.004 0.134 0.018 

Locus 131 : 
2 alleles
0.0% missing data
   4   (0.648) 0.891 0.697 0.329 0.605 0.587 
   1   (0.352) 0.109 0.303 0.671 0.395 0.413 

Locus 132 : 
2 alleles
0.0% missing data
   2   (0.797) 0.904 0.818 0.993 0.736 0.827 
   4   (0.203) 0.096 0.182 0.007 0.264 0.173 

Locus 133 : 
2 alleles
0.0% missing data
   3   (0.473) 0.522 0.529 0.841 0.453 0.071 
   2   (0.527) 0.478 0.471 0.159 0.547 0.929 

Locus 134 : 
2 alleles
0.8% missing data
   3   (0.792) 0.662 0.710 0.908 0.867 0.971 
   2   (0.208) 0.338 0.290 0.092 0.133 0.029 

Locus 135 : 
2 alleles
0.0% missing data
   3   (0.614) 0.600 0.693 0.896 0.558 0.507 
   2   (0.386) 0.400 0.307 0.104 0.442 0.493 

Locus 136 : 
2 alleles
0.0% missing data
   4   (0.892) 0.556 0.947 0.996 0.902 0.984 
   2   (0.108) 0.444 0.053 0.004 0.098 0.016 

Locus 137 : 
2 alleles
0.0% missing data
   2   (0.925) 0.989 0.940 0.997 0.907 0.990 
   3   (0.075) 0.011 0.060 0.003 0.093 0.010 

Locus 138 : 
2 alleles
0.8% missing data
   1   (0.687) 0.812 0.612 0.492 0.772 0.696 
   3   (0.313) 0.188 0.388 0.508 0.228 0.304 

Locus 139 : 
2 alleles
0.8% missing data
   2   (0.622) 0.519 0.830 0.405 0.554 0.454 
   3   (0.378) 0.481 0.170 0.595 0.446 0.546 

Locus 140 : 
2 alleles
0.0% missing data
   4   (0.731) 0.826 0.565 0.913 0.834 0.647 
   3   (0.269) 0.174 0.435 0.087 0.166 0.353 

Locus 141 : 
2 alleles
0.0% missing data
   1   (0.703) 0.618 0.795 0.769 0.714 0.689 
   4   (0.297) 0.382 0.205 0.231 0.286 0.311 

Locus 142 : 
2 alleles
0.0% missing data
   3   (0.645) 0.872 0.601 0.597 0.676 0.358 
   2   (0.355) 0.128 0.399 0.403 0.324 0.642 

Locus 143 : 
2 alleles
0.0% missing data
   2   (0.935) 0.966 0.976 0.997 0.921 0.991 
   3   (0.065) 0.034 0.024 0.003 0.079 0.009 

Locus 144 : 
3 alleles
0.8% missing data
   4   (0.604) 0.462 0.574 0.942 0.620 0.721 
   1   (0.366) 0.537 0.418 0.031 0.369 0.275 
   0   (0.030) 0.002 0.008 0.027 0.012 0.004 

Locus 145 : 
2 alleles
0.0% missing data
   1   (0.177) 0.051 0.178 0.274 0.184 0.024 
   3   (0.823) 0.949 0.822 0.726 0.816 0.976 

Locus 146 : 
2 alleles
0.0% missing data
   4   (0.922) 0.875 0.909 0.997 0.963 0.989 
   1   (0.078) 0.125 0.091 0.003 0.037 0.011 

Locus 147 : 
2 alleles
0.8% missing data
   1   (0.376) 0.185 0.342 0.401 0.399 0.538 
   4   (0.624) 0.815 0.658 0.599 0.601 0.462 

Locus 148 : 
2 alleles
0.0% missing data
   3   (0.727) 0.983 0.727 0.609 0.667 0.323 
   1   (0.273) 0.017 0.273 0.391 0.333 0.677 

Locus 149 : 
3 alleles
1.6% missing data
   2   (0.509) 0.439 0.511 0.587 0.620 0.186 
   3   (0.440) 0.537 0.440 0.410 0.360 0.808 
   0   (0.051) 0.024 0.050 0.003 0.020 0.007 

Locus 150 : 
2 alleles
0.0% missing data
   1   (0.710) 0.804 0.627 0.903 0.685 0.957 
   4   (0.290) 0.196 0.373 0.097 0.315 0.043 

Locus 151 : 
2 alleles
0.0% missing data
   3   (0.731) 0.887 0.705 0.406 0.712 0.960 
   2   (0.269) 0.113 0.295 0.594 0.288 0.040 

Locus 152 : 
2 alleles
0.0% missing data
   4   (0.927) 0.995 0.913 0.998 0.954 0.823 
   2   (0.073) 0.005 0.087 0.002 0.046 0.177 

Locus 153 : 
2 alleles
0.0% missing data
   1   (0.648) 0.496 0.639 0.682 0.732 0.659 
   4   (0.352) 0.504 0.361 0.318 0.268 0.341 

Locus 154 : 
2 alleles
0.8% missing data
   1   (0.540) 0.106 0.606 0.893 0.610 0.518 
   3   (0.460) 0.894 0.394 0.107 0.390 0.482 

Locus 155 : 
2 alleles
0.0% missing data
   3   (0.560) 0.638 0.463 0.850 0.538 0.780 
   4   (0.440) 0.362 0.537 0.150 0.462 0.220 

Locus 156 : 
2 alleles
0.8% missing data
   1   (0.802) 0.213 0.849 0.972 0.866 0.971 
   2   (0.198) 0.787 0.151 0.028 0.134 0.029 

Locus 157 : 
2 alleles
0.0% missing data
   4   (0.580) 0.559 0.537 0.752 0.602 0.660 
   2   (0.420) 0.441 0.463 0.248 0.398 0.340 

Locus 158 : 
2 alleles
0.8% missing data
   1   (0.696) 0.902 0.718 0.759 0.625 0.787 
   2   (0.304) 0.098 0.282 0.241 0.375 0.213 

Locus 159 : 
3 alleles
0.8% missing data
   2   (0.828) 0.515 0.846 0.864 0.891 0.976 
   0   (0.066) 0.004 0.081 0.133 0.037 0.010 
   3   (0.106) 0.481 0.073 0.003 0.072 0.014 

Locus 160 : 
3 alleles
0.0% missing data
   1   (0.443) 0.181 0.509 0.467 0.476 0.490 
   3   (0.523) 0.817 0.445 0.532 0.511 0.501 
   0   (0.034) 0.002 0.046 0.001 0.013 0.009 

Locus 161 : 
2 alleles
0.8% missing data
   1   (0.517) 0.535 0.544 0.514 0.553 0.183 
   4   (0.483) 0.465 0.456 0.486 0.447 0.817 

Locus 162 : 
3 alleles
3.1% missing data
   1   (0.895) 0.934 0.971 0.997 0.866 0.986 
   0   (0.072) 0.042 0.020 0.002 0.121 0.009 
   2   (0.032) 0.023 0.008 0.001 0.013 0.004 

Locus 163 : 
2 alleles
0.0% missing data
   2   (0.874) 0.655 0.926 0.856 0.925 0.982 
   3   (0.126) 0.345 0.074 0.144 0.075 0.018 

Locus 164 : 
3 alleles
0.8% missing data
   4   (0.866) 0.854 0.950 0.810 0.901 0.982 
   1   (0.104) 0.124 0.041 0.189 0.087 0.014 
   0   (0.030) 0.022 0.008 0.001 0.012 0.004 

Locus 165 : 
2 alleles
0.0% missing data
   4   (0.796) 0.680 0.828 0.830 0.870 0.869 
   1   (0.204) 0.320 0.172 0.170 0.130 0.131 

Locus 166 : 
2 alleles
0.8% missing data
   2   (0.864) 0.500 0.872 0.984 0.926 0.980 
   3   (0.136) 0.500 0.128 0.016 0.074 0.020 

Locus 167 : 
2 alleles
0.0% missing data
   2   (0.649) 0.241 0.742 0.759 0.724 0.640 
   3   (0.351) 0.759 0.258 0.241 0.276 0.360 

Locus 168 : 
2 alleles
0.0% missing data
   3   (0.727) 0.780 0.797 0.910 0.700 0.725 
   2   (0.273) 0.220 0.203 0.090 0.300 0.275 

Locus 169 : 
3 alleles
2.4% missing data
   4   (0.396) 0.150 0.479 0.558 0.442 0.164 
   3   (0.554) 0.847 0.468 0.388 0.538 0.829 
   0   (0.050) 0.003 0.053 0.054 0.020 0.007 

Locus 170 : 
2 alleles
0.0% missing data
   1   (0.748) 0.690 0.887 0.548 0.759 0.537 
   3   (0.252) 0.310 0.113 0.452 0.241 0.463 

Locus 171 : 
3 alleles
3.1% missing data
   2   (0.820) 0.651 0.915 0.957 0.841 0.974 
   3   (0.147) 0.304 0.077 0.042 0.146 0.022 
   0   (0.032) 0.045 0.009 0.001 0.013 0.004 

Locus 172 : 
2 alleles
0.0% missing data
   4   (0.727) 0.725 0.686 0.609 0.760 0.961 
   1   (0.273) 0.275 0.314 0.391 0.240 0.039 

Locus 173 : 
2 alleles
0.0% missing data
   2   (0.774) 0.778 0.798 0.533 0.874 0.556 
   3   (0.226) 0.222 0.202 0.467 0.126 0.444 

Locus 174 : 
2 alleles
0.0% missing data
   4   (0.733) 0.698 0.748 0.812 0.776 0.849 
   1   (0.267) 0.302 0.252 0.188 0.224 0.151 

Locus 175 : 
2 alleles
0.0% missing data
   2   (0.720) 0.626 0.782 0.769 0.738 0.849 
   4   (0.280) 0.374 0.218 0.231 0.262 0.151 

Locus 176 : 
2 alleles
0.8% missing data
   4   (0.959) 0.997 0.914 0.999 0.981 0.994 
   1   (0.041) 0.003 0.086 0.001 0.019 0.006 

Locus 177 : 
2 alleles
0.0% missing data
   3   (0.504) 0.690 0.381 0.536 0.504 0.659 
   2   (0.496) 0.310 0.619 0.464 0.496 0.341 

Locus 178 : 
3 alleles
2.4% missing data
   3   (0.610) 0.826 0.540 0.652 0.645 0.615 
   2   (0.361) 0.172 0.453 0.347 0.344 0.285 
   0   (0.029) 0.002 0.008 0.001 0.011 0.100 

Locus 179 : 
2 alleles
0.0% missing data
   3   (0.896) 0.840 0.958 0.967 0.908 0.985 
   2   (0.104) 0.160 0.042 0.033 0.092 0.015 

Locus 180 : 
3 alleles
1.6% missing data
   3   (0.514) 0.175 0.692 0.797 0.457 0.667 
   2   (0.433) 0.822 0.253 0.202 0.481 0.326 
   0   (0.054) 0.003 0.054 0.002 0.062 0.007 

Locus 181 : 
2 alleles
0.0% missing data
   2   (0.730) 0.557 0.720 0.746 0.772 0.962 
   1   (0.270) 0.443 0.280 0.254 0.228 0.038 

Locus 182 : 
2 alleles
1.6% missing data
   4   (0.782) 0.916 0.877 0.533 0.745 0.862 
   2   (0.218) 0.084 0.123 0.467 0.255 0.138 

Locus 183 : 
2 alleles
0.0% missing data
   4   (0.877) 0.974 0.890 0.905 0.893 0.973 
   2   (0.123) 0.026 0.110 0.095 0.107 0.027 

Locus 184 : 
2 alleles
0.0% missing data
   2   (0.887) 0.964 0.955 0.971 0.894 0.783 
   3   (0.113) 0.036 0.045 0.029 0.106 0.217 

Locus 185 : 
2 alleles
0.0% missing data
   2   (0.771) 0.726 0.887 0.809 0.796 0.527 
   3   (0.229) 0.274 0.113 0.191 0.204 0.473 

Locus 186 : 
2 alleles
0.0% missing data
   2   (0.916) 0.995 0.977 0.640 0.845 0.989 
   3   (0.084) 0.005 0.023 0.360 0.155 0.011 

Locus 187 : 
2 alleles
0.0% missing data
   3   (0.902) 0.970 0.949 0.958 0.947 0.775 
   2   (0.098) 0.030 0.051 0.042 0.053 0.225 

Locus 188 : 
2 alleles
2.4% missing data
   2   (0.745) 0.568 0.882 0.743 0.650 0.964 
   3   (0.255) 0.432 0.118 0.257 0.350 0.036 

Locus 189 : 
3 alleles
3.1% missing data
   3   (0.647) 0.591 0.676 0.497 0.726 0.746 
   1   (0.298) 0.362 0.308 0.501 0.214 0.246 
   0   (0.054) 0.047 0.016 0.002 0.059 0.008 

Locus 190 : 
2 alleles
0.0% missing data
   1   (0.893) 0.954 0.791 0.996 0.925 0.984 
   5   (0.107) 0.046 0.209 0.004 0.075 0.016 

Locus 191 : 
2 alleles
0.0% missing data
   1   (0.791) 0.988 0.831 0.681 0.683 0.826 
   5   (0.209) 0.012 0.169 0.319 0.317 0.174 

Locus 192 : 
2 alleles
0.0% missing data
   2   (0.583) 0.512 0.587 0.793 0.641 0.252 
   1   (0.417) 0.488 0.413 0.207 0.359 0.748 

Locus 193 : 
2 alleles
2.4% missing data
   1   (0.934) 0.903 0.979 0.998 0.932 0.991 
   4   (0.066) 0.097 0.021 0.002 0.068 0.009 

Locus 194 : 
2 alleles
0.0% missing data
   3   (0.775) 0.679 0.767 0.992 0.722 0.968 
   2   (0.225) 0.321 0.233 0.008 0.278 0.032 

Locus 195 : 
2 alleles
6.3% missing data
   4   (0.573) 0.472 0.511 0.985 0.515 0.679 
   1   (0.427) 0.528 0.489 0.015 0.485 0.321 

Locus 196 : 
2 alleles
0.8% missing data
   3   (0.900) 0.975 0.843 0.769 0.957 0.987 
   2   (0.100) 0.025 0.157 0.231 0.043 0.013 

Locus 197 : 
2 alleles
0.8% missing data
   3   (0.666) 0.766 0.672 0.750 0.652 0.780 
   4   (0.334) 0.234 0.328 0.250 0.348 0.220 

Locus 198 : 
2 alleles
0.0% missing data
   1   (0.962) 0.898 0.990 0.999 0.985 0.995 
   2   (0.038) 0.102 0.010 0.001 0.015 0.005 

Locus 199 : 
2 alleles
0.0% missing data
   2   (0.853) 0.556 0.854 0.995 0.880 0.980 
   3   (0.147) 0.444 0.146 0.005 0.120 0.020 

Locus 200 : 
2 alleles
0.0% missing data
   2   (0.521) 0.493 0.487 0.607 0.559 0.456 
   4   (0.479) 0.507 0.513 0.393 0.441 0.544 

Locus 201 : 
2 alleles
0.8% missing data
   2   (0.713) 0.339 0.582 0.990 0.762 0.958 
   1   (0.287) 0.661 0.418 0.010 0.238 0.042 

Locus 202 : 
2 alleles
0.0% missing data
   1   (0.899) 0.994 0.936 0.750 0.922 0.828 
   3   (0.101) 0.006 0.064 0.250 0.078 0.172 

Locus 203 : 
2 alleles
0.8% missing data
   2   (0.711) 0.763 0.646 0.991 0.707 0.583 
   1   (0.289) 0.237 0.354 0.009 0.293 0.417 

Locus 204 : 
2 alleles
0.0% missing data
   2   (0.826) 0.821 0.807 0.994 0.797 0.977 
   5   (0.174) 0.179 0.193 0.006 0.203 0.023 

Locus 205 : 
2 alleles
0.0% missing data
   3   (0.685) 0.881 0.688 0.650 0.679 0.649 
   1   (0.315) 0.119 0.312 0.350 0.321 0.351 

Locus 206 : 
2 alleles
0.0% missing data
   4   (0.566) 0.599 0.717 0.322 0.424 0.887 
   1   (0.434) 0.401 0.283 0.678 0.576 0.113 

Locus 207 : 
2 alleles
0.8% missing data
   3   (0.808) 0.879 0.810 0.994 0.809 0.657 
   2   (0.192) 0.121 0.190 0.006 0.191 0.343 

Locus 208 : 
2 alleles
1.6% missing data
   1   (0.723) 0.530 0.843 0.991 0.605 0.800 
   2   (0.277) 0.470 0.157 0.009 0.395 0.200 

Locus 209 : 
3 alleles
0.0% missing data
   3   (0.939) 0.997 0.984 0.907 0.976 0.992 
   2   (0.031) 0.002 0.008 0.066 0.012 0.004 
   0   (0.030) 0.002 0.008 0.027 0.012 0.004 

Locus 210 : 
2 alleles
0.0% missing data
   2   (0.623) 0.446 0.669 0.979 0.671 0.100 
   4   (0.377) 0.554 0.331 0.021 0.329 0.900 

Locus 211 : 
2 alleles
0.0% missing data
   2   (0.885) 0.763 0.897 0.996 0.910 0.980 
   4   (0.115) 0.237 0.103 0.004 0.090 0.020 

Locus 212 : 
2 alleles
0.0% missing data
   4   (0.749) 0.748 0.732 0.779 0.815 0.853 
   1   (0.251) 0.252 0.268 0.221 0.185 0.147 

Locus 213 : 
2 alleles
0.0% missing data
   3   (0.771) 0.622 0.831 0.219 0.886 0.602 
   2   (0.229) 0.378 0.169 0.781 0.114 0.398 

Locus 214 : 
2 alleles
0.0% missing data
   1   (0.737) 0.657 0.803 0.862 0.768 0.714 
   4   (0.263) 0.343 0.197 0.138 0.232 0.286 

Locus 215 : 
2 alleles
0.0% missing data
   4   (0.318) 0.093 0.415 0.319 0.266 0.525 
   5   (0.682) 0.907 0.585 0.681 0.734 0.475 

Locus 216 : 
2 alleles
0.0% missing data
   3   (0.894) 0.804 0.970 0.904 0.901 0.985 
   1   (0.106) 0.196 0.030 0.096 0.099 0.015 

Locus 217 : 
2 alleles
0.0% missing data
   3   (0.870) 0.864 0.905 0.996 0.901 0.810 
   2   (0.130) 0.136 0.095 0.004 0.099 0.190 

Locus 218 : 
2 alleles
0.0% missing data
   3   (0.426) 0.433 0.549 0.240 0.433 0.068 
   2   (0.574) 0.567 0.451 0.760 0.567 0.932 

Locus 219 : 
2 alleles
0.0% missing data
   4   (0.726) 0.289 0.823 0.991 0.715 0.764 
   2   (0.274) 0.711 0.177 0.009 0.285 0.236 

Locus 220 : 
2 alleles
0.0% missing data
   3   (0.747) 0.663 0.818 0.953 0.757 0.689 
   2   (0.253) 0.337 0.182 0.047 0.243 0.311 

Locus 221 : 
2 alleles
0.0% missing data
   3   (0.798) 0.918 0.799 0.768 0.858 0.694 
   2   (0.202) 0.082 0.201 0.232 0.142 0.306 

Locus 222 : 
2 alleles
0.0% missing data
   2   (0.700) 0.494 0.795 0.990 0.638 0.627 
   3   (0.300) 0.506 0.205 0.010 0.362 0.373 

Locus 223 : 
2 alleles
0.8% missing data
   1   (0.942) 0.793 0.983 0.998 0.959 0.992 
   2   (0.058) 0.207 0.017 0.002 0.041 0.008 

Locus 224 : 
2 alleles
0.0% missing data
   5   (0.761) 0.423 0.804 0.884 0.835 0.868 
   1   (0.239) 0.577 0.196 0.116 0.165 0.132 

Locus 225 : 
2 alleles
0.8% missing data
   2   (0.745) 0.786 0.776 0.640 0.799 0.751 
   3   (0.255) 0.214 0.224 0.360 0.201 0.249 

Locus 226 : 
2 alleles
0.0% missing data
   3   (0.929) 0.995 0.810 0.998 0.947 0.989 
   1   (0.071) 0.005 0.190 0.002 0.053 0.011 

Values of parameters used in structure:
DATAFILE=/Users/ddayan/FRA/small_omy_projects/sf_crooked_river_2021/structure_SFGL_Omy269/project_data,	OUTFILE=/Users/ddayan/FRA/small_omy_projects/sf_crooked_river_2021/structure_SFGL_Omy269/5k10kadmcorr/Results/5k10kadmcorr_run_46,	NUMINDS=127,	NUMLOCI=226,	MISSING=-9,	LABEL=0,	POPDATA=1,	POPFLAG=0,	PHENOTYPE=0,	EXTRACOLS=0,	MAXPOPS=5,	BURNIN=5000,	NUMREPS=10000,	USEPOPINFO=0,	INFERALPHA=1,	INFERLAMBDA=0,	POPSPECIFICLAMBDA=0,	POPALPHAS=0,	COMPUTEPROB=1,	NOADMIX=0,	ADMBURNIN=2500,	UPDATEFREQ=1,	PRINTLIKES=0,	INTERMEDSAVE=0,	PRINTKLD=0,	PRINTNET=0,	PRINTLAMBDA=0,	ANCESTDIST=0,	NUMBOXES=1000,	ANCESTPINT=0.90000,	GENSBACK=2,	MIGRPRIOR=0.05000,	PRINTQHAT=0,	PRINTQSUM=0,	ALPHA=1.0000,	FREQSCORR=1,	FPRIORMEAN=0.0100,	FPRIORSD=0.0500,	ONEFST=0,	LAMBDA=1.0000,	UNIFPRIORALPHA=1,	ALPHAMAX=10.0000,	ALPHAPRIORA=1.0000,	ALPHAPRIORB=2.0000,	ALPHAPROPSD=0.0250,	STARTATPOPINFO=0,	RANDOMIZE=1,	LINKAGE=0,	METROFREQ=10,	REPORTHITRATE=0,	MARKOVPHASE=-1,	PHASED=0,	PLOIDY=2,	PHASEINFO=0	LOCPRIOR=0, 	LOCPRIORINIT=1.000000, 	LOCDATA=0, 	LOCISPOP=0, 	LOCPRIORSTEP=0.100000, 	MAXLOCPRIOR=20.000000, 	SEED=1642737387,	
[STRAT parameters]:    NUMSIMSTATS=1000,	PHENOTYPECOL=-9,	POOLFREQ=10,	LOCUSxONLY=0,	EMERROR=0.00100,	MISSINGPHENO=-9,	