

----------------------------------------------------
STRUCTURE by Pritchard, Stephens and Donnelly (2000)
     and Falush, Stephens and Pritchard (2003)
       Code by Pritchard, Falush and Hubisz
             Version 2.3.4 (Jul 2012)
----------------------------------------------------



Command line arguments:   bin/structure -m "/Users/ddayan/FRA/small_omy_projects/sf_crooked_river_2021/structure_SFGL_Omy269/5k10kadmcorr/mainparams" -e "/Users/ddayan/FRA/small_omy_projects/sf_crooked_river_2021/structure_SFGL_Omy269/5k10kadmcorr/extraparams" 
Input File:    /Users/ddayan/FRA/small_omy_projects/sf_crooked_river_2021/structure_SFGL_Omy269/project_data

Run parameters:
   127 individuals
   226 loci
   6 populations assumed
   5000 Burn-in period
   10000 Reps


--------------------------------------------
Proportion of membership of each pre-defined
 population in each of the 6 clusters

Given    Inferred Clusters                            Number of
 Pop       1      2      3      4      5      6      Individuals

  1:     0.003  0.002  0.003  0.002  0.986  0.004       35
  2:     0.010  0.801  0.063  0.037  0.004  0.085       17
  3:     0.198  0.008  0.257  0.123  0.052  0.362       41
  4:     0.005  0.970  0.006  0.007  0.005  0.007       34
--------------------------------------------

Allele-freq. divergence among pops (Net nucleotide distance),
computed using point estimates of P.

      1       2       3       4       5       6      
 1      -    0.0656  0.0369  0.0478  0.0587  0.0389  
 2   0.0656     -    0.0429  0.0569  0.0787  0.0333  
 3   0.0369  0.0429     -    0.0352  0.0404  0.0124  
 4   0.0478  0.0569  0.0352     -    0.0537  0.0282  
 5   0.0587  0.0787  0.0404  0.0537     -    0.0344  
 6   0.0389  0.0333  0.0124  0.0282  0.0344     -    

Average distances (expected heterozygosity) between individuals in same cluster:
cluster  1  : 0.2748 
cluster  2  : 0.3341 
cluster  3  : 0.3248 
cluster  4  : 0.2887 
cluster  5  : 0.2448 
cluster  6  : 0.3429 

--------------------------------------------
Estimated Ln Prob of Data   = -26372.5
Mean value of ln likelihood = -25958.5
Variance of ln likelihood   = 828.0
Mean value of alpha         = 0.0301

Mean value of Fst_1         = 0.2682
Mean value of Fst_2         = 0.1563
Mean value of Fst_3         = 0.0944
Mean value of Fst_4         = 0.2294
Mean value of Fst_5         = 0.2972
Mean value of Fst_6         = 0.0426


Inferred ancestry of individuals:
     (%Miss) Pop:  Inferred clusters
  1    (0)    1 :  0.002 0.001 0.001 0.002 0.991 0.003 
  2    (0)    1 :  0.005 0.007 0.006 0.004 0.967 0.011 
  3    (0)    1 :  0.002 0.002 0.001 0.001 0.991 0.002 
  4    (0)    1 :  0.002 0.001 0.003 0.001 0.990 0.003 
  5    (0)    1 :  0.001 0.002 0.002 0.005 0.989 0.001 
  6    (0)    1 :  0.002 0.001 0.002 0.001 0.992 0.002 
  7    (0)    1 :  0.001 0.001 0.001 0.002 0.995 0.001 
  8    (0)    1 :  0.003 0.001 0.005 0.003 0.984 0.004 
  9    (0)    1 :  0.001 0.001 0.003 0.001 0.994 0.001 
 10    (0)    1 :  0.002 0.001 0.002 0.001 0.992 0.002 
 11    (0)    1 :  0.047 0.004 0.013 0.012 0.920 0.005 
 12    (0)    1 :  0.002 0.008 0.010 0.008 0.969 0.003 
 13    (0)    1 :  0.002 0.001 0.001 0.001 0.995 0.001 
 14    (0)    1 :  0.002 0.001 0.002 0.002 0.992 0.001 
 15    (0)    1 :  0.001 0.001 0.001 0.001 0.994 0.001 
 16    (0)    1 :  0.004 0.001 0.004 0.002 0.988 0.001 
 17    (0)    1 :  0.001 0.001 0.003 0.003 0.973 0.019 
 18    (0)    1 :  0.003 0.019 0.008 0.004 0.925 0.040 
 19    (0)    1 :  0.003 0.001 0.001 0.001 0.993 0.001 
 20    (0)    1 :  0.002 0.001 0.003 0.001 0.994 0.001 
 21    (0)    1 :  0.002 0.002 0.005 0.001 0.989 0.002 
 22    (0)    1 :  0.001 0.002 0.003 0.001 0.985 0.007 
 23    (0)    1 :  0.001 0.001 0.001 0.001 0.995 0.001 
 24    (0)    1 :  0.002 0.001 0.001 0.002 0.994 0.001 
 25    (0)    1 :  0.001 0.004 0.002 0.002 0.989 0.002 
 26    (0)    1 :  0.001 0.001 0.001 0.001 0.995 0.001 
 27    (0)    1 :  0.001 0.001 0.001 0.000 0.996 0.001 
 28    (0)    1 :  0.002 0.001 0.005 0.001 0.989 0.003 
 29    (0)    1 :  0.001 0.001 0.001 0.002 0.994 0.001 
 30    (0)    1 :  0.000 0.001 0.001 0.001 0.997 0.001 
 31    (0)    1 :  0.003 0.001 0.002 0.003 0.988 0.002 
 32    (0)    1 :  0.003 0.002 0.001 0.005 0.987 0.002 
 33    (0)    1 :  0.001 0.001 0.001 0.001 0.996 0.001 
 34    (0)    1 :  0.001 0.000 0.001 0.001 0.997 0.001 
 35    (0)    1 :  0.003 0.001 0.002 0.002 0.991 0.002 
 36    (0)    2 :  0.002 0.832 0.025 0.026 0.004 0.111 
 37    (0)    2 :  0.002 0.969 0.004 0.003 0.008 0.014 
 38    (0)    3 :  0.005 0.001 0.891 0.092 0.003 0.009 
 39    (0)    3 :  0.003 0.004 0.001 0.002 0.011 0.979 
 40    (0)    3 :  0.003 0.002 0.002 0.002 0.039 0.953 
 41    (0)    3 :  0.013 0.009 0.035 0.009 0.003 0.931 
 42    (0)    3 :  0.017 0.039 0.933 0.003 0.003 0.005 
 43    (0)    2 :  0.001 0.992 0.002 0.002 0.001 0.002 
 44    (0)    2 :  0.006 0.120 0.566 0.109 0.012 0.187 
 45    (0)    2 :  0.002 0.985 0.007 0.001 0.001 0.004 
 46    (0)    2 :  0.001 0.979 0.005 0.003 0.003 0.009 
 47    (0)    2 :  0.107 0.677 0.033 0.005 0.004 0.175 
 48    (0)    2 :  0.002 0.202 0.005 0.003 0.004 0.784 
 49    (0)    2 :  0.007 0.482 0.050 0.365 0.023 0.071 
 50    (0)    2 :  0.001 0.977 0.010 0.007 0.001 0.003 
 51    (0)    2 :  0.012 0.959 0.003 0.004 0.002 0.020 
 52    (0)    3 :  0.010 0.003 0.951 0.012 0.011 0.012 
 53    (0)    3 :  0.003 0.010 0.108 0.037 0.079 0.763 
 54    (0)    3 :  0.008 0.004 0.023 0.254 0.005 0.706 
 55    (0)    3 :  0.003 0.047 0.009 0.007 0.006 0.930 
 56    (0)    3 :  0.992 0.001 0.002 0.001 0.003 0.001 
 57    (0)    3 :  0.005 0.004 0.069 0.001 0.067 0.855 
 58    (0)    3 :  0.003 0.004 0.004 0.975 0.004 0.010 
 59    (0)    3 :  0.002 0.027 0.002 0.005 0.001 0.963 
 60    (0)    3 :  0.990 0.001 0.001 0.004 0.002 0.002 
 61    (0)    3 :  0.991 0.001 0.003 0.003 0.001 0.001 
 62    (0)    3 :  0.004 0.002 0.982 0.005 0.002 0.005 
 63    (0)    3 :  0.001 0.001 0.993 0.001 0.003 0.001 
 64    (0)    3 :  0.002 0.005 0.347 0.020 0.483 0.143 
 65    (0)    3 :  0.004 0.002 0.008 0.009 0.405 0.573 
 66    (0)    3 :  0.001 0.001 0.003 0.003 0.307 0.685 
 67    (0)    3 :  0.030 0.032 0.115 0.008 0.168 0.647 
 68    (0)    3 :  0.995 0.001 0.001 0.001 0.002 0.001 
 69    (0)    3 :  0.001 0.023 0.019 0.002 0.403 0.552 
 70    (0)    3 :  0.981 0.001 0.008 0.002 0.005 0.004 
 71    (0)    3 :  0.986 0.001 0.004 0.001 0.006 0.002 
 72    (0)    3 :  0.981 0.002 0.004 0.007 0.004 0.002 
 73    (0)    3 :  0.025 0.002 0.003 0.965 0.004 0.002 
 74    (0)    3 :  0.003 0.003 0.047 0.006 0.005 0.936 
 75    (0)    3 :  0.001 0.004 0.974 0.002 0.004 0.015 
 76    (0)    3 :  0.004 0.004 0.012 0.016 0.001 0.963 
 77    (0)    3 :  0.001 0.002 0.001 0.993 0.002 0.001 
 78    (0)    3 :  0.014 0.001 0.925 0.022 0.029 0.008 
 79    (0)    3 :  0.005 0.002 0.007 0.006 0.002 0.977 
 80    (0)    3 :  0.003 0.001 0.977 0.011 0.004 0.003 
 81    (0)    3 :  0.004 0.002 0.988 0.002 0.002 0.002 
 82    (0)    3 :  0.006 0.067 0.074 0.497 0.034 0.322 
 83    (0)    3 :  0.002 0.002 0.005 0.985 0.004 0.002 
 84    (0)    3 :  0.013 0.001 0.969 0.007 0.006 0.003 
 85    (0)    3 :  0.994 0.001 0.001 0.001 0.002 0.001 
 86    (0)    3 :  0.001 0.003 0.002 0.002 0.001 0.992 
 87    (0)    3 :  0.005 0.006 0.033 0.080 0.013 0.864 
 88    (0)    2 :  0.001 0.990 0.003 0.003 0.001 0.002 
 89    (0)    2 :  0.001 0.984 0.007 0.002 0.001 0.004 
 90    (0)    2 :  0.002 0.990 0.003 0.001 0.001 0.003 
 91    (0)    2 :  0.008 0.508 0.346 0.092 0.001 0.045 
 92    (0)    2 :  0.005 0.980 0.005 0.004 0.002 0.004 
 93    (0)    2 :  0.001 0.995 0.001 0.001 0.001 0.001 
 94    (0)    4 :  0.001 0.988 0.003 0.003 0.002 0.002 
 95    (0)    4 :  0.002 0.987 0.003 0.004 0.001 0.002 
 96    (2)    4 :  0.008 0.975 0.004 0.004 0.002 0.007 
 97    (0)    4 :  0.003 0.937 0.013 0.005 0.006 0.036 
 98    (1)    4 :  0.003 0.936 0.022 0.014 0.004 0.021 
 99    (0)    4 :  0.006 0.969 0.005 0.011 0.006 0.003 
100    (1)    4 :  0.005 0.962 0.024 0.003 0.002 0.005 
101    (0)    4 :  0.001 0.962 0.027 0.005 0.003 0.002 
102    (0)    4 :  0.003 0.991 0.001 0.002 0.001 0.002 
103    (0)    4 :  0.008 0.960 0.008 0.007 0.010 0.007 
104    (1)    4 :  0.011 0.962 0.018 0.005 0.001 0.003 
105    (1)    4 :  0.001 0.992 0.002 0.001 0.003 0.001 
106    (2)    4 :  0.004 0.968 0.006 0.012 0.005 0.005 
107    (1)    4 :  0.003 0.989 0.001 0.003 0.001 0.002 
108    (0)    4 :  0.006 0.975 0.002 0.005 0.003 0.009 
109    (1)    4 :  0.002 0.958 0.004 0.001 0.024 0.010 
110    (3)    4 :  0.004 0.986 0.002 0.002 0.001 0.005 
111    (0)    4 :  0.004 0.970 0.008 0.003 0.007 0.008 
112    (1)    4 :  0.001 0.979 0.006 0.002 0.004 0.007 
113    (1)    4 :  0.001 0.994 0.001 0.001 0.002 0.001 
114    (0)    4 :  0.001 0.995 0.001 0.001 0.001 0.002 
115    (1)    4 :  0.001 0.994 0.001 0.001 0.002 0.001 
116    (1)    4 :  0.009 0.877 0.004 0.071 0.007 0.032 
117    (0)    4 :  0.002 0.957 0.006 0.025 0.008 0.002 
118    (3)    4 :  0.001 0.989 0.002 0.003 0.002 0.003 
119    (2)    4 :  0.005 0.948 0.003 0.004 0.019 0.021 
120    (2)    4 :  0.007 0.972 0.008 0.003 0.001 0.009 
121    (0)    4 :  0.003 0.968 0.006 0.006 0.009 0.008 
122    (1)    4 :  0.004 0.983 0.002 0.004 0.004 0.004 
123    (0)    4 :  0.001 0.995 0.001 0.001 0.001 0.001 
124   (15)    4 :  0.022 0.952 0.011 0.003 0.004 0.008 
125    (1)    4 :  0.008 0.964 0.009 0.003 0.012 0.004 
126    (0)    4 :  0.021 0.959 0.007 0.003 0.006 0.004 
127    (2)    4 :  0.002 0.981 0.002 0.010 0.002 0.004 


Estimated Allele Frequencies in each cluster
First column gives estimated ancestral frequencies


Locus 1 : 
2 alleles
0.0% missing data
   3   (0.932) 0.990 0.906 0.979 0.984 0.998 0.918 
   2   (0.068) 0.010 0.094 0.021 0.016 0.002 0.082 

Locus 2 : 
2 alleles
0.0% missing data
   2   (0.340) 0.051 0.367 0.525 0.170 0.169 0.340 
   3   (0.660) 0.949 0.633 0.475 0.830 0.831 0.660 

Locus 3 : 
2 alleles
0.0% missing data
   2   (0.347) 0.213 0.338 0.546 0.162 0.252 0.292 
   4   (0.653) 0.787 0.662 0.454 0.838 0.748 0.708 

Locus 4 : 
2 alleles
0.0% missing data
   1   (0.686) 0.367 0.927 0.692 0.803 0.887 0.632 
   4   (0.314) 0.633 0.073 0.308 0.197 0.113 0.368 

Locus 5 : 
2 alleles
3.1% missing data
   2   (0.809) 0.972 0.739 0.820 0.949 0.953 0.786 
   1   (0.191) 0.028 0.261 0.180 0.051 0.047 0.214 

Locus 6 : 
2 alleles
2.4% missing data
   1   (0.223) 0.034 0.192 0.176 0.250 0.384 0.206 
   3   (0.777) 0.966 0.808 0.824 0.750 0.616 0.794 

Locus 7 : 
2 alleles
0.0% missing data
   2   (0.630) 0.947 0.412 0.665 0.578 0.456 0.649 
   3   (0.370) 0.053 0.588 0.335 0.422 0.544 0.351 

Locus 8 : 
2 alleles
2.4% missing data
   1   (0.246) 0.250 0.167 0.276 0.074 0.262 0.225 
   2   (0.754) 0.750 0.833 0.724 0.926 0.738 0.775 

Locus 9 : 
2 alleles
0.8% missing data
   4   (0.963) 0.995 0.823 0.989 0.991 0.999 0.985 
   1   (0.037) 0.005 0.177 0.011 0.009 0.001 0.015 

Locus 10 : 
2 alleles
0.0% missing data
   3   (0.745) 0.639 0.517 0.900 0.925 0.991 0.620 
   2   (0.255) 0.361 0.483 0.100 0.075 0.009 0.380 

Locus 11 : 
2 alleles
0.0% missing data
   2   (0.955) 0.994 0.770 0.987 0.990 0.999 0.974 
   1   (0.045) 0.006 0.230 0.013 0.010 0.001 0.026 

Locus 12 : 
2 alleles
0.0% missing data
   1   (0.492) 0.229 0.277 0.655 0.686 0.825 0.442 
   4   (0.508) 0.771 0.723 0.345 0.314 0.175 0.558 

Locus 13 : 
2 alleles
0.8% missing data
   2   (0.700) 0.796 0.586 0.598 0.911 0.800 0.742 
   4   (0.300) 0.204 0.414 0.402 0.089 0.200 0.258 

Locus 14 : 
2 alleles
0.0% missing data
   4   (0.683) 0.530 0.577 0.680 0.853 0.799 0.728 
   2   (0.317) 0.470 0.423 0.320 0.147 0.201 0.272 

Locus 15 : 
2 alleles
0.0% missing data
   4   (0.888) 0.984 0.884 0.965 0.973 0.996 0.776 
   2   (0.112) 0.016 0.116 0.035 0.027 0.004 0.224 

Locus 16 : 
2 alleles
0.0% missing data
   1   (0.409) 0.477 0.386 0.234 0.314 0.687 0.452 
   4   (0.591) 0.523 0.614 0.766 0.686 0.313 0.548 

Locus 17 : 
2 alleles
0.0% missing data
   4   (0.926) 0.888 0.940 0.978 0.687 0.998 0.969 
   3   (0.074) 0.112 0.060 0.022 0.313 0.002 0.031 

Locus 18 : 
2 alleles
0.0% missing data
   2   (0.794) 0.970 0.786 0.694 0.937 0.784 0.819 
   3   (0.206) 0.030 0.214 0.306 0.063 0.216 0.181 

Locus 19 : 
2 alleles
0.8% missing data
   4   (0.880) 0.983 0.820 0.963 0.968 0.985 0.823 
   2   (0.120) 0.017 0.180 0.037 0.032 0.015 0.177 

Locus 20 : 
2 alleles
0.0% missing data
   2   (0.666) 0.949 0.661 0.619 0.653 0.561 0.672 
   3   (0.334) 0.051 0.339 0.381 0.347 0.439 0.328 

Locus 21 : 
2 alleles
0.8% missing data
   2   (0.360) 0.261 0.452 0.332 0.199 0.206 0.368 
   3   (0.640) 0.739 0.548 0.668 0.801 0.794 0.632 

Locus 22 : 
2 alleles
0.0% missing data
   4   (0.810) 0.699 0.726 0.857 0.950 0.872 0.853 
   2   (0.190) 0.301 0.274 0.143 0.050 0.128 0.147 

Locus 23 : 
2 alleles
2.4% missing data
   1   (0.353) 0.481 0.403 0.403 0.109 0.564 0.303 
   4   (0.647) 0.519 0.597 0.597 0.891 0.436 0.697 

Locus 24 : 
2 alleles
0.0% missing data
   3   (0.750) 0.964 0.612 0.805 0.409 0.991 0.720 
   2   (0.250) 0.036 0.388 0.195 0.591 0.009 0.280 

Locus 25 : 
2 alleles
0.0% missing data
   3   (0.694) 0.955 0.715 0.701 0.835 0.491 0.668 
   2   (0.306) 0.045 0.285 0.299 0.165 0.509 0.332 

Locus 26 : 
2 alleles
0.8% missing data
   2   (0.567) 0.934 0.549 0.639 0.426 0.724 0.482 
   4   (0.433) 0.066 0.451 0.361 0.574 0.276 0.518 

Locus 27 : 
2 alleles
1.6% missing data
   1   (0.584) 0.186 0.628 0.676 0.488 0.753 0.611 
   4   (0.416) 0.814 0.372 0.324 0.512 0.247 0.389 

Locus 28 : 
2 alleles
3.9% missing data
   3   (0.523) 0.286 0.661 0.516 0.407 0.585 0.542 
   2   (0.477) 0.714 0.339 0.484 0.593 0.415 0.458 

Locus 29 : 
2 alleles
0.0% missing data
   4   (0.179) 0.340 0.353 0.061 0.338 0.438 0.097 
   1   (0.821) 0.660 0.647 0.939 0.662 0.562 0.903 

Locus 30 : 
2 alleles
0.0% missing data
   1   (0.422) 0.494 0.463 0.357 0.495 0.573 0.386 
   4   (0.578) 0.506 0.537 0.643 0.505 0.427 0.614 

Locus 31 : 
2 alleles
3.1% missing data
   2   (0.285) 0.043 0.302 0.292 0.332 0.505 0.254 
   4   (0.715) 0.957 0.698 0.708 0.668 0.495 0.746 

Locus 32 : 
2 alleles
0.0% missing data
   4   (0.523) 0.337 0.662 0.698 0.406 0.645 0.450 
   3   (0.477) 0.663 0.338 0.302 0.594 0.355 0.550 

Locus 33 : 
2 alleles
0.8% missing data
   2   (0.536) 0.455 0.619 0.646 0.169 0.568 0.553 
   3   (0.464) 0.545 0.381 0.354 0.831 0.432 0.447 

Locus 34 : 
2 alleles
0.0% missing data
   3   (0.497) 0.448 0.566 0.487 0.492 0.605 0.478 
   2   (0.503) 0.552 0.434 0.513 0.508 0.395 0.522 

Locus 35 : 
2 alleles
0.0% missing data
   4   (0.649) 0.684 0.796 0.514 0.673 0.988 0.593 
   1   (0.351) 0.316 0.204 0.486 0.327 0.012 0.407 

Locus 36 : 
2 alleles
0.0% missing data
   4   (0.641) 0.947 0.416 0.649 0.665 0.787 0.636 
   1   (0.359) 0.053 0.584 0.351 0.335 0.213 0.364 

Locus 37 : 
2 alleles
0.8% missing data
   2   (0.566) 0.731 0.448 0.661 0.398 0.814 0.547 
   3   (0.434) 0.269 0.552 0.339 0.602 0.186 0.453 

Locus 38 : 
2 alleles
0.8% missing data
   1   (0.916) 0.778 0.989 0.975 0.971 0.997 0.874 
   2   (0.084) 0.222 0.011 0.025 0.029 0.003 0.126 

Locus 39 : 
2 alleles
1.6% missing data
   2   (0.598) 0.520 0.343 0.588 0.660 0.962 0.620 
   4   (0.402) 0.480 0.657 0.412 0.340 0.038 0.380 

Locus 40 : 
2 alleles
0.0% missing data
   1   (0.391) 0.487 0.818 0.178 0.452 0.400 0.341 
   4   (0.609) 0.513 0.182 0.822 0.548 0.600 0.659 

Locus 41 : 
2 alleles
0.0% missing data
   2   (0.910) 0.986 0.619 0.971 0.973 0.934 0.943 
   1   (0.090) 0.014 0.381 0.029 0.027 0.066 0.057 

Locus 42 : 
2 alleles
0.0% missing data
   2   (0.526) 0.510 0.605 0.612 0.604 0.528 0.464 
   4   (0.474) 0.490 0.395 0.388 0.396 0.472 0.536 

Locus 43 : 
2 alleles
0.0% missing data
   2   (0.424) 0.436 0.683 0.382 0.165 0.364 0.416 
   4   (0.576) 0.564 0.317 0.618 0.835 0.636 0.584 

Locus 44 : 
3 alleles
1.6% missing data
   3   (0.847) 0.978 0.919 0.897 0.964 0.836 0.849 
   2   (0.120) 0.018 0.079 0.093 0.028 0.163 0.103 
   0   (0.033) 0.005 0.002 0.010 0.008 0.001 0.048 

Locus 45 : 
2 alleles
0.0% missing data
   1   (0.800) 0.971 0.792 0.787 0.689 0.985 0.805 
   2   (0.200) 0.029 0.208 0.213 0.311 0.015 0.195 

Locus 46 : 
2 alleles
0.0% missing data
   4   (0.891) 0.776 0.955 0.797 0.973 0.996 0.934 
   2   (0.109) 0.224 0.045 0.203 0.027 0.004 0.066 

Locus 47 : 
2 alleles
0.0% missing data
   2   (0.885) 0.711 0.951 0.815 0.971 0.958 0.949 
   1   (0.115) 0.289 0.049 0.185 0.029 0.042 0.051 

Locus 48 : 
2 alleles
1.6% missing data
   2   (0.563) 0.834 0.519 0.660 0.814 0.431 0.459 
   4   (0.437) 0.166 0.481 0.340 0.186 0.569 0.541 

Locus 49 : 
2 alleles
0.0% missing data
   1   (0.747) 0.801 0.652 0.712 0.644 0.915 0.828 
   2   (0.253) 0.199 0.348 0.288 0.356 0.085 0.172 

Locus 50 : 
2 alleles
0.0% missing data
   4   (0.729) 0.639 0.738 0.846 0.695 0.434 0.775 
   1   (0.271) 0.361 0.262 0.154 0.305 0.566 0.225 

Locus 51 : 
2 alleles
0.0% missing data
   3   (0.520) 0.561 0.668 0.243 0.545 0.564 0.610 
   2   (0.480) 0.439 0.332 0.757 0.455 0.436 0.390 

Locus 52 : 
2 alleles
0.8% missing data
   4   (0.916) 0.988 0.877 0.880 0.978 0.997 0.947 
   2   (0.084) 0.012 0.123 0.120 0.022 0.003 0.053 

Locus 53 : 
2 alleles
0.0% missing data
   4   (0.932) 0.731 0.625 0.980 0.982 0.998 0.972 
   2   (0.068) 0.269 0.375 0.020 0.018 0.002 0.028 

Locus 54 : 
2 alleles
3.1% missing data
   3   (0.594) 0.676 0.711 0.405 0.571 0.835 0.630 
   4   (0.406) 0.324 0.289 0.595 0.429 0.165 0.370 

Locus 55 : 
2 alleles
0.0% missing data
   2   (0.605) 0.779 0.775 0.584 0.618 0.593 0.575 
   1   (0.395) 0.221 0.225 0.416 0.382 0.407 0.425 

Locus 56 : 
3 alleles
2.4% missing data
   1   (0.773) 0.595 0.730 0.929 0.876 0.993 0.738 
   0   (0.081) 0.122 0.022 0.024 0.019 0.003 0.110 
   4   (0.146) 0.282 0.249 0.047 0.105 0.005 0.152 

Locus 57 : 
2 alleles
0.0% missing data
   4   (0.895) 0.984 0.644 0.966 0.941 0.997 0.878 
   1   (0.105) 0.016 0.356 0.034 0.059 0.003 0.122 

Locus 58 : 
2 alleles
0.0% missing data
   4   (0.876) 0.981 0.970 0.788 0.942 0.987 0.874 
   2   (0.124) 0.019 0.030 0.212 0.058 0.013 0.126 

Locus 59 : 
2 alleles
0.0% missing data
   3   (0.863) 0.979 0.953 0.866 0.964 0.890 0.858 
   2   (0.137) 0.021 0.047 0.134 0.036 0.110 0.142 

Locus 60 : 
2 alleles
0.0% missing data
   4   (0.741) 0.753 0.679 0.801 0.755 0.991 0.711 
   2   (0.259) 0.247 0.321 0.199 0.245 0.009 0.289 

Locus 61 : 
2 alleles
0.0% missing data
   4   (0.876) 0.826 0.775 0.867 0.962 0.996 0.918 
   2   (0.124) 0.174 0.225 0.133 0.038 0.004 0.082 

Locus 62 : 
2 alleles
0.0% missing data
   2   (0.740) 0.962 0.465 0.889 0.791 0.914 0.677 
   1   (0.260) 0.038 0.535 0.111 0.209 0.086 0.323 

Locus 63 : 
2 alleles
0.0% missing data
   2   (0.421) 0.701 0.216 0.428 0.536 0.641 0.375 
   1   (0.579) 0.299 0.784 0.572 0.464 0.359 0.625 

Locus 64 : 
2 alleles
0.0% missing data
   4   (0.821) 0.759 0.842 0.809 0.953 0.994 0.814 
   2   (0.179) 0.241 0.158 0.191 0.047 0.006 0.186 

Locus 65 : 
2 alleles
0.8% missing data
   1   (0.901) 0.985 0.746 0.941 0.674 0.997 0.941 
   4   (0.099) 0.015 0.254 0.059 0.326 0.003 0.059 

Locus 66 : 
3 alleles
1.6% missing data
   3   (0.597) 0.518 0.690 0.533 0.811 0.663 0.618 
   2   (0.370) 0.478 0.266 0.457 0.181 0.336 0.369 
   0   (0.033) 0.005 0.044 0.010 0.007 0.001 0.013 

Locus 67 : 
2 alleles
0.0% missing data
   1   (0.128) 0.239 0.038 0.133 0.036 0.029 0.091 
   3   (0.872) 0.761 0.962 0.867 0.964 0.971 0.909 

Locus 68 : 
2 alleles
0.0% missing data
   2   (0.535) 0.183 0.331 0.609 0.297 0.736 0.629 
   3   (0.465) 0.817 0.669 0.391 0.703 0.264 0.371 

Locus 69 : 
2 alleles
0.0% missing data
   4   (0.798) 0.705 0.507 0.818 0.674 0.994 0.869 
   2   (0.202) 0.295 0.493 0.182 0.326 0.006 0.131 

Locus 70 : 
3 alleles
0.0% missing data
   1   (0.340) 0.798 0.026 0.305 0.555 0.703 0.357 
   3   (0.624) 0.197 0.972 0.681 0.437 0.144 0.627 
   0   (0.036) 0.005 0.002 0.014 0.009 0.153 0.016 

Locus 71 : 
2 alleles
3.1% missing data
   2   (0.557) 0.507 0.745 0.649 0.445 0.213 0.547 
   4   (0.443) 0.493 0.255 0.351 0.555 0.787 0.453 

Locus 72 : 
2 alleles
1.6% missing data
   3   (0.547) 0.338 0.706 0.620 0.157 0.712 0.575 
   1   (0.453) 0.662 0.294 0.380 0.843 0.288 0.425 

Locus 73 : 
2 alleles
0.0% missing data
   1   (0.305) 0.470 0.351 0.193 0.502 0.539 0.228 
   2   (0.695) 0.530 0.649 0.807 0.498 0.461 0.772 

Locus 74 : 
2 alleles
1.6% missing data
   2   (0.816) 0.973 0.938 0.850 0.707 0.983 0.761 
   3   (0.184) 0.027 0.062 0.150 0.293 0.017 0.239 

Locus 75 : 
2 alleles
0.0% missing data
   3   (0.502) 0.175 0.666 0.347 0.225 0.790 0.597 
   1   (0.498) 0.825 0.334 0.653 0.775 0.210 0.403 

Locus 76 : 
2 alleles
0.0% missing data
   2   (0.432) 0.646 0.179 0.268 0.816 0.927 0.387 
   1   (0.568) 0.354 0.821 0.732 0.184 0.073 0.613 

Locus 77 : 
2 alleles
0.0% missing data
   4   (0.310) 0.308 0.103 0.433 0.126 0.483 0.298 
   1   (0.690) 0.692 0.897 0.567 0.874 0.517 0.702 

Locus 78 : 
2 alleles
0.0% missing data
   3   (0.709) 0.534 0.827 0.667 0.547 0.989 0.710 
   2   (0.291) 0.466 0.173 0.333 0.453 0.011 0.290 

Locus 79 : 
2 alleles
0.0% missing data
   2   (0.563) 0.832 0.520 0.569 0.785 0.717 0.486 
   3   (0.437) 0.168 0.480 0.431 0.215 0.283 0.514 

Locus 80 : 
2 alleles
0.0% missing data
   4   (0.819) 0.706 0.786 0.853 0.729 0.871 0.904 
   2   (0.181) 0.294 0.214 0.147 0.271 0.129 0.096 

Locus 81 : 
2 alleles
0.0% missing data
   3   (0.479) 0.071 0.582 0.412 0.577 0.339 0.560 
   2   (0.521) 0.929 0.418 0.588 0.423 0.661 0.440 

Locus 82 : 
2 alleles
0.0% missing data
   2   (0.745) 0.750 0.688 0.914 0.691 0.721 0.731 
   3   (0.255) 0.250 0.312 0.086 0.309 0.279 0.269 

Locus 83 : 
2 alleles
0.0% missing data
   3   (0.719) 0.957 0.470 0.754 0.784 0.882 0.717 
   2   (0.281) 0.043 0.530 0.246 0.216 0.118 0.283 

Locus 84 : 
2 alleles
0.0% missing data
   3   (0.527) 0.296 0.411 0.600 0.694 0.440 0.544 
   2   (0.473) 0.704 0.589 0.400 0.306 0.560 0.456 

Locus 85 : 
2 alleles
0.0% missing data
   3   (0.776) 0.653 0.818 0.907 0.395 0.873 0.811 
   4   (0.224) 0.347 0.182 0.093 0.605 0.127 0.189 

Locus 86 : 
2 alleles
0.0% missing data
   3   (0.524) 0.076 0.848 0.516 0.607 0.444 0.521 
   2   (0.476) 0.924 0.152 0.484 0.393 0.556 0.479 

Locus 87 : 
3 alleles
4.7% missing data
   1   (0.546) 0.496 0.431 0.567 0.474 0.714 0.603 
   4   (0.421) 0.480 0.559 0.420 0.517 0.285 0.372 
   0   (0.033) 0.024 0.011 0.013 0.009 0.001 0.025 

Locus 88 : 
2 alleles
1.6% missing data
   3   (0.812) 0.973 0.670 0.752 0.933 0.994 0.788 
   1   (0.188) 0.027 0.330 0.248 0.067 0.006 0.212 

Locus 89 : 
2 alleles
0.0% missing data
   1   (0.574) 0.504 0.425 0.694 0.234 0.895 0.599 
   4   (0.426) 0.496 0.575 0.306 0.766 0.105 0.401 

Locus 90 : 
2 alleles
0.8% missing data
   3   (0.763) 0.541 0.598 0.704 0.909 0.760 0.859 
   2   (0.237) 0.459 0.402 0.296 0.091 0.240 0.141 

Locus 91 : 
2 alleles
0.0% missing data
   2   (0.695) 0.740 0.720 0.563 0.917 0.692 0.736 
   4   (0.305) 0.260 0.280 0.437 0.083 0.308 0.264 

Locus 92 : 
2 alleles
0.0% missing data
   2   (0.766) 0.756 0.736 0.785 0.710 0.957 0.821 
   4   (0.234) 0.244 0.264 0.215 0.290 0.043 0.179 

Locus 93 : 
2 alleles
0.0% missing data
   4   (0.904) 0.986 0.877 0.938 0.977 0.997 0.889 
   1   (0.096) 0.014 0.123 0.062 0.023 0.003 0.111 

Locus 94 : 
2 alleles
0.0% missing data
   3   (0.790) 0.968 0.875 0.753 0.682 0.747 0.832 
   1   (0.210) 0.032 0.125 0.247 0.318 0.253 0.168 

Locus 95 : 
2 alleles
0.0% missing data
   1   (0.058) 0.009 0.003 0.017 0.014 0.068 0.077 
   3   (0.942) 0.991 0.997 0.983 0.986 0.932 0.923 

Locus 96 : 
2 alleles
0.0% missing data
   3   (0.563) 0.516 0.483 0.425 0.874 0.804 0.567 
   2   (0.437) 0.484 0.517 0.575 0.126 0.196 0.433 

Locus 97 : 
2 alleles
0.0% missing data
   2   (0.721) 0.752 0.635 0.771 0.732 0.991 0.686 
   1   (0.279) 0.248 0.365 0.229 0.268 0.009 0.314 

Locus 98 : 
2 alleles
0.0% missing data
   4   (0.765) 0.965 0.612 0.634 0.749 0.992 0.782 
   2   (0.235) 0.035 0.388 0.366 0.251 0.008 0.218 

Locus 99 : 
2 alleles
0.8% missing data
   4   (0.849) 0.764 0.615 0.933 0.766 0.995 0.885 
   1   (0.151) 0.236 0.385 0.067 0.234 0.005 0.115 

Locus 100 : 
2 alleles
0.8% missing data
   3   (0.412) 0.645 0.507 0.523 0.580 0.211 0.295 
   2   (0.588) 0.355 0.493 0.477 0.420 0.789 0.705 

Locus 101 : 
3 alleles
0.0% missing data
   4   (0.470) 0.492 0.085 0.617 0.805 0.437 0.466 
   2   (0.456) 0.498 0.911 0.357 0.178 0.538 0.393 
   0   (0.074) 0.011 0.004 0.025 0.017 0.025 0.141 

Locus 102 : 
2 alleles
2.4% missing data
   2   (0.751) 0.699 0.893 0.826 0.710 0.900 0.738 
   4   (0.249) 0.301 0.107 0.174 0.290 0.100 0.262 

Locus 103 : 
3 alleles
0.0% missing data
   4   (0.114) 0.017 0.026 0.039 0.047 0.522 0.144 
   2   (0.792) 0.970 0.969 0.842 0.567 0.476 0.759 
   0   (0.094) 0.014 0.005 0.119 0.386 0.003 0.097 

Locus 104 : 
2 alleles
0.0% missing data
   3   (0.295) 0.146 0.176 0.387 0.373 0.567 0.223 
   2   (0.705) 0.854 0.824 0.613 0.627 0.433 0.777 

Locus 105 : 
2 alleles
0.0% missing data
   4   (0.494) 0.502 0.419 0.468 0.541 0.412 0.518 
   1   (0.506) 0.498 0.581 0.532 0.459 0.588 0.482 

Locus 106 : 
2 alleles
0.0% missing data
   1   (0.153) 0.022 0.181 0.173 0.048 0.175 0.119 
   2   (0.847) 0.978 0.819 0.827 0.952 0.825 0.881 

Locus 107 : 
2 alleles
0.0% missing data
   1   (0.592) 0.393 0.477 0.488 0.792 0.792 0.651 
   4   (0.408) 0.607 0.523 0.512 0.208 0.208 0.349 

Locus 108 : 
2 alleles
0.0% missing data
   2   (0.752) 0.700 0.827 0.721 0.673 0.928 0.810 
   4   (0.248) 0.300 0.173 0.279 0.327 0.072 0.190 

Locus 109 : 
2 alleles
0.0% missing data
   3   (0.791) 0.813 0.793 0.882 0.770 0.966 0.796 
   2   (0.209) 0.187 0.207 0.118 0.230 0.034 0.204 

Locus 110 : 
2 alleles
0.0% missing data
   2   (0.936) 0.990 0.918 0.857 0.984 0.998 0.973 
   1   (0.064) 0.010 0.082 0.143 0.016 0.002 0.027 

Locus 111 : 
2 alleles
0.0% missing data
   1   (0.849) 0.978 0.730 0.942 0.878 0.994 0.780 
   2   (0.151) 0.022 0.270 0.058 0.122 0.006 0.220 

Locus 112 : 
2 alleles
7.1% missing data
   3   (0.848) 0.757 0.874 0.752 0.920 0.995 0.893 
   2   (0.152) 0.243 0.126 0.248 0.080 0.005 0.107 

Locus 113 : 
2 alleles
0.0% missing data
   2   (0.669) 0.951 0.871 0.595 0.420 0.741 0.640 
   3   (0.331) 0.049 0.129 0.405 0.580 0.259 0.360 

Locus 114 : 
2 alleles
0.0% missing data
   4   (0.713) 0.957 0.703 0.711 0.909 0.806 0.644 
   2   (0.287) 0.043 0.297 0.289 0.091 0.194 0.356 

Locus 115 : 
2 alleles
0.0% missing data
   3   (0.462) 0.651 0.538 0.502 0.348 0.343 0.421 
   2   (0.538) 0.349 0.462 0.498 0.652 0.657 0.579 

Locus 116 : 
2 alleles
0.0% missing data
   4   (0.458) 0.494 0.577 0.298 0.344 0.692 0.478 
   3   (0.542) 0.506 0.423 0.702 0.656 0.308 0.522 

Locus 117 : 
2 alleles
0.0% missing data
   2   (0.883) 0.982 0.896 0.911 0.970 0.995 0.844 
   3   (0.117) 0.018 0.104 0.089 0.030 0.005 0.156 

Locus 118 : 
2 alleles
0.0% missing data
   2   (0.901) 0.986 0.912 0.958 0.970 0.997 0.848 
   1   (0.099) 0.014 0.088 0.042 0.030 0.003 0.152 

Locus 119 : 
3 alleles
0.0% missing data
   2   (0.914) 0.571 0.916 0.974 0.980 0.971 0.965 
   0   (0.029) 0.004 0.002 0.009 0.007 0.027 0.012 
   3   (0.057) 0.425 0.082 0.017 0.013 0.002 0.023 

Locus 120 : 
2 alleles
0.0% missing data
   1   (0.924) 0.989 0.959 0.960 0.820 0.996 0.949 
   2   (0.076) 0.011 0.041 0.040 0.180 0.004 0.051 

Locus 121 : 
2 alleles
0.0% missing data
   3   (0.724) 0.855 0.828 0.750 0.561 0.655 0.761 
   4   (0.276) 0.145 0.172 0.250 0.439 0.345 0.239 

Locus 122 : 
2 alleles
0.0% missing data
   1   (0.965) 0.995 0.998 0.984 0.991 0.898 0.984 
   0   (0.035) 0.005 0.002 0.016 0.009 0.102 0.016 

Locus 123 : 
3 alleles
1.6% missing data
   2   (0.727) 0.852 0.338 0.836 0.513 0.915 0.803 
   3   (0.244) 0.144 0.661 0.155 0.480 0.031 0.185 
   0   (0.029) 0.004 0.002 0.009 0.007 0.054 0.012 

Locus 124 : 
2 alleles
0.8% missing data
   1   (0.819) 0.973 0.752 0.894 0.803 0.993 0.757 
   3   (0.181) 0.027 0.248 0.106 0.197 0.007 0.243 

Locus 125 : 
2 alleles
0.0% missing data
   1   (0.917) 0.568 0.989 0.740 0.980 0.997 0.964 
   2   (0.083) 0.432 0.011 0.260 0.020 0.003 0.036 

Locus 126 : 
2 alleles
0.0% missing data
   4   (0.230) 0.302 0.318 0.247 0.065 0.241 0.167 
   2   (0.770) 0.698 0.682 0.753 0.935 0.759 0.833 

Locus 127 : 
2 alleles
0.0% missing data
   3   (0.683) 0.523 0.389 0.632 0.915 0.989 0.680 
   2   (0.317) 0.477 0.611 0.368 0.085 0.011 0.320 

Locus 128 : 
2 alleles
0.8% missing data
   3   (0.779) 0.655 0.948 0.734 0.931 0.798 0.785 
   2   (0.221) 0.345 0.052 0.266 0.069 0.202 0.215 

Locus 129 : 
2 alleles
0.8% missing data
   1   (0.754) 0.760 0.928 0.675 0.873 0.979 0.711 
   3   (0.246) 0.240 0.072 0.325 0.127 0.021 0.289 

Locus 130 : 
2 alleles
0.0% missing data
   3   (0.876) 0.980 0.932 0.933 0.817 0.996 0.853 
   2   (0.124) 0.020 0.068 0.067 0.183 0.004 0.147 

Locus 131 : 
2 alleles
0.0% missing data
   4   (0.649) 0.570 0.891 0.594 0.779 0.329 0.655 
   1   (0.351) 0.430 0.109 0.406 0.221 0.671 0.345 

Locus 132 : 
2 alleles
0.0% missing data
   2   (0.799) 0.815 0.902 0.770 0.876 0.993 0.769 
   4   (0.201) 0.185 0.098 0.230 0.124 0.007 0.231 

Locus 133 : 
2 alleles
0.0% missing data
   3   (0.472) 0.070 0.525 0.495 0.469 0.844 0.473 
   2   (0.528) 0.930 0.475 0.505 0.531 0.156 0.527 

Locus 134 : 
2 alleles
0.8% missing data
   3   (0.789) 0.969 0.664 0.930 0.604 0.910 0.747 
   2   (0.211) 0.031 0.336 0.070 0.396 0.090 0.253 

Locus 135 : 
2 alleles
0.0% missing data
   3   (0.626) 0.517 0.600 0.533 0.637 0.899 0.678 
   2   (0.374) 0.483 0.400 0.467 0.363 0.101 0.322 

Locus 136 : 
2 alleles
0.0% missing data
   4   (0.899) 0.985 0.554 0.932 0.974 0.996 0.912 
   2   (0.101) 0.015 0.446 0.068 0.026 0.004 0.088 

Locus 137 : 
2 alleles
0.0% missing data
   2   (0.929) 0.990 0.989 0.960 0.973 0.996 0.895 
   3   (0.071) 0.010 0.011 0.040 0.027 0.004 0.105 

Locus 138 : 
2 alleles
0.8% missing data
   1   (0.668) 0.691 0.815 0.737 0.573 0.493 0.677 
   3   (0.332) 0.309 0.185 0.263 0.427 0.507 0.323 

Locus 139 : 
2 alleles
0.8% missing data
   2   (0.631) 0.458 0.519 0.606 0.848 0.404 0.699 
   3   (0.369) 0.542 0.481 0.394 0.152 0.596 0.301 

Locus 140 : 
2 alleles
0.0% missing data
   4   (0.706) 0.643 0.829 0.763 0.365 0.910 0.736 
   3   (0.294) 0.357 0.171 0.237 0.635 0.090 0.264 

Locus 141 : 
2 alleles
0.0% missing data
   1   (0.709) 0.687 0.618 0.726 0.920 0.772 0.725 
   4   (0.291) 0.313 0.382 0.274 0.080 0.228 0.275 

Locus 142 : 
2 alleles
0.0% missing data
   3   (0.643) 0.356 0.873 0.655 0.445 0.594 0.674 
   2   (0.357) 0.644 0.127 0.345 0.555 0.406 0.326 

Locus 143 : 
2 alleles
0.0% missing data
   2   (0.930) 0.990 0.966 0.949 0.983 0.997 0.937 
   3   (0.070) 0.010 0.034 0.051 0.017 0.003 0.063 

Locus 144 : 
3 alleles
0.8% missing data
   4   (0.606) 0.723 0.461 0.573 0.531 0.944 0.633 
   1   (0.365) 0.273 0.537 0.418 0.463 0.029 0.354 
   0   (0.029) 0.004 0.002 0.009 0.006 0.026 0.013 

Locus 145 : 
2 alleles
0.0% missing data
   1   (0.182) 0.026 0.050 0.222 0.123 0.273 0.176 
   3   (0.818) 0.974 0.950 0.778 0.877 0.727 0.824 

Locus 146 : 
2 alleles
0.0% missing data
   4   (0.918) 0.988 0.874 0.959 0.976 0.997 0.910 
   1   (0.082) 0.012 0.126 0.041 0.024 0.003 0.090 

Locus 147 : 
2 alleles
0.8% missing data
   1   (0.374) 0.540 0.184 0.361 0.455 0.403 0.355 
   4   (0.626) 0.460 0.816 0.639 0.545 0.597 0.645 

Locus 148 : 
2 alleles
0.0% missing data
   3   (0.724) 0.318 0.984 0.661 0.916 0.608 0.656 
   1   (0.276) 0.682 0.016 0.339 0.084 0.392 0.344 

Locus 149 : 
3 alleles
1.6% missing data
   2   (0.498) 0.173 0.437 0.517 0.751 0.588 0.524 
   3   (0.451) 0.820 0.539 0.467 0.237 0.410 0.421 
   0   (0.051) 0.007 0.024 0.015 0.012 0.002 0.055 

Locus 150 : 
2 alleles
0.0% missing data
   1   (0.699) 0.953 0.803 0.743 0.907 0.904 0.541 
   4   (0.301) 0.047 0.197 0.257 0.093 0.096 0.459 

Locus 151 : 
2 alleles
0.0% missing data
   3   (0.715) 0.958 0.888 0.778 0.847 0.405 0.624 
   2   (0.285) 0.042 0.112 0.222 0.153 0.595 0.376 

Locus 152 : 
2 alleles
0.0% missing data
   4   (0.923) 0.828 0.995 0.898 0.973 0.997 0.937 
   2   (0.077) 0.172 0.005 0.102 0.027 0.003 0.063 

Locus 153 : 
2 alleles
0.0% missing data
   1   (0.664) 0.684 0.498 0.604 0.500 0.681 0.779 
   4   (0.336) 0.316 0.502 0.396 0.500 0.319 0.221 

Locus 154 : 
2 alleles
0.8% missing data
   1   (0.553) 0.505 0.105 0.660 0.482 0.893 0.622 
   3   (0.447) 0.495 0.895 0.340 0.518 0.107 0.378 

Locus 155 : 
2 alleles
0.0% missing data
   3   (0.544) 0.768 0.636 0.656 0.444 0.851 0.433 
   4   (0.456) 0.232 0.364 0.344 0.556 0.149 0.567 

Locus 156 : 
2 alleles
0.8% missing data
   1   (0.814) 0.972 0.210 0.911 0.951 0.973 0.810 
   2   (0.186) 0.028 0.790 0.089 0.049 0.027 0.190 

Locus 157 : 
2 alleles
0.0% missing data
   4   (0.573) 0.666 0.558 0.538 0.591 0.754 0.578 
   2   (0.427) 0.334 0.442 0.462 0.409 0.246 0.422 

Locus 158 : 
2 alleles
0.8% missing data
   1   (0.693) 0.797 0.898 0.705 0.888 0.761 0.599 
   2   (0.307) 0.203 0.102 0.295 0.112 0.239 0.401 

Locus 159 : 
3 alleles
0.8% missing data
   2   (0.834) 0.976 0.515 0.891 0.953 0.862 0.835 
   0   (0.073) 0.011 0.004 0.080 0.018 0.135 0.059 
   3   (0.093) 0.013 0.481 0.030 0.029 0.003 0.106 

Locus 160 : 
3 alleles
0.0% missing data
   1   (0.466) 0.490 0.182 0.448 0.381 0.469 0.563 
   3   (0.504) 0.506 0.817 0.488 0.605 0.531 0.424 
   0   (0.030) 0.004 0.002 0.064 0.014 0.001 0.013 

Locus 161 : 
2 alleles
0.8% missing data
   1   (0.517) 0.179 0.535 0.539 0.502 0.511 0.558 
   4   (0.483) 0.821 0.465 0.461 0.498 0.489 0.442 

Locus 162 : 
3 alleles
3.1% missing data
   1   (0.900) 0.986 0.935 0.968 0.974 0.997 0.879 
   0   (0.070) 0.010 0.042 0.022 0.018 0.002 0.109 
   2   (0.030) 0.004 0.023 0.010 0.007 0.001 0.013 

Locus 163 : 
2 alleles
0.0% missing data
   2   (0.878) 0.982 0.653 0.950 0.959 0.857 0.903 
   3   (0.122) 0.018 0.347 0.050 0.041 0.143 0.097 

Locus 164 : 
3 alleles
0.8% missing data
   4   (0.866) 0.981 0.853 0.957 0.960 0.812 0.890 
   1   (0.104) 0.015 0.125 0.034 0.033 0.187 0.097 
   0   (0.030) 0.004 0.022 0.010 0.007 0.001 0.013 

Locus 165 : 
2 alleles
0.0% missing data
   4   (0.817) 0.869 0.681 0.940 0.627 0.830 0.862 
   1   (0.183) 0.131 0.319 0.060 0.373 0.170 0.138 

Locus 166 : 
2 alleles
0.8% missing data
   2   (0.888) 0.984 0.500 0.964 0.657 0.986 0.936 
   3   (0.112) 0.016 0.500 0.036 0.343 0.014 0.064 

Locus 167 : 
2 alleles
0.0% missing data
   2   (0.658) 0.640 0.241 0.705 0.697 0.759 0.758 
   3   (0.342) 0.360 0.759 0.295 0.303 0.241 0.242 

Locus 168 : 
2 alleles
0.0% missing data
   3   (0.751) 0.754 0.784 0.579 0.921 0.910 0.809 
   2   (0.249) 0.246 0.216 0.421 0.079 0.090 0.191 

Locus 169 : 
3 alleles
2.4% missing data
   4   (0.417) 0.168 0.150 0.341 0.344 0.559 0.563 
   3   (0.529) 0.824 0.847 0.642 0.635 0.386 0.383 
   0   (0.053) 0.008 0.003 0.017 0.021 0.054 0.053 

Locus 170 : 
2 alleles
0.0% missing data
   1   (0.740) 0.534 0.689 0.838 0.871 0.550 0.780 
   3   (0.260) 0.466 0.311 0.162 0.129 0.450 0.220 

Locus 171 : 
3 alleles
3.1% missing data
   2   (0.828) 0.973 0.651 0.883 0.951 0.956 0.861 
   3   (0.141) 0.022 0.304 0.107 0.041 0.043 0.125 
   0   (0.031) 0.005 0.045 0.009 0.008 0.001 0.014 

Locus 172 : 
2 alleles
0.0% missing data
   4   (0.719) 0.958 0.725 0.804 0.646 0.609 0.695 
   1   (0.281) 0.042 0.275 0.196 0.354 0.391 0.305 

Locus 173 : 
2 alleles
0.0% missing data
   2   (0.773) 0.548 0.778 0.908 0.732 0.530 0.814 
   3   (0.227) 0.452 0.222 0.092 0.268 0.470 0.186 

Locus 174 : 
2 alleles
0.0% missing data
   4   (0.727) 0.852 0.700 0.815 0.700 0.813 0.737 
   1   (0.273) 0.148 0.300 0.185 0.300 0.187 0.263 

Locus 175 : 
2 alleles
0.0% missing data
   2   (0.737) 0.859 0.625 0.690 0.914 0.766 0.773 
   4   (0.263) 0.141 0.375 0.310 0.086 0.234 0.227 

Locus 176 : 
2 alleles
0.8% missing data
   4   (0.949) 0.992 0.996 0.967 0.830 0.998 0.964 
   1   (0.051) 0.008 0.004 0.033 0.170 0.002 0.036 

Locus 177 : 
2 alleles
0.0% missing data
   3   (0.505) 0.660 0.693 0.426 0.206 0.534 0.529 
   2   (0.495) 0.340 0.307 0.574 0.794 0.466 0.471 

Locus 178 : 
3 alleles
2.4% missing data
   3   (0.598) 0.619 0.826 0.482 0.826 0.652 0.583 
   2   (0.373) 0.275 0.173 0.510 0.168 0.347 0.405 
   0   (0.029) 0.105 0.002 0.008 0.007 0.001 0.012 

Locus 179 : 
2 alleles
0.0% missing data
   3   (0.900) 0.985 0.839 0.964 0.963 0.968 0.908 
   2   (0.100) 0.015 0.161 0.036 0.037 0.032 0.092 

Locus 180 : 
3 alleles
1.6% missing data
   3   (0.534) 0.661 0.171 0.602 0.676 0.800 0.550 
   2   (0.418) 0.332 0.826 0.378 0.256 0.198 0.380 
   0   (0.048) 0.007 0.003 0.020 0.068 0.002 0.071 

Locus 181 : 
2 alleles
0.0% missing data
   2   (0.732) 0.961 0.558 0.811 0.601 0.746 0.749 
   1   (0.268) 0.039 0.442 0.189 0.399 0.254 0.251 

Locus 182 : 
2 alleles
1.6% missing data
   4   (0.785) 0.866 0.917 0.794 0.945 0.537 0.780 
   2   (0.215) 0.134 0.083 0.206 0.055 0.463 0.220 

Locus 183 : 
2 alleles
0.0% missing data
   4   (0.904) 0.985 0.976 0.783 0.955 0.904 0.954 
   2   (0.096) 0.015 0.024 0.217 0.045 0.096 0.046 

Locus 184 : 
2 alleles
0.0% missing data
   2   (0.889) 0.769 0.966 0.962 0.974 0.973 0.884 
   3   (0.111) 0.231 0.034 0.038 0.026 0.027 0.116 

Locus 185 : 
2 alleles
0.0% missing data
   2   (0.810) 0.549 0.727 0.690 0.943 0.810 0.909 
   3   (0.190) 0.451 0.273 0.310 0.057 0.190 0.091 

Locus 186 : 
2 alleles
0.0% missing data
   2   (0.906) 0.986 0.995 0.883 0.978 0.636 0.909 
   3   (0.094) 0.014 0.005 0.117 0.022 0.364 0.091 

Locus 187 : 
2 alleles
0.0% missing data
   3   (0.900) 0.773 0.968 0.941 0.975 0.958 0.938 
   2   (0.100) 0.227 0.032 0.059 0.025 0.042 0.062 

Locus 188 : 
2 alleles
2.4% missing data
   2   (0.747) 0.963 0.566 0.818 0.911 0.742 0.708 
   3   (0.253) 0.037 0.434 0.182 0.089 0.258 0.292 

Locus 189 : 
3 alleles
3.1% missing data
   3   (0.633) 0.737 0.591 0.827 0.739 0.496 0.599 
   1   (0.314) 0.255 0.363 0.155 0.248 0.502 0.344 
   0   (0.053) 0.008 0.047 0.017 0.013 0.002 0.058 

Locus 190 : 
2 alleles
0.0% missing data
   1   (0.864) 0.980 0.953 0.861 0.878 0.995 0.834 
   5   (0.136) 0.020 0.047 0.139 0.122 0.005 0.166 

Locus 191 : 
2 alleles
0.0% missing data
   1   (0.795) 0.818 0.989 0.751 0.951 0.680 0.721 
   5   (0.205) 0.182 0.011 0.249 0.049 0.320 0.279 

Locus 192 : 
2 alleles
0.0% missing data
   2   (0.583) 0.245 0.513 0.623 0.474 0.792 0.638 
   1   (0.417) 0.755 0.487 0.377 0.526 0.208 0.362 

Locus 193 : 
2 alleles
2.4% missing data
   1   (0.934) 0.990 0.903 0.980 0.978 0.998 0.934 
   4   (0.066) 0.010 0.097 0.020 0.022 0.002 0.066 

Locus 194 : 
2 alleles
0.0% missing data
   3   (0.770) 0.964 0.681 0.809 0.714 0.992 0.717 
   2   (0.230) 0.036 0.319 0.191 0.286 0.008 0.283 

Locus 195 : 
2 alleles
6.3% missing data
   4   (0.563) 0.673 0.473 0.640 0.444 0.985 0.459 
   1   (0.437) 0.327 0.527 0.360 0.556 0.015 0.541 

Locus 196 : 
2 alleles
0.8% missing data
   3   (0.892) 0.984 0.976 0.953 0.730 0.764 0.916 
   2   (0.108) 0.016 0.024 0.047 0.270 0.236 0.084 

Locus 197 : 
2 alleles
0.8% missing data
   3   (0.674) 0.792 0.768 0.542 0.907 0.752 0.668 
   4   (0.326) 0.208 0.232 0.458 0.093 0.248 0.332 

Locus 198 : 
2 alleles
0.0% missing data
   1   (0.964) 0.995 0.897 0.989 0.992 0.999 0.985 
   2   (0.036) 0.005 0.103 0.011 0.008 0.001 0.015 

Locus 199 : 
2 alleles
0.0% missing data
   2   (0.852) 0.978 0.557 0.923 0.965 0.995 0.801 
   3   (0.148) 0.022 0.443 0.077 0.035 0.005 0.199 

Locus 200 : 
2 alleles
0.0% missing data
   2   (0.522) 0.449 0.497 0.624 0.182 0.606 0.554 
   4   (0.478) 0.551 0.503 0.376 0.818 0.394 0.446 

Locus 201 : 
2 alleles
0.8% missing data
   2   (0.702) 0.956 0.337 0.684 0.617 0.989 0.691 
   1   (0.298) 0.044 0.663 0.316 0.383 0.011 0.309 

Locus 202 : 
2 alleles
0.0% missing data
   1   (0.901) 0.830 0.995 0.970 0.844 0.750 0.923 
   3   (0.099) 0.170 0.005 0.030 0.156 0.250 0.077 

Locus 203 : 
2 alleles
0.8% missing data
   2   (0.715) 0.589 0.766 0.562 0.635 0.991 0.758 
   1   (0.285) 0.411 0.234 0.438 0.365 0.009 0.242 

Locus 204 : 
2 alleles
0.0% missing data
   2   (0.833) 0.976 0.820 0.747 0.944 0.994 0.812 
   5   (0.167) 0.024 0.180 0.253 0.056 0.006 0.188 

Locus 205 : 
2 alleles
0.0% missing data
   3   (0.678) 0.640 0.882 0.838 0.719 0.654 0.572 
   1   (0.322) 0.360 0.118 0.162 0.281 0.346 0.428 

Locus 206 : 
2 alleles
0.0% missing data
   4   (0.589) 0.889 0.596 0.521 0.845 0.324 0.556 
   1   (0.411) 0.111 0.404 0.479 0.155 0.676 0.444 

Locus 207 : 
2 alleles
0.8% missing data
   3   (0.811) 0.656 0.879 0.754 0.885 0.994 0.828 
   2   (0.189) 0.344 0.121 0.246 0.115 0.006 0.172 

Locus 208 : 
2 alleles
1.6% missing data
   1   (0.723) 0.801 0.529 0.783 0.698 0.991 0.704 
   2   (0.277) 0.199 0.471 0.217 0.302 0.009 0.296 

Locus 209 : 
3 alleles
0.0% missing data
   3   (0.942) 0.992 0.997 0.983 0.987 0.906 0.976 
   2   (0.031) 0.004 0.002 0.009 0.007 0.067 0.013 
   0   (0.027) 0.004 0.001 0.008 0.006 0.027 0.011 

Locus 210 : 
2 alleles
0.0% missing data
   2   (0.616) 0.096 0.444 0.671 0.717 0.980 0.640 
   4   (0.384) 0.904 0.556 0.329 0.283 0.020 0.360 

Locus 211 : 
2 alleles
0.0% missing data
   2   (0.896) 0.984 0.762 0.905 0.795 0.996 0.941 
   4   (0.104) 0.016 0.238 0.095 0.205 0.004 0.059 

Locus 212 : 
2 alleles
0.0% missing data
   4   (0.746) 0.849 0.747 0.831 0.687 0.778 0.765 
   1   (0.254) 0.151 0.253 0.169 0.313 0.222 0.235 

Locus 213 : 
2 alleles
0.0% missing data
   3   (0.761) 0.595 0.619 0.811 0.940 0.217 0.840 
   2   (0.239) 0.405 0.381 0.189 0.060 0.783 0.160 

Locus 214 : 
2 alleles
0.0% missing data
   1   (0.739) 0.698 0.657 0.826 0.913 0.864 0.726 
   4   (0.261) 0.302 0.343 0.174 0.087 0.136 0.274 

Locus 215 : 
2 alleles
0.0% missing data
   4   (0.317) 0.522 0.093 0.321 0.672 0.320 0.269 
   5   (0.683) 0.478 0.907 0.679 0.328 0.680 0.731 

Locus 216 : 
2 alleles
0.0% missing data
   3   (0.897) 0.985 0.805 0.968 0.975 0.904 0.903 
   1   (0.103) 0.015 0.195 0.032 0.025 0.096 0.097 

Locus 217 : 
2 alleles
0.0% missing data
   3   (0.885) 0.827 0.864 0.812 0.973 0.996 0.936 
   2   (0.115) 0.173 0.136 0.188 0.027 0.004 0.064 

Locus 218 : 
2 alleles
0.0% missing data
   3   (0.441) 0.068 0.436 0.547 0.220 0.239 0.528 
   2   (0.559) 0.932 0.564 0.453 0.780 0.761 0.472 

Locus 219 : 
2 alleles
0.0% missing data
   4   (0.755) 0.753 0.287 0.923 0.917 0.992 0.663 
   2   (0.245) 0.247 0.713 0.077 0.083 0.008 0.337 

Locus 220 : 
2 alleles
0.0% missing data
   3   (0.757) 0.700 0.663 0.733 0.904 0.953 0.790 
   2   (0.243) 0.300 0.337 0.267 0.096 0.047 0.210 

Locus 221 : 
2 alleles
0.0% missing data
   3   (0.806) 0.707 0.919 0.805 0.652 0.769 0.881 
   2   (0.194) 0.293 0.081 0.195 0.348 0.231 0.119 

Locus 222 : 
2 alleles
0.0% missing data
   2   (0.746) 0.649 0.496 0.481 0.805 0.992 0.853 
   3   (0.254) 0.351 0.504 0.519 0.195 0.008 0.147 

Locus 223 : 
2 alleles
0.8% missing data
   1   (0.947) 0.992 0.792 0.983 0.987 0.998 0.964 
   2   (0.053) 0.008 0.208 0.017 0.013 0.002 0.036 

Locus 224 : 
2 alleles
0.0% missing data
   5   (0.765) 0.860 0.420 0.875 0.885 0.884 0.783 
   1   (0.235) 0.140 0.580 0.125 0.115 0.116 0.217 

Locus 225 : 
2 alleles
0.8% missing data
   2   (0.754) 0.755 0.785 0.695 0.913 0.637 0.813 
   3   (0.246) 0.245 0.215 0.305 0.087 0.363 0.187 

Locus 226 : 
2 alleles
0.0% missing data
   3   (0.933) 0.990 0.996 0.885 0.616 0.998 0.960 
   1   (0.067) 0.010 0.004 0.115 0.384 0.002 0.040 

Values of parameters used in structure:
DATAFILE=/Users/ddayan/FRA/small_omy_projects/sf_crooked_river_2021/structure_SFGL_Omy269/project_data,	OUTFILE=/Users/ddayan/FRA/small_omy_projects/sf_crooked_river_2021/structure_SFGL_Omy269/5k10kadmcorr/Results/5k10kadmcorr_run_57,	NUMINDS=127,	NUMLOCI=226,	MISSING=-9,	LABEL=0,	POPDATA=1,	POPFLAG=0,	PHENOTYPE=0,	EXTRACOLS=0,	MAXPOPS=6,	BURNIN=5000,	NUMREPS=10000,	USEPOPINFO=0,	INFERALPHA=1,	INFERLAMBDA=0,	POPSPECIFICLAMBDA=0,	POPALPHAS=0,	COMPUTEPROB=1,	NOADMIX=0,	ADMBURNIN=2500,	UPDATEFREQ=1,	PRINTLIKES=0,	INTERMEDSAVE=0,	PRINTKLD=0,	PRINTNET=0,	PRINTLAMBDA=0,	ANCESTDIST=0,	NUMBOXES=1000,	ANCESTPINT=0.90000,	GENSBACK=2,	MIGRPRIOR=0.05000,	PRINTQHAT=0,	PRINTQSUM=0,	ALPHA=1.0000,	FREQSCORR=1,	FPRIORMEAN=0.0100,	FPRIORSD=0.0500,	ONEFST=0,	LAMBDA=1.0000,	UNIFPRIORALPHA=1,	ALPHAMAX=10.0000,	ALPHAPRIORA=1.0000,	ALPHAPRIORB=2.0000,	ALPHAPROPSD=0.0250,	STARTATPOPINFO=0,	RANDOMIZE=1,	LINKAGE=0,	METROFREQ=10,	REPORTHITRATE=0,	MARKOVPHASE=-1,	PHASED=0,	PLOIDY=2,	PHASEINFO=0	LOCPRIOR=0, 	LOCPRIORINIT=1.000000, 	LOCDATA=0, 	LOCISPOP=0, 	LOCPRIORSTEP=0.100000, 	MAXLOCPRIOR=20.000000, 	SEED=1642738173,	
[STRAT parameters]:    NUMSIMSTATS=1000,	PHENOTYPECOL=-9,	POOLFREQ=10,	LOCUSxONLY=0,	EMERROR=0.00100,	MISSINGPHENO=-9,	