

----------------------------------------------------
STRUCTURE by Pritchard, Stephens and Donnelly (2000)
     and Falush, Stephens and Pritchard (2003)
       Code by Pritchard, Falush and Hubisz
             Version 2.3.4 (Jul 2012)
----------------------------------------------------



Command line arguments:   bin/structure -m "/Users/ddayan/FRA/small_omy_projects/sf_crooked_river_2021/structure_SFGL_Omy269/5k10kadmcorr/mainparams" -e "/Users/ddayan/FRA/small_omy_projects/sf_crooked_river_2021/structure_SFGL_Omy269/5k10kadmcorr/extraparams" 
Input File:    /Users/ddayan/FRA/small_omy_projects/sf_crooked_river_2021/structure_SFGL_Omy269/project_data

Run parameters:
   127 individuals
   226 loci
   4 populations assumed
   5000 Burn-in period
   10000 Reps


--------------------------------------------
Proportion of membership of each pre-defined
 population in each of the 4 clusters

Given    Inferred Clusters              Number of
 Pop       1      2      3      4      Individuals

  1:     0.004  0.002  0.004  0.989       35
  2:     0.187  0.801  0.009  0.003       17
  3:     0.722  0.010  0.214  0.054       41
  4:     0.008  0.981  0.005  0.006       34
--------------------------------------------

Allele-freq. divergence among pops (Net nucleotide distance),
computed using point estimates of P.

      1       2       3       4      
 1      -    0.0330  0.0342  0.0332  
 2   0.0330     -    0.0652  0.0777  
 3   0.0342  0.0652     -    0.0585  
 4   0.0332  0.0777  0.0585     -    

Average distances (expected heterozygosity) between individuals in same cluster:
cluster  1  : 0.3418 
cluster  2  : 0.3348 
cluster  3  : 0.2744 
cluster  4  : 0.2452 

--------------------------------------------
Estimated Ln Prob of Data   = -26608.7
Mean value of ln likelihood = -26331.8
Variance of ln likelihood   = 553.9
Mean value of alpha         = 0.0333

Mean value of Fst_1         = 0.0274
Mean value of Fst_2         = 0.1518
Mean value of Fst_3         = 0.2687
Mean value of Fst_4         = 0.2965


Inferred ancestry of individuals:
     (%Miss) Pop:  Inferred clusters
  1    (0)    1 :  0.003 0.001 0.002 0.994 
  2    (0)    1 :  0.006 0.008 0.008 0.977 
  3    (0)    1 :  0.001 0.001 0.001 0.997 
  4    (0)    1 :  0.004 0.001 0.001 0.994 
  5    (0)    1 :  0.002 0.002 0.001 0.995 
  6    (0)    1 :  0.001 0.002 0.001 0.995 
  7    (0)    1 :  0.001 0.001 0.001 0.997 
  8    (0)    1 :  0.003 0.001 0.003 0.993 
  9    (0)    1 :  0.001 0.001 0.002 0.996 
 10    (0)    1 :  0.005 0.002 0.004 0.990 
 11    (0)    1 :  0.012 0.003 0.073 0.912 
 12    (0)    1 :  0.011 0.006 0.004 0.979 
 13    (0)    1 :  0.001 0.001 0.004 0.994 
 14    (0)    1 :  0.003 0.001 0.002 0.995 
 15    (0)    1 :  0.002 0.002 0.001 0.995 
 16    (0)    1 :  0.002 0.001 0.004 0.993 
 17    (0)    1 :  0.012 0.001 0.002 0.985 
 18    (0)    1 :  0.036 0.015 0.002 0.947 
 19    (0)    1 :  0.002 0.001 0.003 0.994 
 20    (0)    1 :  0.002 0.001 0.002 0.996 
 21    (0)    1 :  0.003 0.003 0.002 0.993 
 22    (0)    1 :  0.004 0.001 0.002 0.993 
 23    (0)    1 :  0.001 0.000 0.001 0.998 
 24    (0)    1 :  0.002 0.001 0.002 0.996 
 25    (0)    1 :  0.003 0.006 0.002 0.989 
 26    (0)    1 :  0.001 0.002 0.002 0.995 
 27    (0)    1 :  0.001 0.001 0.001 0.997 
 28    (0)    1 :  0.004 0.002 0.005 0.989 
 29    (0)    1 :  0.002 0.001 0.001 0.996 
 30    (0)    1 :  0.001 0.001 0.001 0.997 
 31    (0)    1 :  0.002 0.001 0.002 0.995 
 32    (0)    1 :  0.004 0.003 0.004 0.989 
 33    (0)    1 :  0.001 0.001 0.001 0.997 
 34    (0)    1 :  0.001 0.001 0.001 0.998 
 35    (0)    1 :  0.003 0.001 0.002 0.994 
 36    (0)    2 :  0.087 0.905 0.004 0.003 
 37    (0)    2 :  0.003 0.987 0.002 0.009 
 38    (0)    3 :  0.950 0.001 0.045 0.004 
 39    (0)    3 :  0.978 0.003 0.002 0.016 
 40    (0)    3 :  0.926 0.011 0.002 0.062 
 41    (0)    3 :  0.955 0.037 0.005 0.003 
 42    (0)    3 :  0.815 0.038 0.137 0.010 
 43    (0)    2 :  0.003 0.995 0.001 0.001 
 44    (0)    2 :  0.943 0.035 0.017 0.005 
 45    (0)    2 :  0.006 0.991 0.002 0.001 
 46    (0)    2 :  0.007 0.987 0.002 0.003 
 47    (0)    2 :  0.227 0.692 0.078 0.003 
 48    (0)    2 :  0.744 0.243 0.004 0.008 
 49    (0)    2 :  0.591 0.390 0.009 0.010 
 50    (0)    2 :  0.009 0.989 0.001 0.001 
 51    (0)    2 :  0.012 0.979 0.007 0.002 
 52    (0)    3 :  0.960 0.003 0.020 0.017 
 53    (0)    3 :  0.965 0.006 0.002 0.026 
 54    (0)    3 :  0.981 0.004 0.009 0.006 
 55    (0)    3 :  0.939 0.051 0.003 0.006 
 56    (0)    3 :  0.001 0.002 0.992 0.005 
 57    (0)    3 :  0.845 0.002 0.003 0.150 
 58    (0)    3 :  0.980 0.004 0.011 0.004 
 59    (0)    3 :  0.906 0.086 0.004 0.004 
 60    (0)    3 :  0.002 0.001 0.995 0.001 
 61    (0)    3 :  0.001 0.001 0.996 0.002 
 62    (0)    3 :  0.977 0.004 0.015 0.003 
 63    (0)    3 :  0.978 0.005 0.010 0.007 
 64    (0)    3 :  0.531 0.002 0.003 0.464 
 65    (0)    3 :  0.586 0.003 0.002 0.409 
 66    (0)    3 :  0.709 0.005 0.003 0.283 
 67    (0)    3 :  0.790 0.020 0.014 0.176 
 68    (0)    3 :  0.001 0.001 0.997 0.001 
 69    (0)    3 :  0.528 0.040 0.001 0.430 
 70    (0)    3 :  0.008 0.003 0.987 0.003 
 71    (0)    3 :  0.004 0.001 0.987 0.008 
 72    (0)    3 :  0.002 0.001 0.991 0.006 
 73    (0)    3 :  0.715 0.004 0.277 0.005 
 74    (0)    3 :  0.989 0.003 0.002 0.007 
 75    (0)    3 :  0.989 0.004 0.002 0.005 
 76    (0)    3 :  0.993 0.002 0.002 0.002 
 77    (0)    3 :  0.964 0.012 0.015 0.009 
 78    (0)    3 :  0.917 0.003 0.068 0.013 
 79    (0)    3 :  0.990 0.003 0.003 0.004 
 80    (0)    3 :  0.980 0.002 0.013 0.004 
 81    (0)    3 :  0.977 0.004 0.012 0.006 
 82    (0)    3 :  0.969 0.019 0.007 0.005 
 83    (0)    3 :  0.952 0.004 0.031 0.013 
 84    (0)    3 :  0.880 0.001 0.114 0.005 
 85    (0)    3 :  0.001 0.001 0.997 0.001 
 86    (0)    3 :  0.973 0.022 0.002 0.002 
 87    (0)    3 :  0.982 0.005 0.003 0.010 
 88    (0)    2 :  0.003 0.995 0.001 0.001 
 89    (0)    2 :  0.004 0.993 0.002 0.001 
 90    (0)    2 :  0.003 0.995 0.001 0.001 
 91    (0)    2 :  0.530 0.461 0.007 0.002 
 92    (0)    2 :  0.005 0.987 0.006 0.003 
 93    (0)    2 :  0.002 0.996 0.001 0.001 
 94    (0)    4 :  0.002 0.992 0.002 0.004 
 95    (0)    4 :  0.003 0.993 0.002 0.002 
 96    (2)    4 :  0.009 0.978 0.011 0.002 
 97    (0)    4 :  0.020 0.955 0.012 0.013 
 98    (1)    4 :  0.019 0.972 0.003 0.005 
 99    (0)    4 :  0.007 0.984 0.004 0.005 
100    (1)    4 :  0.006 0.983 0.007 0.004 
101    (0)    4 :  0.012 0.984 0.001 0.003 
102    (0)    4 :  0.003 0.994 0.002 0.001 
103    (0)    4 :  0.010 0.973 0.006 0.011 
104    (1)    4 :  0.011 0.972 0.015 0.003 
105    (1)    4 :  0.001 0.996 0.002 0.002 
106    (2)    4 :  0.007 0.982 0.007 0.005 
107    (1)    4 :  0.003 0.994 0.002 0.001 
108    (0)    4 :  0.004 0.985 0.007 0.004 
109    (1)    4 :  0.008 0.963 0.002 0.027 
110    (3)    4 :  0.003 0.994 0.002 0.001 
111    (0)    4 :  0.009 0.978 0.005 0.008 
112    (1)    4 :  0.004 0.991 0.002 0.002 
113    (1)    4 :  0.003 0.994 0.002 0.002 
114    (0)    4 :  0.001 0.996 0.002 0.001 
115    (1)    4 :  0.001 0.994 0.002 0.003 
116    (1)    4 :  0.037 0.942 0.013 0.008 
117    (0)    4 :  0.007 0.978 0.003 0.012 
118    (3)    4 :  0.002 0.992 0.003 0.003 
119    (2)    4 :  0.010 0.958 0.006 0.026 
120    (2)    4 :  0.008 0.982 0.007 0.002 
121    (0)    4 :  0.009 0.972 0.004 0.015 
122    (1)    4 :  0.002 0.989 0.007 0.003 
123    (0)    4 :  0.001 0.996 0.002 0.001 
124   (15)    4 :  0.013 0.974 0.009 0.003 
125    (1)    4 :  0.005 0.978 0.005 0.011 
126    (0)    4 :  0.009 0.971 0.013 0.007 
127    (2)    4 :  0.005 0.988 0.004 0.003 


Estimated Allele Frequencies in each cluster
First column gives estimated ancestral frequencies


Locus 1 : 
2 alleles
0.0% missing data
   3   (0.932) 0.950 0.904 0.990 0.998 
   2   (0.068) 0.050 0.096 0.010 0.002 

Locus 2 : 
2 alleles
0.0% missing data
   2   (0.347) 0.382 0.366 0.052 0.169 
   3   (0.653) 0.618 0.634 0.948 0.831 

Locus 3 : 
2 alleles
0.0% missing data
   2   (0.356) 0.356 0.338 0.228 0.253 
   4   (0.644) 0.644 0.662 0.772 0.747 

Locus 4 : 
2 alleles
0.0% missing data
   1   (0.700) 0.681 0.924 0.377 0.887 
   4   (0.300) 0.319 0.076 0.623 0.113 

Locus 5 : 
2 alleles
3.1% missing data
   2   (0.815) 0.820 0.740 0.975 0.952 
   1   (0.185) 0.180 0.260 0.025 0.048 

Locus 6 : 
2 alleles
2.4% missing data
   1   (0.216) 0.203 0.193 0.032 0.382 
   3   (0.784) 0.797 0.807 0.968 0.618 

Locus 7 : 
2 alleles
0.0% missing data
   2   (0.623) 0.634 0.418 0.946 0.458 
   3   (0.377) 0.366 0.582 0.054 0.542 

Locus 8 : 
2 alleles
2.4% missing data
   1   (0.243) 0.216 0.168 0.249 0.262 
   2   (0.757) 0.784 0.832 0.751 0.738 

Locus 9 : 
2 alleles
0.8% missing data
   4   (0.963) 0.987 0.825 0.995 0.999 
   1   (0.037) 0.013 0.175 0.005 0.001 

Locus 10 : 
2 alleles
0.0% missing data
   3   (0.733) 0.745 0.518 0.664 0.991 
   2   (0.267) 0.255 0.482 0.336 0.009 

Locus 11 : 
2 alleles
0.0% missing data
   2   (0.956) 0.981 0.772 0.994 0.999 
   1   (0.044) 0.019 0.228 0.006 0.001 

Locus 12 : 
2 alleles
0.0% missing data
   1   (0.516) 0.554 0.282 0.246 0.824 
   4   (0.484) 0.446 0.718 0.754 0.176 

Locus 13 : 
2 alleles
0.8% missing data
   2   (0.690) 0.714 0.589 0.800 0.800 
   4   (0.310) 0.286 0.411 0.200 0.200 

Locus 14 : 
2 alleles
0.0% missing data
   4   (0.689) 0.733 0.580 0.545 0.800 
   2   (0.311) 0.267 0.420 0.455 0.200 

Locus 15 : 
2 alleles
0.0% missing data
   4   (0.872) 0.860 0.881 0.983 0.995 
   2   (0.128) 0.140 0.119 0.017 0.005 

Locus 16 : 
2 alleles
0.0% missing data
   1   (0.392) 0.356 0.385 0.455 0.689 
   4   (0.608) 0.644 0.615 0.545 0.311 

Locus 17 : 
2 alleles
0.0% missing data
   4   (0.907) 0.933 0.937 0.868 0.997 
   3   (0.093) 0.067 0.063 0.132 0.003 

Locus 18 : 
2 alleles
0.0% missing data
   2   (0.782) 0.786 0.789 0.967 0.786 
   3   (0.218) 0.214 0.211 0.033 0.214 

Locus 19 : 
2 alleles
0.8% missing data
   4   (0.869) 0.886 0.818 0.982 0.984 
   2   (0.131) 0.114 0.182 0.018 0.016 

Locus 20 : 
2 alleles
0.0% missing data
   2   (0.665) 0.650 0.661 0.948 0.563 
   3   (0.335) 0.350 0.339 0.052 0.437 

Locus 21 : 
2 alleles
0.8% missing data
   2   (0.348) 0.330 0.447 0.258 0.208 
   3   (0.652) 0.670 0.553 0.742 0.792 

Locus 22 : 
2 alleles
0.0% missing data
   4   (0.813) 0.870 0.728 0.708 0.872 
   2   (0.187) 0.130 0.272 0.292 0.128 

Locus 23 : 
2 alleles
2.4% missing data
   1   (0.357) 0.310 0.398 0.472 0.566 
   4   (0.643) 0.690 0.602 0.528 0.434 

Locus 24 : 
2 alleles
0.0% missing data
   3   (0.741) 0.693 0.611 0.962 0.991 
   2   (0.259) 0.307 0.389 0.038 0.009 

Locus 25 : 
2 alleles
0.0% missing data
   3   (0.707) 0.706 0.716 0.956 0.489 
   2   (0.293) 0.294 0.284 0.044 0.511 

Locus 26 : 
2 alleles
0.8% missing data
   2   (0.568) 0.520 0.550 0.935 0.722 
   4   (0.432) 0.480 0.450 0.065 0.278 

Locus 27 : 
2 alleles
1.6% missing data
   1   (0.588) 0.619 0.628 0.188 0.753 
   4   (0.412) 0.381 0.372 0.812 0.247 

Locus 28 : 
2 alleles
3.9% missing data
   3   (0.519) 0.517 0.660 0.280 0.583 
   2   (0.481) 0.483 0.340 0.720 0.417 

Locus 29 : 
2 alleles
0.0% missing data
   4   (0.194) 0.119 0.350 0.349 0.438 
   1   (0.806) 0.881 0.650 0.651 0.562 

Locus 30 : 
2 alleles
0.0% missing data
   1   (0.427) 0.395 0.461 0.498 0.570 
   4   (0.573) 0.605 0.539 0.502 0.430 

Locus 31 : 
2 alleles
3.1% missing data
   2   (0.289) 0.285 0.301 0.045 0.503 
   4   (0.711) 0.715 0.699 0.955 0.497 

Locus 32 : 
2 alleles
0.0% missing data
   4   (0.534) 0.525 0.659 0.353 0.646 
   3   (0.466) 0.475 0.341 0.647 0.354 

Locus 33 : 
2 alleles
0.8% missing data
   2   (0.532) 0.530 0.616 0.435 0.569 
   3   (0.468) 0.470 0.384 0.565 0.431 

Locus 34 : 
2 alleles
0.0% missing data
   3   (0.497) 0.481 0.566 0.450 0.606 
   2   (0.503) 0.519 0.434 0.550 0.394 

Locus 35 : 
2 alleles
0.0% missing data
   4   (0.651) 0.578 0.793 0.686 0.988 
   1   (0.349) 0.422 0.207 0.314 0.012 

Locus 36 : 
2 alleles
0.0% missing data
   4   (0.648) 0.645 0.418 0.948 0.786 
   1   (0.352) 0.355 0.582 0.052 0.214 

Locus 37 : 
2 alleles
0.8% missing data
   2   (0.566) 0.558 0.449 0.734 0.813 
   3   (0.434) 0.442 0.551 0.266 0.187 

Locus 38 : 
2 alleles
0.8% missing data
   1   (0.910) 0.919 0.987 0.789 0.997 
   2   (0.090) 0.081 0.013 0.211 0.003 

Locus 39 : 
2 alleles
1.6% missing data
   2   (0.604) 0.617 0.345 0.521 0.963 
   4   (0.396) 0.383 0.655 0.479 0.037 

Locus 40 : 
2 alleles
0.0% missing data
   1   (0.389) 0.299 0.814 0.486 0.398 
   4   (0.611) 0.701 0.186 0.514 0.602 

Locus 41 : 
2 alleles
0.0% missing data
   2   (0.913) 0.958 0.622 0.988 0.934 
   1   (0.087) 0.042 0.378 0.012 0.066 

Locus 42 : 
2 alleles
0.0% missing data
   2   (0.536) 0.535 0.606 0.522 0.526 
   4   (0.464) 0.465 0.394 0.478 0.474 

Locus 43 : 
2 alleles
0.0% missing data
   2   (0.407) 0.354 0.680 0.440 0.367 
   4   (0.593) 0.646 0.320 0.560 0.633 

Locus 44 : 
3 alleles
1.6% missing data
   3   (0.853) 0.884 0.918 0.978 0.836 
   2   (0.113) 0.086 0.079 0.017 0.163 
   0   (0.035) 0.031 0.003 0.004 0.001 

Locus 45 : 
2 alleles
0.0% missing data
   1   (0.808) 0.785 0.790 0.969 0.984 
   2   (0.192) 0.215 0.210 0.031 0.016 

Locus 46 : 
2 alleles
0.0% missing data
   4   (0.882) 0.898 0.954 0.760 0.996 
   2   (0.118) 0.102 0.046 0.240 0.004 

Locus 47 : 
2 alleles
0.0% missing data
   2   (0.868) 0.906 0.949 0.711 0.957 
   1   (0.132) 0.094 0.051 0.289 0.043 

Locus 48 : 
2 alleles
1.6% missing data
   2   (0.569) 0.567 0.523 0.847 0.429 
   4   (0.431) 0.433 0.477 0.153 0.571 

Locus 49 : 
2 alleles
0.0% missing data
   1   (0.738) 0.765 0.650 0.790 0.914 
   2   (0.262) 0.235 0.350 0.210 0.086 

Locus 50 : 
2 alleles
0.0% missing data
   4   (0.734) 0.788 0.739 0.642 0.438 
   1   (0.266) 0.212 0.261 0.358 0.562 

Locus 51 : 
2 alleles
0.0% missing data
   3   (0.504) 0.471 0.668 0.544 0.566 
   2   (0.496) 0.529 0.332 0.456 0.434 

Locus 52 : 
2 alleles
0.8% missing data
   4   (0.915) 0.927 0.877 0.988 0.997 
   2   (0.085) 0.073 0.123 0.012 0.003 

Locus 53 : 
2 alleles
0.0% missing data
   4   (0.928) 0.973 0.630 0.744 0.998 
   2   (0.072) 0.027 0.370 0.256 0.002 

Locus 54 : 
2 alleles
3.1% missing data
   3   (0.584) 0.547 0.708 0.655 0.836 
   4   (0.416) 0.453 0.292 0.345 0.164 

Locus 55 : 
2 alleles
0.0% missing data
   2   (0.610) 0.583 0.774 0.780 0.594 
   1   (0.390) 0.417 0.226 0.220 0.406 

Locus 56 : 
3 alleles
2.4% missing data
   1   (0.774) 0.818 0.730 0.619 0.993 
   0   (0.085) 0.070 0.024 0.114 0.003 
   4   (0.140) 0.112 0.246 0.267 0.004 

Locus 57 : 
2 alleles
0.0% missing data
   4   (0.892) 0.913 0.647 0.985 0.997 
   1   (0.108) 0.087 0.353 0.015 0.003 

Locus 58 : 
2 alleles
0.0% missing data
   4   (0.874) 0.852 0.969 0.981 0.985 
   2   (0.126) 0.148 0.031 0.019 0.015 

Locus 59 : 
2 alleles
0.0% missing data
   3   (0.870) 0.878 0.952 0.983 0.891 
   2   (0.130) 0.122 0.048 0.017 0.109 

Locus 60 : 
2 alleles
0.0% missing data
   4   (0.752) 0.745 0.682 0.769 0.991 
   2   (0.248) 0.255 0.318 0.231 0.009 

Locus 61 : 
2 alleles
0.0% missing data
   4   (0.873) 0.905 0.778 0.829 0.996 
   2   (0.127) 0.095 0.222 0.171 0.004 

Locus 62 : 
2 alleles
0.0% missing data
   2   (0.754) 0.769 0.467 0.966 0.914 
   1   (0.246) 0.231 0.533 0.034 0.086 

Locus 63 : 
2 alleles
0.0% missing data
   2   (0.419) 0.405 0.218 0.714 0.643 
   1   (0.581) 0.595 0.782 0.286 0.357 

Locus 64 : 
2 alleles
0.0% missing data
   4   (0.828) 0.838 0.842 0.766 0.994 
   2   (0.172) 0.162 0.158 0.234 0.006 

Locus 65 : 
2 alleles
0.8% missing data
   1   (0.885) 0.897 0.745 0.980 0.996 
   4   (0.115) 0.103 0.255 0.020 0.004 

Locus 66 : 
3 alleles
1.6% missing data
   3   (0.597) 0.616 0.691 0.538 0.662 
   2   (0.372) 0.373 0.266 0.458 0.337 
   0   (0.031) 0.011 0.043 0.004 0.001 

Locus 67 : 
2 alleles
0.0% missing data
   1   (0.127) 0.095 0.040 0.229 0.030 
   3   (0.873) 0.905 0.960 0.771 0.970 

Locus 68 : 
2 alleles
0.0% missing data
   2   (0.526) 0.575 0.333 0.177 0.737 
   3   (0.474) 0.425 0.667 0.823 0.263 

Locus 69 : 
2 alleles
0.0% missing data
   4   (0.797) 0.830 0.510 0.690 0.993 
   2   (0.203) 0.170 0.490 0.310 0.007 

Locus 70 : 
3 alleles
0.0% missing data
   1   (0.342) 0.366 0.028 0.803 0.700 
   3   (0.621) 0.619 0.970 0.192 0.147 
   0   (0.037) 0.015 0.002 0.005 0.153 

Locus 71 : 
2 alleles
3.1% missing data
   2   (0.562) 0.568 0.743 0.510 0.217 
   4   (0.438) 0.432 0.257 0.490 0.783 

Locus 72 : 
2 alleles
1.6% missing data
   3   (0.545) 0.532 0.701 0.323 0.711 
   1   (0.455) 0.468 0.299 0.677 0.289 

Locus 73 : 
2 alleles
0.0% missing data
   1   (0.311) 0.252 0.350 0.486 0.539 
   2   (0.689) 0.748 0.650 0.514 0.461 

Locus 74 : 
2 alleles
1.6% missing data
   2   (0.825) 0.783 0.938 0.974 0.982 
   3   (0.175) 0.217 0.062 0.026 0.018 

Locus 75 : 
2 alleles
0.0% missing data
   3   (0.483) 0.462 0.660 0.161 0.788 
   1   (0.517) 0.538 0.340 0.839 0.212 

Locus 76 : 
2 alleles
0.0% missing data
   2   (0.431) 0.405 0.184 0.647 0.923 
   1   (0.569) 0.595 0.816 0.353 0.077 

Locus 77 : 
2 alleles
0.0% missing data
   4   (0.311) 0.318 0.105 0.310 0.481 
   1   (0.689) 0.682 0.895 0.690 0.519 

Locus 78 : 
2 alleles
0.0% missing data
   3   (0.721) 0.686 0.824 0.526 0.990 
   2   (0.279) 0.314 0.176 0.474 0.010 

Locus 79 : 
2 alleles
0.0% missing data
   2   (0.570) 0.550 0.523 0.840 0.718 
   3   (0.430) 0.450 0.477 0.160 0.282 

Locus 80 : 
2 alleles
0.0% missing data
   4   (0.812) 0.861 0.787 0.705 0.872 
   2   (0.188) 0.139 0.213 0.295 0.128 

Locus 81 : 
2 alleles
0.0% missing data
   3   (0.476) 0.520 0.582 0.070 0.339 
   2   (0.524) 0.480 0.418 0.930 0.661 

Locus 82 : 
2 alleles
0.0% missing data
   2   (0.745) 0.788 0.688 0.751 0.719 
   3   (0.255) 0.212 0.312 0.249 0.281 

Locus 83 : 
2 alleles
0.0% missing data
   3   (0.731) 0.744 0.469 0.960 0.883 
   2   (0.269) 0.256 0.531 0.040 0.117 

Locus 84 : 
2 alleles
0.0% missing data
   3   (0.537) 0.587 0.414 0.304 0.441 
   2   (0.463) 0.413 0.586 0.696 0.559 

Locus 85 : 
2 alleles
0.0% missing data
   3   (0.751) 0.777 0.817 0.630 0.874 
   4   (0.249) 0.223 0.183 0.370 0.126 

Locus 86 : 
2 alleles
0.0% missing data
   3   (0.534) 0.535 0.847 0.082 0.446 
   2   (0.466) 0.465 0.153 0.918 0.554 

Locus 87 : 
3 alleles
4.7% missing data
   1   (0.554) 0.581 0.431 0.499 0.713 
   4   (0.415) 0.399 0.557 0.485 0.286 
   0   (0.032) 0.020 0.012 0.016 0.001 

Locus 88 : 
2 alleles
1.6% missing data
   3   (0.816) 0.796 0.672 0.974 0.994 
   1   (0.184) 0.204 0.328 0.026 0.006 

Locus 89 : 
2 alleles
0.0% missing data
   1   (0.567) 0.573 0.426 0.496 0.893 
   4   (0.433) 0.427 0.574 0.504 0.107 

Locus 90 : 
2 alleles
0.8% missing data
   3   (0.742) 0.807 0.603 0.539 0.760 
   2   (0.258) 0.193 0.397 0.461 0.240 

Locus 91 : 
2 alleles
0.0% missing data
   2   (0.688) 0.705 0.719 0.746 0.690 
   4   (0.312) 0.295 0.281 0.254 0.310 

Locus 92 : 
2 alleles
0.0% missing data
   2   (0.775) 0.803 0.736 0.738 0.956 
   4   (0.225) 0.197 0.264 0.262 0.044 

Locus 93 : 
2 alleles
0.0% missing data
   4   (0.909) 0.919 0.877 0.987 0.997 
   1   (0.091) 0.081 0.123 0.013 0.003 

Locus 94 : 
2 alleles
0.0% missing data
   3   (0.790) 0.785 0.872 0.966 0.750 
   1   (0.210) 0.215 0.128 0.034 0.250 

Locus 95 : 
2 alleles
0.0% missing data
   1   (0.061) 0.050 0.004 0.008 0.068 
   3   (0.939) 0.950 0.996 0.992 0.932 

Locus 96 : 
2 alleles
0.0% missing data
   3   (0.560) 0.562 0.487 0.531 0.802 
   2   (0.440) 0.438 0.513 0.469 0.198 

Locus 97 : 
2 alleles
0.0% missing data
   2   (0.734) 0.723 0.637 0.756 0.991 
   1   (0.266) 0.277 0.363 0.244 0.009 

Locus 98 : 
2 alleles
0.0% missing data
   4   (0.763) 0.727 0.613 0.964 0.992 
   2   (0.237) 0.273 0.387 0.036 0.008 

Locus 99 : 
2 alleles
0.8% missing data
   4   (0.843) 0.877 0.623 0.760 0.995 
   1   (0.157) 0.123 0.377 0.240 0.005 

Locus 100 : 
2 alleles
0.8% missing data
   3   (0.432) 0.409 0.509 0.663 0.211 
   2   (0.568) 0.591 0.491 0.337 0.789 

Locus 101 : 
3 alleles
0.0% missing data
   4   (0.481) 0.570 0.093 0.510 0.434 
   2   (0.439) 0.343 0.903 0.479 0.538 
   0   (0.080) 0.087 0.005 0.011 0.028 

Locus 102 : 
2 alleles
2.4% missing data
   2   (0.764) 0.770 0.892 0.697 0.899 
   4   (0.236) 0.230 0.108 0.303 0.101 

Locus 103 : 
3 alleles
0.0% missing data
   4   (0.116) 0.094 0.024 0.016 0.524 
   2   (0.791) 0.754 0.971 0.967 0.473 
   0   (0.094) 0.152 0.005 0.017 0.003 

Locus 104 : 
2 alleles
0.0% missing data
   3   (0.310) 0.306 0.177 0.153 0.566 
   2   (0.690) 0.694 0.823 0.847 0.434 

Locus 105 : 
2 alleles
0.0% missing data
   4   (0.492) 0.507 0.418 0.504 0.413 
   1   (0.508) 0.493 0.582 0.496 0.587 

Locus 106 : 
2 alleles
0.0% missing data
   1   (0.154) 0.129 0.180 0.022 0.176 
   2   (0.846) 0.871 0.820 0.978 0.824 

Locus 107 : 
2 alleles
0.0% missing data
   1   (0.589) 0.617 0.481 0.396 0.794 
   4   (0.411) 0.383 0.519 0.604 0.206 

Locus 108 : 
2 alleles
0.0% missing data
   2   (0.753) 0.765 0.826 0.692 0.927 
   4   (0.247) 0.235 0.174 0.308 0.073 

Locus 109 : 
2 alleles
0.0% missing data
   3   (0.799) 0.822 0.795 0.811 0.967 
   2   (0.201) 0.178 0.205 0.189 0.033 

Locus 110 : 
2 alleles
0.0% missing data
   2   (0.920) 0.932 0.917 0.987 0.997 
   1   (0.080) 0.068 0.083 0.013 0.003 

Locus 111 : 
2 alleles
0.0% missing data
   1   (0.845) 0.840 0.734 0.979 0.994 
   2   (0.155) 0.160 0.266 0.021 0.006 

Locus 112 : 
2 alleles
7.1% missing data
   3   (0.836) 0.845 0.876 0.758 0.994 
   2   (0.164) 0.155 0.124 0.242 0.006 

Locus 113 : 
2 alleles
0.0% missing data
   2   (0.657) 0.584 0.867 0.948 0.742 
   3   (0.343) 0.416 0.133 0.052 0.258 

Locus 114 : 
2 alleles
0.0% missing data
   4   (0.717) 0.702 0.702 0.960 0.804 
   2   (0.283) 0.298 0.298 0.040 0.196 

Locus 115 : 
2 alleles
0.0% missing data
   3   (0.459) 0.435 0.537 0.653 0.341 
   2   (0.541) 0.565 0.463 0.347 0.659 

Locus 116 : 
2 alleles
0.0% missing data
   4   (0.448) 0.403 0.572 0.484 0.688 
   3   (0.552) 0.597 0.428 0.516 0.312 

Locus 117 : 
2 alleles
0.0% missing data
   2   (0.887) 0.884 0.895 0.984 0.995 
   3   (0.113) 0.116 0.105 0.016 0.005 

Locus 118 : 
2 alleles
0.0% missing data
   2   (0.899) 0.899 0.912 0.986 0.997 
   1   (0.101) 0.101 0.088 0.014 0.003 

Locus 119 : 
3 alleles
0.0% missing data
   2   (0.916) 0.970 0.917 0.594 0.971 
   0   (0.028) 0.010 0.002 0.004 0.027 
   3   (0.056) 0.020 0.081 0.402 0.002 

Locus 120 : 
2 alleles
0.0% missing data
   1   (0.926) 0.935 0.957 0.986 0.997 
   2   (0.074) 0.065 0.043 0.014 0.003 

Locus 121 : 
2 alleles
0.0% missing data
   3   (0.720) 0.726 0.825 0.848 0.657 
   4   (0.280) 0.274 0.175 0.152 0.343 

Locus 122 : 
2 alleles
0.0% missing data
   1   (0.964) 0.984 0.998 0.995 0.899 
   0   (0.036) 0.016 0.002 0.005 0.101 

Locus 123 : 
3 alleles
1.6% missing data
   2   (0.713) 0.769 0.341 0.843 0.913 
   3   (0.257) 0.220 0.657 0.153 0.033 
   0   (0.030) 0.011 0.002 0.004 0.054 

Locus 124 : 
2 alleles
0.8% missing data
   1   (0.828) 0.810 0.752 0.976 0.994 
   3   (0.172) 0.190 0.248 0.024 0.006 

Locus 125 : 
2 alleles
0.0% missing data
   1   (0.893) 0.896 0.987 0.542 0.997 
   2   (0.107) 0.104 0.013 0.458 0.003 

Locus 126 : 
2 alleles
0.0% missing data
   4   (0.234) 0.181 0.316 0.289 0.242 
   2   (0.766) 0.819 0.684 0.711 0.758 

Locus 127 : 
2 alleles
0.0% missing data
   3   (0.684) 0.701 0.389 0.534 0.989 
   2   (0.316) 0.299 0.611 0.466 0.011 

Locus 128 : 
2 alleles
0.8% missing data
   3   (0.780) 0.788 0.948 0.662 0.798 
   2   (0.220) 0.212 0.052 0.338 0.202 

Locus 129 : 
2 alleles
0.8% missing data
   1   (0.762) 0.725 0.926 0.768 0.978 
   3   (0.238) 0.275 0.074 0.232 0.022 

Locus 130 : 
2 alleles
0.0% missing data
   3   (0.890) 0.879 0.929 0.983 0.996 
   2   (0.110) 0.121 0.071 0.017 0.004 

Locus 131 : 
2 alleles
0.0% missing data
   4   (0.650) 0.647 0.890 0.588 0.331 
   1   (0.350) 0.353 0.110 0.412 0.669 

Locus 132 : 
2 alleles
0.0% missing data
   2   (0.805) 0.780 0.905 0.827 0.994 
   4   (0.195) 0.220 0.095 0.173 0.006 

Locus 133 : 
2 alleles
0.0% missing data
   3   (0.477) 0.492 0.522 0.070 0.844 
   2   (0.523) 0.508 0.478 0.930 0.156 

Locus 134 : 
2 alleles
0.8% missing data
   3   (0.774) 0.781 0.664 0.965 0.908 
   2   (0.226) 0.219 0.336 0.035 0.092 

Locus 135 : 
2 alleles
0.0% missing data
   3   (0.623) 0.629 0.598 0.516 0.897 
   2   (0.377) 0.371 0.402 0.484 0.103 

Locus 136 : 
2 alleles
0.0% missing data
   4   (0.898) 0.925 0.559 0.985 0.997 
   2   (0.102) 0.075 0.441 0.015 0.003 

Locus 137 : 
2 alleles
0.0% missing data
   2   (0.930) 0.927 0.987 0.990 0.997 
   3   (0.070) 0.073 0.013 0.010 0.003 

Locus 138 : 
2 alleles
0.8% missing data
   1   (0.674) 0.688 0.811 0.691 0.490 
   3   (0.326) 0.312 0.189 0.309 0.510 

Locus 139 : 
2 alleles
0.8% missing data
   2   (0.639) 0.702 0.521 0.455 0.406 
   3   (0.361) 0.298 0.479 0.545 0.594 

Locus 140 : 
2 alleles
0.0% missing data
   4   (0.698) 0.689 0.824 0.636 0.909 
   3   (0.302) 0.311 0.176 0.364 0.091 

Locus 141 : 
2 alleles
0.0% missing data
   1   (0.711) 0.753 0.620 0.696 0.771 
   4   (0.289) 0.247 0.380 0.304 0.229 

Locus 142 : 
2 alleles
0.0% missing data
   3   (0.640) 0.638 0.870 0.356 0.596 
   2   (0.360) 0.362 0.130 0.644 0.404 

Locus 143 : 
2 alleles
0.0% missing data
   2   (0.937) 0.950 0.967 0.992 0.998 
   3   (0.063) 0.050 0.033 0.008 0.002 

Locus 144 : 
3 alleles
0.8% missing data
   4   (0.600) 0.596 0.462 0.716 0.942 
   1   (0.373) 0.394 0.536 0.280 0.031 
   0   (0.027) 0.010 0.002 0.004 0.027 

Locus 145 : 
2 alleles
0.0% missing data
   1   (0.174) 0.182 0.051 0.023 0.273 
   3   (0.826) 0.818 0.949 0.977 0.727 

Locus 146 : 
2 alleles
0.0% missing data
   4   (0.915) 0.931 0.877 0.988 0.997 
   1   (0.085) 0.069 0.123 0.012 0.003 

Locus 147 : 
2 alleles
0.8% missing data
   1   (0.370) 0.367 0.187 0.536 0.404 
   4   (0.630) 0.633 0.813 0.464 0.596 

Locus 148 : 
2 alleles
0.0% missing data
   3   (0.733) 0.699 0.984 0.330 0.608 
   1   (0.267) 0.301 0.016 0.670 0.392 

Locus 149 : 
3 alleles
1.6% missing data
   2   (0.503) 0.552 0.442 0.190 0.590 
   3   (0.446) 0.411 0.534 0.804 0.407 
   0   (0.051) 0.037 0.024 0.007 0.002 

Locus 150 : 
2 alleles
0.0% missing data
   1   (0.708) 0.658 0.802 0.957 0.902 
   4   (0.292) 0.342 0.198 0.043 0.098 

Locus 151 : 
2 alleles
0.0% missing data
   3   (0.732) 0.710 0.886 0.962 0.405 
   2   (0.268) 0.290 0.114 0.038 0.595 

Locus 152 : 
2 alleles
0.0% missing data
   4   (0.927) 0.930 0.995 0.833 0.998 
   2   (0.073) 0.070 0.005 0.167 0.002 

Locus 153 : 
2 alleles
0.0% missing data
   1   (0.643) 0.681 0.500 0.652 0.681 
   4   (0.357) 0.319 0.500 0.348 0.319 

Locus 154 : 
2 alleles
0.8% missing data
   1   (0.544) 0.610 0.109 0.514 0.894 
   3   (0.456) 0.390 0.891 0.486 0.106 

Locus 155 : 
2 alleles
0.0% missing data
   3   (0.552) 0.504 0.635 0.772 0.848 
   4   (0.448) 0.496 0.365 0.228 0.152 

Locus 156 : 
2 alleles
0.8% missing data
   1   (0.812) 0.860 0.218 0.974 0.973 
   2   (0.188) 0.140 0.782 0.026 0.027 

Locus 157 : 
2 alleles
0.0% missing data
   4   (0.573) 0.566 0.558 0.662 0.753 
   2   (0.427) 0.434 0.442 0.338 0.247 

Locus 158 : 
2 alleles
0.8% missing data
   1   (0.702) 0.676 0.901 0.798 0.757 
   2   (0.298) 0.324 0.099 0.202 0.243 

Locus 159 : 
3 alleles
0.8% missing data
   2   (0.833) 0.868 0.518 0.977 0.863 
   0   (0.071) 0.061 0.004 0.010 0.134 
   3   (0.096) 0.071 0.478 0.013 0.003 

Locus 160 : 
3 alleles
0.0% missing data
   1   (0.445) 0.493 0.183 0.479 0.469 
   3   (0.520) 0.475 0.815 0.515 0.530 
   0   (0.035) 0.032 0.002 0.006 0.001 

Locus 161 : 
2 alleles
0.8% missing data
   1   (0.518) 0.549 0.535 0.184 0.512 
   4   (0.482) 0.451 0.465 0.816 0.488 

Locus 162 : 
3 alleles
3.1% missing data
   1   (0.898) 0.922 0.932 0.987 0.997 
   0   (0.072) 0.068 0.045 0.009 0.002 
   2   (0.030) 0.011 0.023 0.004 0.001 

Locus 163 : 
2 alleles
0.0% missing data
   2   (0.877) 0.922 0.659 0.982 0.855 
   3   (0.123) 0.078 0.341 0.018 0.145 

Locus 164 : 
3 alleles
0.8% missing data
   4   (0.865) 0.920 0.856 0.982 0.810 
   1   (0.104) 0.069 0.122 0.014 0.189 
   0   (0.030) 0.011 0.022 0.004 0.001 

Locus 165 : 
2 alleles
0.0% missing data
   4   (0.801) 0.851 0.680 0.860 0.831 
   1   (0.199) 0.149 0.320 0.140 0.169 

Locus 166 : 
2 alleles
0.8% missing data
   2   (0.863) 0.898 0.502 0.977 0.984 
   3   (0.137) 0.102 0.498 0.023 0.016 

Locus 167 : 
2 alleles
0.0% missing data
   2   (0.658) 0.732 0.248 0.649 0.759 
   3   (0.342) 0.268 0.752 0.351 0.241 

Locus 168 : 
2 alleles
0.0% missing data
   3   (0.732) 0.741 0.786 0.743 0.910 
   2   (0.268) 0.259 0.214 0.257 0.090 

Locus 169 : 
3 alleles
2.4% missing data
   4   (0.397) 0.458 0.152 0.164 0.560 
   3   (0.549) 0.504 0.845 0.829 0.385 
   0   (0.054) 0.038 0.003 0.007 0.055 

Locus 170 : 
2 alleles
0.0% missing data
   1   (0.756) 0.823 0.691 0.537 0.550 
   3   (0.244) 0.177 0.309 0.463 0.450 

Locus 171 : 
3 alleles
3.1% missing data
   2   (0.830) 0.881 0.654 0.974 0.957 
   3   (0.138) 0.108 0.301 0.021 0.042 
   0   (0.032) 0.012 0.045 0.004 0.001 

Locus 172 : 
2 alleles
0.0% missing data
   4   (0.726) 0.723 0.725 0.959 0.610 
   1   (0.274) 0.277 0.275 0.041 0.390 

Locus 173 : 
2 alleles
0.0% missing data
   2   (0.771) 0.832 0.779 0.546 0.534 
   3   (0.229) 0.168 0.221 0.454 0.466 

Locus 174 : 
2 alleles
0.0% missing data
   4   (0.735) 0.761 0.700 0.845 0.812 
   1   (0.265) 0.239 0.300 0.155 0.188 

Locus 175 : 
2 alleles
0.0% missing data
   2   (0.730) 0.763 0.628 0.858 0.766 
   4   (0.270) 0.237 0.372 0.142 0.234 

Locus 176 : 
2 alleles
0.8% missing data
   4   (0.952) 0.945 0.997 0.993 0.998 
   1   (0.048) 0.055 0.003 0.007 0.002 

Locus 177 : 
2 alleles
0.0% missing data
   3   (0.487) 0.436 0.689 0.656 0.536 
   2   (0.513) 0.564 0.311 0.344 0.464 

Locus 178 : 
3 alleles
2.4% missing data
   3   (0.606) 0.588 0.824 0.623 0.651 
   2   (0.367) 0.402 0.174 0.277 0.348 
   0   (0.026) 0.009 0.002 0.100 0.001 

Locus 179 : 
2 alleles
0.0% missing data
   3   (0.899) 0.931 0.842 0.986 0.968 
   2   (0.101) 0.069 0.158 0.014 0.032 

Locus 180 : 
3 alleles
1.6% missing data
   3   (0.539) 0.583 0.179 0.675 0.798 
   2   (0.412) 0.360 0.818 0.318 0.201 
   0   (0.049) 0.057 0.003 0.007 0.001 

Locus 181 : 
2 alleles
0.0% missing data
   2   (0.731) 0.746 0.559 0.961 0.745 
   1   (0.269) 0.254 0.441 0.039 0.255 

Locus 182 : 
2 alleles
1.6% missing data
   4   (0.788) 0.811 0.916 0.870 0.535 
   2   (0.212) 0.189 0.084 0.130 0.465 

Locus 183 : 
2 alleles
0.0% missing data
   4   (0.884) 0.892 0.974 0.980 0.905 
   2   (0.116) 0.108 0.026 0.020 0.095 

Locus 184 : 
2 alleles
0.0% missing data
   2   (0.887) 0.922 0.964 0.787 0.971 
   3   (0.113) 0.078 0.036 0.213 0.029 

Locus 185 : 
2 alleles
0.0% missing data
   2   (0.780) 0.837 0.729 0.543 0.809 
   3   (0.220) 0.163 0.271 0.457 0.191 

Locus 186 : 
2 alleles
0.0% missing data
   2   (0.911) 0.912 0.995 0.988 0.638 
   3   (0.089) 0.088 0.005 0.012 0.362 

Locus 187 : 
2 alleles
0.0% missing data
   3   (0.905) 0.948 0.968 0.777 0.958 
   2   (0.095) 0.052 0.032 0.223 0.042 

Locus 188 : 
2 alleles
2.4% missing data
   2   (0.748) 0.769 0.569 0.965 0.742 
   3   (0.252) 0.231 0.431 0.035 0.258 

Locus 189 : 
3 alleles
3.1% missing data
   3   (0.644) 0.698 0.591 0.747 0.497 
   1   (0.301) 0.264 0.361 0.246 0.501 
   0   (0.054) 0.038 0.047 0.007 0.002 

Locus 190 : 
2 alleles
0.0% missing data
   1   (0.880) 0.851 0.954 0.982 0.996 
   5   (0.120) 0.149 0.046 0.018 0.004 

Locus 191 : 
2 alleles
0.0% missing data
   1   (0.801) 0.766 0.989 0.830 0.678 
   5   (0.199) 0.234 0.011 0.170 0.322 

Locus 192 : 
2 alleles
0.0% missing data
   2   (0.580) 0.614 0.513 0.247 0.790 
   1   (0.420) 0.386 0.487 0.753 0.210 

Locus 193 : 
2 alleles
2.4% missing data
   1   (0.934) 0.954 0.905 0.991 0.998 
   4   (0.066) 0.046 0.095 0.009 0.002 

Locus 194 : 
2 alleles
0.0% missing data
   3   (0.784) 0.751 0.679 0.969 0.992 
   2   (0.216) 0.249 0.321 0.031 0.008 

Locus 195 : 
2 alleles
6.3% missing data
   4   (0.575) 0.521 0.471 0.678 0.985 
   1   (0.425) 0.479 0.529 0.322 0.015 

Locus 196 : 
2 alleles
0.8% missing data
   3   (0.883) 0.894 0.975 0.984 0.768 
   2   (0.117) 0.106 0.025 0.016 0.232 

Locus 197 : 
2 alleles
0.8% missing data
   3   (0.665) 0.659 0.766 0.788 0.750 
   4   (0.335) 0.341 0.234 0.212 0.250 

Locus 198 : 
2 alleles
0.0% missing data
   1   (0.965) 0.987 0.898 0.995 0.999 
   2   (0.035) 0.013 0.102 0.005 0.001 

Locus 199 : 
2 alleles
0.0% missing data
   2   (0.855) 0.866 0.559 0.980 0.995 
   3   (0.145) 0.134 0.441 0.020 0.005 

Locus 200 : 
2 alleles
0.0% missing data
   2   (0.519) 0.528 0.493 0.438 0.605 
   4   (0.481) 0.472 0.507 0.562 0.395 

Locus 201 : 
2 alleles
0.8% missing data
   2   (0.698) 0.665 0.343 0.955 0.989 
   1   (0.302) 0.335 0.657 0.045 0.011 

Locus 202 : 
2 alleles
0.0% missing data
   1   (0.908) 0.934 0.995 0.821 0.747 
   3   (0.092) 0.066 0.005 0.179 0.253 

Locus 203 : 
2 alleles
0.8% missing data
   2   (0.707) 0.675 0.764 0.585 0.991 
   1   (0.293) 0.325 0.236 0.415 0.009 

Locus 204 : 
2 alleles
0.0% missing data
   2   (0.833) 0.805 0.822 0.978 0.994 
   5   (0.167) 0.195 0.178 0.022 0.006 

Locus 205 : 
2 alleles
0.0% missing data
   3   (0.691) 0.684 0.882 0.646 0.651 
   1   (0.309) 0.316 0.118 0.354 0.349 

Locus 206 : 
2 alleles
0.0% missing data
   4   (0.586) 0.580 0.598 0.891 0.324 
   1   (0.414) 0.420 0.402 0.109 0.676 

Locus 207 : 
2 alleles
0.8% missing data
   3   (0.811) 0.806 0.882 0.668 0.994 
   2   (0.189) 0.194 0.118 0.332 0.006 

Locus 208 : 
2 alleles
1.6% missing data
   1   (0.736) 0.737 0.531 0.798 0.991 
   2   (0.264) 0.263 0.469 0.202 0.009 

Locus 209 : 
3 alleles
0.0% missing data
   3   (0.942) 0.979 0.997 0.992 0.906 
   2   (0.029) 0.010 0.002 0.004 0.067 
   0   (0.029) 0.011 0.002 0.004 0.027 

Locus 210 : 
2 alleles
0.0% missing data
   2   (0.628) 0.668 0.450 0.101 0.979 
   4   (0.372) 0.332 0.550 0.899 0.021 

Locus 211 : 
2 alleles
0.0% missing data
   2   (0.894) 0.907 0.764 0.981 0.997 
   4   (0.106) 0.093 0.236 0.019 0.003 

Locus 212 : 
2 alleles
0.0% missing data
   4   (0.745) 0.770 0.750 0.855 0.778 
   1   (0.255) 0.230 0.250 0.145 0.222 

Locus 213 : 
2 alleles
0.0% missing data
   3   (0.757) 0.842 0.623 0.607 0.221 
   2   (0.243) 0.158 0.377 0.393 0.779 

Locus 214 : 
2 alleles
0.0% missing data
   1   (0.740) 0.780 0.660 0.718 0.864 
   4   (0.260) 0.220 0.340 0.282 0.136 

Locus 215 : 
2 alleles
0.0% missing data
   4   (0.331) 0.344 0.095 0.536 0.318 
   5   (0.669) 0.656 0.905 0.464 0.682 

Locus 216 : 
2 alleles
0.0% missing data
   3   (0.899) 0.937 0.805 0.986 0.906 
   1   (0.101) 0.063 0.195 0.014 0.094 

Locus 217 : 
2 alleles
0.0% missing data
   3   (0.877) 0.903 0.864 0.818 0.996 
   2   (0.123) 0.097 0.136 0.182 0.004 

Locus 218 : 
2 alleles
0.0% missing data
   3   (0.445) 0.502 0.432 0.067 0.240 
   2   (0.555) 0.498 0.568 0.933 0.760 

Locus 219 : 
2 alleles
0.0% missing data
   4   (0.745) 0.779 0.293 0.768 0.992 
   2   (0.255) 0.221 0.707 0.232 0.008 

Locus 220 : 
2 alleles
0.0% missing data
   3   (0.756) 0.789 0.664 0.701 0.952 
   2   (0.244) 0.211 0.336 0.299 0.048 

Locus 221 : 
2 alleles
0.0% missing data
   3   (0.799) 0.827 0.917 0.689 0.769 
   2   (0.201) 0.173 0.083 0.311 0.231 

Locus 222 : 
2 alleles
0.0% missing data
   2   (0.715) 0.721 0.494 0.637 0.991 
   3   (0.285) 0.279 0.506 0.363 0.009 

Locus 223 : 
2 alleles
0.8% missing data
   1   (0.945) 0.971 0.793 0.992 0.998 
   2   (0.055) 0.029 0.207 0.008 0.002 

Locus 224 : 
2 alleles
0.0% missing data
   5   (0.760) 0.816 0.427 0.868 0.883 
   1   (0.240) 0.184 0.573 0.132 0.117 

Locus 225 : 
2 alleles
0.8% missing data
   2   (0.748) 0.784 0.786 0.757 0.642 
   3   (0.252) 0.216 0.214 0.243 0.358 

Locus 226 : 
2 alleles
0.0% missing data
   3   (0.919) 0.876 0.995 0.987 0.998 
   1   (0.081) 0.124 0.005 0.013 0.002 

Values of parameters used in structure:
DATAFILE=/Users/ddayan/FRA/small_omy_projects/sf_crooked_river_2021/structure_SFGL_Omy269/project_data,	OUTFILE=/Users/ddayan/FRA/small_omy_projects/sf_crooked_river_2021/structure_SFGL_Omy269/5k10kadmcorr/Results/5k10kadmcorr_run_39,	NUMINDS=127,	NUMLOCI=226,	MISSING=-9,	LABEL=0,	POPDATA=1,	POPFLAG=0,	PHENOTYPE=0,	EXTRACOLS=0,	MAXPOPS=4,	BURNIN=5000,	NUMREPS=10000,	USEPOPINFO=0,	INFERALPHA=1,	INFERLAMBDA=0,	POPSPECIFICLAMBDA=0,	POPALPHAS=0,	COMPUTEPROB=1,	NOADMIX=0,	ADMBURNIN=2500,	UPDATEFREQ=1,	PRINTLIKES=0,	INTERMEDSAVE=0,	PRINTKLD=0,	PRINTNET=0,	PRINTLAMBDA=0,	ANCESTDIST=0,	NUMBOXES=1000,	ANCESTPINT=0.90000,	GENSBACK=2,	MIGRPRIOR=0.05000,	PRINTQHAT=0,	PRINTQSUM=0,	ALPHA=1.0000,	FREQSCORR=1,	FPRIORMEAN=0.0100,	FPRIORSD=0.0500,	ONEFST=0,	LAMBDA=1.0000,	UNIFPRIORALPHA=1,	ALPHAMAX=10.0000,	ALPHAPRIORA=1.0000,	ALPHAPRIORB=2.0000,	ALPHAPROPSD=0.0250,	STARTATPOPINFO=0,	RANDOMIZE=1,	LINKAGE=0,	METROFREQ=10,	REPORTHITRATE=0,	MARKOVPHASE=-1,	PHASED=0,	PLOIDY=2,	PHASEINFO=0	LOCPRIOR=0, 	LOCPRIORINIT=1.000000, 	LOCDATA=0, 	LOCISPOP=0, 	LOCPRIORSTEP=0.100000, 	MAXLOCPRIOR=20.000000, 	SEED=1642736936,	
[STRAT parameters]:    NUMSIMSTATS=1000,	PHENOTYPECOL=-9,	POOLFREQ=10,	LOCUSxONLY=0,	EMERROR=0.00100,	MISSINGPHENO=-9,	