

----------------------------------------------------
STRUCTURE by Pritchard, Stephens and Donnelly (2000)
     and Falush, Stephens and Pritchard (2003)
       Code by Pritchard, Falush and Hubisz
             Version 2.3.4 (Jul 2012)
----------------------------------------------------



Command line arguments:   bin/structure -m "/Users/ddayan/FRA/small_omy_projects/sf_crooked_river_2021/structure_SFGL_Omy269/5k10kadmcorr/mainparams" -e "/Users/ddayan/FRA/small_omy_projects/sf_crooked_river_2021/structure_SFGL_Omy269/5k10kadmcorr/extraparams" 
Input File:    /Users/ddayan/FRA/small_omy_projects/sf_crooked_river_2021/structure_SFGL_Omy269/project_data

Run parameters:
   127 individuals
   226 loci
   5 populations assumed
   5000 Burn-in period
   10000 Reps


--------------------------------------------
Proportion of membership of each pre-defined
 population in each of the 5 clusters

Given    Inferred Clusters                     Number of
 Pop       1      2      3      4      5      Individuals

  1:     0.003  0.988  0.003  0.002  0.004       35
  2:     0.094  0.005  0.100  0.793  0.008       17
  3:     0.397  0.059  0.327  0.011  0.206       41
  4:     0.006  0.006  0.007  0.976  0.005       34
--------------------------------------------

Allele-freq. divergence among pops (Net nucleotide distance),
computed using point estimates of P.

      1       2       3       4       5      
 1      -    0.0354  0.0118  0.0349  0.0356  
 2   0.0354     -    0.0381  0.0781  0.0586  
 3   0.0118  0.0381     -    0.0388  0.0388  
 4   0.0349  0.0781  0.0388     -    0.0656  
 5   0.0356  0.0586  0.0388  0.0656     -    

Average distances (expected heterozygosity) between individuals in same cluster:
cluster  1  : 0.3386 
cluster  2  : 0.2451 
cluster  3  : 0.3304 
cluster  4  : 0.3345 
cluster  5  : 0.2744 

--------------------------------------------
Estimated Ln Prob of Data   = -26506.9
Mean value of ln likelihood = -26142.3
Variance of ln likelihood   = 729.2
Mean value of alpha         = 0.0313

Mean value of Fst_1         = 0.0443
Mean value of Fst_2         = 0.2963
Mean value of Fst_3         = 0.0802
Mean value of Fst_4         = 0.1537
Mean value of Fst_5         = 0.2719


Inferred ancestry of individuals:
     (%Miss) Pop:  Inferred clusters
  1    (0)    1 :  0.002 0.995 0.002 0.001 0.001 
  2    (0)    1 :  0.005 0.982 0.003 0.003 0.007 
  3    (0)    1 :  0.001 0.995 0.001 0.002 0.001 
  4    (0)    1 :  0.002 0.993 0.002 0.001 0.001 
  5    (0)    1 :  0.001 0.994 0.001 0.003 0.001 
  6    (0)    1 :  0.003 0.992 0.001 0.001 0.002 
  7    (0)    1 :  0.001 0.996 0.001 0.001 0.001 
  8    (0)    1 :  0.005 0.988 0.003 0.001 0.003 
  9    (0)    1 :  0.002 0.994 0.001 0.000 0.002 
 10    (0)    1 :  0.004 0.990 0.002 0.002 0.003 
 11    (0)    1 :  0.007 0.916 0.012 0.004 0.061 
 12    (0)    1 :  0.008 0.969 0.012 0.006 0.005 
 13    (0)    1 :  0.001 0.995 0.001 0.001 0.003 
 14    (0)    1 :  0.001 0.994 0.002 0.001 0.002 
 15    (0)    1 :  0.001 0.995 0.002 0.001 0.001 
 16    (0)    1 :  0.002 0.992 0.003 0.001 0.003 
 17    (0)    1 :  0.012 0.972 0.014 0.001 0.001 
 18    (0)    1 :  0.016 0.932 0.034 0.013 0.005 
 19    (0)    1 :  0.001 0.995 0.001 0.001 0.002 
 20    (0)    1 :  0.001 0.993 0.002 0.001 0.003 
 21    (0)    1 :  0.004 0.990 0.002 0.003 0.001 
 22    (0)    1 :  0.004 0.991 0.002 0.001 0.002 
 23    (0)    1 :  0.001 0.996 0.001 0.000 0.002 
 24    (0)    1 :  0.001 0.994 0.001 0.001 0.002 
 25    (0)    1 :  0.003 0.990 0.002 0.004 0.001 
 26    (0)    1 :  0.001 0.995 0.001 0.001 0.002 
 27    (0)    1 :  0.001 0.997 0.001 0.001 0.001 
 28    (0)    1 :  0.003 0.990 0.004 0.001 0.002 
 29    (0)    1 :  0.001 0.996 0.001 0.001 0.001 
 30    (0)    1 :  0.002 0.996 0.001 0.001 0.001 
 31    (0)    1 :  0.002 0.993 0.001 0.002 0.002 
 32    (0)    1 :  0.003 0.992 0.002 0.002 0.002 
 33    (0)    1 :  0.001 0.996 0.001 0.000 0.001 
 34    (0)    1 :  0.001 0.997 0.001 0.001 0.001 
 35    (0)    1 :  0.002 0.993 0.002 0.001 0.002 
 36    (0)    2 :  0.068 0.005 0.091 0.834 0.003 
 37    (0)    2 :  0.006 0.009 0.002 0.979 0.005 
 38    (0)    3 :  0.904 0.005 0.036 0.001 0.054 
 39    (0)    3 :  0.982 0.012 0.002 0.003 0.001 
 40    (0)    3 :  0.931 0.060 0.003 0.003 0.002 
 41    (0)    3 :  0.943 0.004 0.010 0.036 0.007 
 42    (0)    3 :  0.919 0.007 0.003 0.015 0.056 
 43    (0)    2 :  0.002 0.001 0.004 0.992 0.001 
 44    (0)    2 :  0.237 0.024 0.628 0.072 0.039 
 45    (0)    2 :  0.005 0.001 0.003 0.990 0.001 
 46    (0)    2 :  0.002 0.001 0.005 0.990 0.002 
 47    (0)    2 :  0.322 0.003 0.008 0.631 0.036 
 48    (0)    2 :  0.821 0.003 0.004 0.170 0.002 
 49    (0)    2 :  0.071 0.031 0.452 0.428 0.018 
 50    (0)    2 :  0.007 0.001 0.010 0.980 0.002 
 51    (0)    2 :  0.015 0.002 0.006 0.972 0.006 
 52    (0)    3 :  0.628 0.023 0.286 0.003 0.060 
 53    (0)    3 :  0.052 0.055 0.866 0.022 0.004 
 54    (0)    3 :  0.012 0.005 0.970 0.003 0.011 
 55    (0)    3 :  0.933 0.004 0.008 0.052 0.003 
 56    (0)    3 :  0.001 0.003 0.001 0.001 0.994 
 57    (0)    3 :  0.915 0.075 0.006 0.003 0.001 
 58    (0)    3 :  0.002 0.002 0.990 0.002 0.003 
 59    (0)    3 :  0.515 0.005 0.369 0.109 0.002 
 60    (0)    3 :  0.002 0.001 0.002 0.001 0.994 
 61    (0)    3 :  0.001 0.001 0.002 0.001 0.994 
 62    (0)    3 :  0.981 0.003 0.006 0.004 0.006 
 63    (0)    3 :  0.988 0.004 0.002 0.002 0.004 
 64    (0)    3 :  0.301 0.475 0.216 0.003 0.005 
 65    (0)    3 :  0.247 0.439 0.308 0.002 0.004 
 66    (0)    3 :  0.003 0.360 0.631 0.006 0.001 
 67    (0)    3 :  0.152 0.315 0.450 0.068 0.015 
 68    (0)    3 :  0.001 0.002 0.002 0.001 0.994 
 69    (0)    3 :  0.060 0.434 0.468 0.037 0.001 
 70    (0)    3 :  0.008 0.003 0.002 0.002 0.986 
 71    (0)    3 :  0.002 0.006 0.002 0.001 0.989 
 72    (0)    3 :  0.002 0.003 0.002 0.001 0.992 
 73    (0)    3 :  0.002 0.002 0.887 0.002 0.107 
 74    (0)    3 :  0.006 0.005 0.986 0.001 0.002 
 75    (0)    3 :  0.979 0.002 0.014 0.003 0.001 
 76    (0)    3 :  0.007 0.003 0.985 0.002 0.002 
 77    (0)    3 :  0.002 0.001 0.990 0.003 0.004 
 78    (0)    3 :  0.913 0.027 0.009 0.001 0.050 
 79    (0)    3 :  0.039 0.003 0.954 0.002 0.002 
 80    (0)    3 :  0.975 0.005 0.010 0.001 0.009 
 81    (0)    3 :  0.985 0.004 0.002 0.003 0.006 
 82    (0)    3 :  0.031 0.012 0.940 0.014 0.003 
 83    (0)    3 :  0.004 0.010 0.974 0.002 0.009 
 84    (0)    3 :  0.892 0.013 0.019 0.002 0.075 
 85    (0)    3 :  0.001 0.001 0.001 0.001 0.996 
 86    (0)    3 :  0.954 0.002 0.016 0.026 0.002 
 87    (0)    3 :  0.013 0.016 0.963 0.006 0.002 
 88    (0)    2 :  0.002 0.001 0.002 0.995 0.001 
 89    (0)    2 :  0.004 0.001 0.003 0.990 0.001 
 90    (0)    2 :  0.003 0.001 0.002 0.992 0.002 
 91    (0)    2 :  0.024 0.001 0.470 0.495 0.010 
 92    (0)    2 :  0.008 0.002 0.002 0.982 0.005 
 93    (0)    2 :  0.002 0.001 0.002 0.994 0.001 
 94    (0)    4 :  0.001 0.002 0.004 0.992 0.001 
 95    (0)    4 :  0.003 0.001 0.003 0.990 0.002 
 96    (2)    4 :  0.005 0.002 0.003 0.982 0.008 
 97    (0)    4 :  0.017 0.008 0.018 0.950 0.006 
 98    (1)    4 :  0.027 0.006 0.011 0.950 0.005 
 99    (0)    4 :  0.002 0.007 0.007 0.976 0.008 
100    (1)    4 :  0.012 0.002 0.003 0.975 0.007 
101    (0)    4 :  0.007 0.003 0.016 0.972 0.002 
102    (0)    4 :  0.003 0.001 0.001 0.993 0.003 
103    (0)    4 :  0.008 0.009 0.007 0.968 0.009 
104    (1)    4 :  0.006 0.002 0.008 0.973 0.011 
105    (1)    4 :  0.002 0.001 0.001 0.994 0.002 
106    (2)    4 :  0.006 0.006 0.006 0.975 0.007 
107    (1)    4 :  0.002 0.001 0.002 0.993 0.002 
108    (0)    4 :  0.005 0.005 0.004 0.981 0.006 
109    (1)    4 :  0.008 0.019 0.007 0.964 0.002 
110    (3)    4 :  0.002 0.001 0.001 0.989 0.006 
111    (0)    4 :  0.008 0.012 0.010 0.967 0.003 
112    (1)    4 :  0.007 0.004 0.005 0.982 0.002 
113    (1)    4 :  0.003 0.001 0.003 0.992 0.002 
114    (0)    4 :  0.002 0.001 0.002 0.994 0.001 
115    (1)    4 :  0.001 0.003 0.001 0.994 0.001 
116    (1)    4 :  0.021 0.006 0.048 0.916 0.009 
117    (0)    4 :  0.002 0.018 0.005 0.973 0.002 
118    (3)    4 :  0.002 0.003 0.004 0.989 0.002 
119    (2)    4 :  0.007 0.015 0.007 0.965 0.005 
120    (2)    4 :  0.008 0.001 0.007 0.976 0.008 
121    (0)    4 :  0.008 0.015 0.007 0.967 0.003 
122    (1)    4 :  0.002 0.003 0.002 0.988 0.005 
123    (0)    4 :  0.001 0.001 0.001 0.996 0.001 
124   (15)    4 :  0.003 0.005 0.009 0.964 0.018 
125    (1)    4 :  0.018 0.013 0.009 0.953 0.007 
126    (0)    4 :  0.008 0.004 0.004 0.977 0.007 
127    (2)    4 :  0.002 0.003 0.004 0.988 0.003 


Estimated Allele Frequencies in each cluster
First column gives estimated ancestral frequencies


Locus 1 : 
2 alleles
0.0% missing data
   3   (0.931) 0.927 0.998 0.976 0.906 0.991 
   2   (0.069) 0.073 0.002 0.024 0.094 0.009 

Locus 2 : 
2 alleles
0.0% missing data
   2   (0.355) 0.454 0.172 0.290 0.364 0.051 
   3   (0.645) 0.546 0.828 0.710 0.636 0.949 

Locus 3 : 
2 alleles
0.0% missing data
   2   (0.360) 0.457 0.255 0.212 0.338 0.225 
   4   (0.640) 0.543 0.745 0.788 0.662 0.775 

Locus 4 : 
2 alleles
0.0% missing data
   1   (0.696) 0.677 0.887 0.678 0.926 0.373 
   4   (0.304) 0.323 0.113 0.322 0.074 0.627 

Locus 5 : 
2 alleles
3.1% missing data
   2   (0.808) 0.790 0.951 0.866 0.738 0.972 
   1   (0.192) 0.210 0.049 0.134 0.262 0.028 

Locus 6 : 
2 alleles
2.4% missing data
   1   (0.207) 0.154 0.382 0.257 0.193 0.031 
   3   (0.793) 0.846 0.618 0.743 0.807 0.969 

Locus 7 : 
2 alleles
0.0% missing data
   2   (0.629) 0.681 0.460 0.577 0.415 0.947 
   3   (0.371) 0.319 0.540 0.423 0.585 0.053 

Locus 8 : 
2 alleles
2.4% missing data
   1   (0.250) 0.221 0.261 0.214 0.168 0.254 
   2   (0.750) 0.779 0.739 0.786 0.832 0.746 

Locus 9 : 
2 alleles
0.8% missing data
   4   (0.962) 0.986 0.999 0.989 0.823 0.995 
   1   (0.038) 0.014 0.001 0.011 0.177 0.005 

Locus 10 : 
2 alleles
0.0% missing data
   3   (0.737) 0.772 0.991 0.711 0.518 0.654 
   2   (0.263) 0.228 0.009 0.289 0.482 0.346 

Locus 11 : 
2 alleles
0.0% missing data
   2   (0.952) 0.972 0.998 0.986 0.772 0.994 
   1   (0.048) 0.028 0.002 0.014 0.228 0.006 

Locus 12 : 
2 alleles
0.0% missing data
   1   (0.509) 0.518 0.822 0.598 0.279 0.241 
   4   (0.491) 0.482 0.178 0.402 0.721 0.759 

Locus 13 : 
2 alleles
0.8% missing data
   2   (0.685) 0.683 0.796 0.767 0.587 0.791 
   4   (0.315) 0.317 0.204 0.233 0.413 0.209 

Locus 14 : 
2 alleles
0.0% missing data
   4   (0.689) 0.756 0.800 0.708 0.576 0.533 
   2   (0.311) 0.244 0.200 0.292 0.424 0.467 

Locus 15 : 
2 alleles
0.0% missing data
   4   (0.867) 0.852 0.995 0.868 0.881 0.982 
   2   (0.133) 0.148 0.005 0.132 0.119 0.018 

Locus 16 : 
2 alleles
0.0% missing data
   1   (0.401) 0.383 0.687 0.325 0.386 0.466 
   4   (0.599) 0.617 0.313 0.675 0.614 0.534 

Locus 17 : 
2 alleles
0.0% missing data
   4   (0.915) 0.968 0.997 0.881 0.937 0.883 
   3   (0.085) 0.032 0.003 0.119 0.063 0.117 

Locus 18 : 
2 alleles
0.0% missing data
   2   (0.779) 0.768 0.785 0.818 0.787 0.967 
   3   (0.221) 0.232 0.215 0.182 0.213 0.033 

Locus 19 : 
2 alleles
0.8% missing data
   4   (0.865) 0.887 0.984 0.882 0.818 0.981 
   2   (0.135) 0.113 0.016 0.118 0.182 0.019 

Locus 20 : 
2 alleles
0.0% missing data
   2   (0.658) 0.610 0.561 0.705 0.662 0.949 
   3   (0.342) 0.390 0.439 0.295 0.338 0.051 

Locus 21 : 
2 alleles
0.8% missing data
   2   (0.353) 0.327 0.208 0.330 0.451 0.259 
   3   (0.647) 0.673 0.792 0.670 0.549 0.741 

Locus 22 : 
2 alleles
0.0% missing data
   4   (0.806) 0.854 0.870 0.892 0.725 0.708 
   2   (0.194) 0.146 0.130 0.108 0.275 0.292 

Locus 23 : 
2 alleles
2.4% missing data
   1   (0.360) 0.369 0.566 0.213 0.402 0.480 
   4   (0.640) 0.631 0.434 0.787 0.598 0.520 

Locus 24 : 
2 alleles
0.0% missing data
   3   (0.775) 0.827 0.992 0.530 0.614 0.968 
   2   (0.225) 0.173 0.008 0.470 0.386 0.032 

Locus 25 : 
2 alleles
0.0% missing data
   3   (0.702) 0.674 0.488 0.754 0.715 0.957 
   2   (0.298) 0.326 0.512 0.246 0.285 0.043 

Locus 26 : 
2 alleles
0.8% missing data
   2   (0.581) 0.581 0.725 0.447 0.550 0.939 
   4   (0.419) 0.419 0.275 0.553 0.450 0.061 

Locus 27 : 
2 alleles
1.6% missing data
   1   (0.593) 0.657 0.750 0.568 0.628 0.192 
   4   (0.407) 0.343 0.250 0.432 0.372 0.808 

Locus 28 : 
2 alleles
3.9% missing data
   3   (0.519) 0.531 0.584 0.483 0.662 0.284 
   2   (0.481) 0.469 0.416 0.517 0.338 0.716 

Locus 29 : 
2 alleles
0.0% missing data
   4   (0.184) 0.078 0.435 0.172 0.353 0.341 
   1   (0.816) 0.922 0.565 0.828 0.647 0.659 

Locus 30 : 
2 alleles
0.0% missing data
   1   (0.422) 0.364 0.573 0.423 0.462 0.497 
   4   (0.578) 0.636 0.427 0.577 0.538 0.503 

Locus 31 : 
2 alleles
3.1% missing data
   2   (0.288) 0.275 0.502 0.294 0.299 0.044 
   4   (0.712) 0.725 0.498 0.706 0.701 0.956 

Locus 32 : 
2 alleles
0.0% missing data
   4   (0.533) 0.551 0.648 0.474 0.662 0.354 
   3   (0.467) 0.449 0.352 0.526 0.338 0.646 

Locus 33 : 
2 alleles
0.8% missing data
   2   (0.541) 0.607 0.570 0.429 0.617 0.445 
   3   (0.459) 0.393 0.430 0.571 0.383 0.555 

Locus 34 : 
2 alleles
0.0% missing data
   3   (0.502) 0.519 0.606 0.435 0.567 0.449 
   2   (0.498) 0.481 0.394 0.565 0.433 0.551 

Locus 35 : 
2 alleles
0.0% missing data
   4   (0.650) 0.529 0.988 0.638 0.796 0.684 
   1   (0.350) 0.471 0.012 0.362 0.204 0.316 

Locus 36 : 
2 alleles
0.0% missing data
   4   (0.648) 0.680 0.788 0.600 0.417 0.947 
   1   (0.352) 0.320 0.212 0.400 0.583 0.053 

Locus 37 : 
2 alleles
0.8% missing data
   2   (0.578) 0.635 0.815 0.460 0.450 0.729 
   3   (0.422) 0.365 0.185 0.540 0.550 0.271 

Locus 38 : 
2 alleles
0.8% missing data
   1   (0.912) 0.886 0.997 0.968 0.988 0.785 
   2   (0.088) 0.114 0.003 0.032 0.012 0.215 

Locus 39 : 
2 alleles
1.6% missing data
   2   (0.599) 0.621 0.962 0.608 0.342 0.514 
   4   (0.401) 0.379 0.038 0.392 0.658 0.486 

Locus 40 : 
2 alleles
0.0% missing data
   1   (0.374) 0.214 0.396 0.412 0.814 0.480 
   4   (0.626) 0.786 0.604 0.588 0.186 0.520 

Locus 41 : 
2 alleles
0.0% missing data
   2   (0.915) 0.958 0.933 0.966 0.620 0.988 
   1   (0.085) 0.042 0.067 0.034 0.380 0.012 

Locus 42 : 
2 alleles
0.0% missing data
   2   (0.548) 0.602 0.530 0.458 0.604 0.513 
   4   (0.452) 0.398 0.470 0.542 0.396 0.487 

Locus 43 : 
2 alleles
0.0% missing data
   2   (0.414) 0.423 0.372 0.253 0.683 0.436 
   4   (0.586) 0.577 0.628 0.747 0.317 0.564 

Locus 44 : 
3 alleles
1.6% missing data
   3   (0.856) 0.834 0.838 0.955 0.918 0.979 
   2   (0.112) 0.121 0.161 0.036 0.080 0.016 
   0   (0.033) 0.046 0.001 0.009 0.002 0.004 

Locus 45 : 
2 alleles
0.0% missing data
   1   (0.797) 0.757 0.984 0.814 0.789 0.969 
   2   (0.203) 0.243 0.016 0.186 0.211 0.031 

Locus 46 : 
2 alleles
0.0% missing data
   4   (0.886) 0.851 0.996 0.961 0.954 0.766 
   2   (0.114) 0.149 0.004 0.039 0.046 0.234 

Locus 47 : 
2 alleles
0.0% missing data
   2   (0.871) 0.866 0.957 0.961 0.950 0.709 
   1   (0.129) 0.134 0.043 0.039 0.050 0.291 

Locus 48 : 
2 alleles
1.6% missing data
   2   (0.568) 0.572 0.430 0.569 0.524 0.839 
   4   (0.432) 0.428 0.570 0.431 0.476 0.161 

Locus 49 : 
2 alleles
0.0% missing data
   1   (0.730) 0.744 0.914 0.779 0.651 0.798 
   2   (0.270) 0.256 0.086 0.221 0.349 0.202 

Locus 50 : 
2 alleles
0.0% missing data
   4   (0.741) 0.837 0.440 0.725 0.737 0.648 
   1   (0.259) 0.163 0.560 0.275 0.263 0.352 

Locus 51 : 
2 alleles
0.0% missing data
   3   (0.506) 0.460 0.568 0.487 0.669 0.544 
   2   (0.494) 0.540 0.432 0.513 0.331 0.456 

Locus 52 : 
2 alleles
0.8% missing data
   4   (0.910) 0.920 0.997 0.939 0.875 0.987 
   2   (0.090) 0.080 0.003 0.061 0.125 0.013 

Locus 53 : 
2 alleles
0.0% missing data
   4   (0.929) 0.973 0.998 0.979 0.627 0.738 
   2   (0.071) 0.027 0.002 0.021 0.373 0.262 

Locus 54 : 
2 alleles
3.1% missing data
   3   (0.577) 0.508 0.834 0.597 0.705 0.661 
   4   (0.423) 0.492 0.166 0.403 0.295 0.339 

Locus 55 : 
2 alleles
0.0% missing data
   2   (0.605) 0.547 0.596 0.624 0.774 0.782 
   1   (0.395) 0.453 0.404 0.376 0.226 0.218 

Locus 56 : 
3 alleles
2.4% missing data
   1   (0.801) 0.854 0.994 0.788 0.731 0.613 
   0   (0.083) 0.102 0.003 0.024 0.024 0.115 
   4   (0.116) 0.045 0.004 0.188 0.245 0.272 

Locus 57 : 
2 alleles
0.0% missing data
   4   (0.887) 0.915 0.997 0.909 0.644 0.984 
   1   (0.113) 0.085 0.003 0.091 0.356 0.016 

Locus 58 : 
2 alleles
0.0% missing data
   4   (0.874) 0.873 0.986 0.822 0.971 0.981 
   2   (0.126) 0.127 0.014 0.178 0.029 0.019 

Locus 59 : 
2 alleles
0.0% missing data
   3   (0.862) 0.851 0.891 0.908 0.953 0.981 
   2   (0.138) 0.149 0.109 0.092 0.047 0.019 

Locus 60 : 
2 alleles
0.0% missing data
   4   (0.767) 0.824 0.992 0.647 0.683 0.763 
   2   (0.233) 0.176 0.008 0.353 0.317 0.237 

Locus 61 : 
2 alleles
0.0% missing data
   4   (0.871) 0.889 0.996 0.933 0.776 0.818 
   2   (0.129) 0.111 0.004 0.067 0.224 0.182 

Locus 62 : 
2 alleles
0.0% missing data
   2   (0.741) 0.722 0.914 0.820 0.465 0.964 
   1   (0.259) 0.278 0.086 0.180 0.535 0.036 

Locus 63 : 
2 alleles
0.0% missing data
   2   (0.423) 0.403 0.639 0.424 0.218 0.712 
   1   (0.577) 0.597 0.361 0.576 0.782 0.288 

Locus 64 : 
2 alleles
0.0% missing data
   4   (0.824) 0.775 0.993 0.915 0.843 0.768 
   2   (0.176) 0.225 0.007 0.085 0.157 0.232 

Locus 65 : 
2 alleles
0.8% missing data
   1   (0.885) 0.924 0.996 0.854 0.746 0.982 
   4   (0.115) 0.076 0.004 0.146 0.254 0.018 

Locus 66 : 
3 alleles
1.6% missing data
   3   (0.593) 0.581 0.660 0.675 0.690 0.519 
   2   (0.375) 0.407 0.339 0.316 0.267 0.476 
   0   (0.032) 0.012 0.001 0.009 0.043 0.004 

Locus 67 : 
2 alleles
0.0% missing data
   1   (0.124) 0.142 0.029 0.036 0.037 0.229 
   3   (0.876) 0.858 0.971 0.964 0.963 0.771 

Locus 68 : 
2 alleles
0.0% missing data
   2   (0.533) 0.655 0.740 0.460 0.332 0.178 
   3   (0.467) 0.345 0.260 0.540 0.668 0.822 

Locus 69 : 
2 alleles
0.0% missing data
   4   (0.793) 0.851 0.993 0.788 0.508 0.703 
   2   (0.207) 0.149 0.007 0.212 0.492 0.297 

Locus 70 : 
3 alleles
0.0% missing data
   1   (0.318) 0.232 0.700 0.537 0.026 0.799 
   3   (0.643) 0.751 0.148 0.450 0.972 0.196 
   0   (0.039) 0.018 0.152 0.013 0.002 0.005 

Locus 71 : 
2 alleles
3.1% missing data
   2   (0.561) 0.577 0.213 0.560 0.743 0.512 
   4   (0.439) 0.423 0.787 0.440 0.257 0.488 

Locus 72 : 
2 alleles
1.6% missing data
   3   (0.546) 0.575 0.715 0.450 0.704 0.337 
   1   (0.454) 0.425 0.285 0.550 0.296 0.663 

Locus 73 : 
2 alleles
0.0% missing data
   1   (0.308) 0.215 0.537 0.308 0.351 0.474 
   2   (0.692) 0.785 0.463 0.692 0.649 0.526 

Locus 74 : 
2 alleles
1.6% missing data
   2   (0.832) 0.838 0.984 0.713 0.938 0.977 
   3   (0.168) 0.162 0.016 0.287 0.062 0.023 

Locus 75 : 
2 alleles
0.0% missing data
   3   (0.478) 0.464 0.792 0.424 0.663 0.168 
   1   (0.522) 0.536 0.208 0.576 0.337 0.832 

Locus 76 : 
2 alleles
0.0% missing data
   2   (0.431) 0.367 0.924 0.464 0.182 0.643 
   1   (0.569) 0.633 0.076 0.536 0.818 0.357 

Locus 77 : 
2 alleles
0.0% missing data
   4   (0.313) 0.324 0.485 0.303 0.103 0.315 
   1   (0.687) 0.676 0.515 0.697 0.897 0.685 

Locus 78 : 
2 alleles
0.0% missing data
   3   (0.709) 0.670 0.989 0.679 0.825 0.530 
   2   (0.291) 0.330 0.011 0.321 0.175 0.470 

Locus 79 : 
2 alleles
0.0% missing data
   2   (0.584) 0.624 0.717 0.472 0.523 0.837 
   3   (0.416) 0.376 0.283 0.528 0.477 0.163 

Locus 80 : 
2 alleles
0.0% missing data
   4   (0.814) 0.893 0.872 0.820 0.786 0.700 
   2   (0.186) 0.107 0.128 0.180 0.214 0.300 

Locus 81 : 
2 alleles
0.0% missing data
   3   (0.464) 0.442 0.339 0.613 0.580 0.067 
   2   (0.536) 0.558 0.661 0.387 0.420 0.933 

Locus 82 : 
2 alleles
0.0% missing data
   2   (0.752) 0.841 0.718 0.727 0.687 0.756 
   3   (0.248) 0.159 0.282 0.273 0.313 0.244 

Locus 83 : 
2 alleles
0.0% missing data
   3   (0.724) 0.704 0.881 0.793 0.469 0.960 
   2   (0.276) 0.296 0.119 0.207 0.531 0.040 

Locus 84 : 
2 alleles
0.0% missing data
   3   (0.536) 0.569 0.438 0.629 0.410 0.296 
   2   (0.464) 0.431 0.562 0.371 0.590 0.704 

Locus 85 : 
2 alleles
0.0% missing data
   3   (0.794) 0.906 0.875 0.634 0.819 0.649 
   4   (0.206) 0.094 0.125 0.366 0.181 0.351 

Locus 86 : 
2 alleles
0.0% missing data
   3   (0.538) 0.593 0.446 0.460 0.849 0.080 
   2   (0.462) 0.407 0.554 0.540 0.151 0.920 

Locus 87 : 
3 alleles
4.7% missing data
   1   (0.536) 0.514 0.716 0.646 0.431 0.503 
   4   (0.430) 0.452 0.283 0.344 0.560 0.488 
   0   (0.033) 0.035 0.001 0.010 0.009 0.008 

Locus 88 : 
2 alleles
1.6% missing data
   3   (0.808) 0.784 0.993 0.808 0.670 0.972 
   1   (0.192) 0.216 0.007 0.192 0.330 0.028 

Locus 89 : 
2 alleles
0.0% missing data
   1   (0.563) 0.604 0.895 0.506 0.426 0.505 
   4   (0.437) 0.396 0.105 0.494 0.574 0.495 

Locus 90 : 
2 alleles
0.8% missing data
   3   (0.744) 0.774 0.758 0.867 0.601 0.530 
   2   (0.256) 0.226 0.242 0.133 0.399 0.470 

Locus 91 : 
2 alleles
0.0% missing data
   2   (0.682) 0.609 0.690 0.836 0.718 0.744 
   4   (0.318) 0.391 0.310 0.164 0.282 0.256 

Locus 92 : 
2 alleles
0.0% missing data
   2   (0.767) 0.801 0.957 0.790 0.737 0.744 
   4   (0.233) 0.199 0.043 0.210 0.263 0.256 

Locus 93 : 
2 alleles
0.0% missing data
   4   (0.911) 0.894 0.997 0.960 0.874 0.988 
   1   (0.089) 0.106 0.003 0.040 0.126 0.012 

Locus 94 : 
2 alleles
0.0% missing data
   3   (0.785) 0.760 0.747 0.818 0.873 0.968 
   1   (0.215) 0.240 0.253 0.182 0.127 0.032 

Locus 95 : 
2 alleles
0.0% missing data
   1   (0.059) 0.072 0.067 0.016 0.003 0.008 
   3   (0.941) 0.928 0.933 0.984 0.997 0.992 

Locus 96 : 
2 alleles
0.0% missing data
   3   (0.554) 0.410 0.799 0.788 0.483 0.515 
   2   (0.446) 0.590 0.201 0.212 0.517 0.485 

Locus 97 : 
2 alleles
0.0% missing data
   2   (0.730) 0.716 0.992 0.722 0.638 0.757 
   1   (0.270) 0.284 0.008 0.278 0.362 0.243 

Locus 98 : 
2 alleles
0.0% missing data
   4   (0.760) 0.722 0.992 0.736 0.612 0.964 
   2   (0.240) 0.278 0.008 0.264 0.388 0.036 

Locus 99 : 
2 alleles
0.8% missing data
   4   (0.857) 0.932 0.995 0.813 0.619 0.765 
   1   (0.143) 0.068 0.005 0.187 0.381 0.235 

Locus 100 : 
2 alleles
0.8% missing data
   3   (0.434) 0.403 0.211 0.424 0.511 0.657 
   2   (0.566) 0.597 0.789 0.576 0.489 0.343 

Locus 101 : 
3 alleles
0.0% missing data
   4   (0.468) 0.467 0.430 0.714 0.087 0.503 
   2   (0.444) 0.427 0.545 0.215 0.908 0.484 
   0   (0.087) 0.106 0.025 0.072 0.005 0.012 

Locus 102 : 
2 alleles
2.4% missing data
   2   (0.775) 0.847 0.900 0.667 0.893 0.699 
   4   (0.225) 0.153 0.100 0.333 0.107 0.301 

Locus 103 : 
3 alleles
0.0% missing data
   4   (0.114) 0.114 0.523 0.056 0.025 0.016 
   2   (0.822) 0.844 0.476 0.663 0.971 0.974 
   0   (0.064) 0.042 0.002 0.280 0.003 0.010 

Locus 104 : 
2 alleles
0.0% missing data
   3   (0.312) 0.304 0.564 0.301 0.178 0.154 
   2   (0.688) 0.696 0.436 0.699 0.822 0.846 

Locus 105 : 
2 alleles
0.0% missing data
   4   (0.488) 0.489 0.414 0.523 0.417 0.500 
   1   (0.512) 0.511 0.586 0.477 0.583 0.500 

Locus 106 : 
2 alleles
0.0% missing data
   1   (0.161) 0.127 0.176 0.135 0.180 0.023 
   2   (0.839) 0.873 0.824 0.865 0.820 0.977 

Locus 107 : 
2 alleles
0.0% missing data
   1   (0.587) 0.590 0.789 0.666 0.478 0.395 
   4   (0.413) 0.410 0.211 0.334 0.522 0.605 

Locus 108 : 
2 alleles
0.0% missing data
   2   (0.747) 0.769 0.929 0.749 0.825 0.692 
   4   (0.253) 0.231 0.071 0.251 0.175 0.308 

Locus 109 : 
2 alleles
0.0% missing data
   3   (0.799) 0.856 0.966 0.773 0.793 0.817 
   2   (0.201) 0.144 0.034 0.227 0.207 0.183 

Locus 110 : 
2 alleles
0.0% missing data
   2   (0.925) 0.901 0.998 0.978 0.917 0.989 
   1   (0.075) 0.099 0.002 0.022 0.083 0.011 

Locus 111 : 
2 alleles
0.0% missing data
   1   (0.877) 0.936 0.995 0.743 0.732 0.983 
   2   (0.123) 0.064 0.005 0.257 0.268 0.017 

Locus 112 : 
2 alleles
7.1% missing data
   3   (0.834) 0.803 0.994 0.901 0.875 0.757 
   2   (0.166) 0.197 0.006 0.099 0.125 0.243 

Locus 113 : 
2 alleles
0.0% missing data
   2   (0.672) 0.658 0.744 0.490 0.869 0.952 
   3   (0.328) 0.342 0.256 0.510 0.131 0.048 

Locus 114 : 
2 alleles
0.0% missing data
   4   (0.711) 0.694 0.803 0.712 0.705 0.959 
   2   (0.289) 0.306 0.197 0.288 0.295 0.041 

Locus 115 : 
2 alleles
0.0% missing data
   3   (0.456) 0.410 0.344 0.456 0.538 0.655 
   2   (0.544) 0.590 0.656 0.544 0.462 0.345 

Locus 116 : 
2 alleles
0.0% missing data
   4   (0.431) 0.314 0.691 0.495 0.575 0.487 
   3   (0.569) 0.686 0.309 0.505 0.425 0.513 

Locus 117 : 
2 alleles
0.0% missing data
   2   (0.883) 0.845 0.994 0.933 0.897 0.984 
   3   (0.117) 0.155 0.006 0.067 0.103 0.016 

Locus 118 : 
2 alleles
0.0% missing data
   2   (0.901) 0.861 0.997 0.956 0.912 0.986 
   1   (0.099) 0.139 0.003 0.044 0.088 0.014 

Locus 119 : 
3 alleles
0.0% missing data
   2   (0.914) 0.967 0.971 0.976 0.916 0.581 
   0   (0.029) 0.011 0.027 0.008 0.002 0.004 
   3   (0.058) 0.022 0.002 0.016 0.082 0.415 

Locus 120 : 
2 alleles
0.0% missing data
   1   (0.930) 0.964 0.997 0.897 0.958 0.989 
   2   (0.070) 0.036 0.003 0.103 0.042 0.011 

Locus 121 : 
2 alleles
0.0% missing data
   3   (0.726) 0.778 0.659 0.661 0.826 0.850 
   4   (0.274) 0.222 0.341 0.339 0.174 0.150 

Locus 122 : 
2 alleles
0.0% missing data
   1   (0.963) 0.982 0.900 0.987 0.998 0.995 
   0   (0.037) 0.018 0.100 0.013 0.002 0.005 

Locus 123 : 
3 alleles
1.6% missing data
   2   (0.735) 0.852 0.917 0.666 0.340 0.847 
   3   (0.234) 0.137 0.030 0.325 0.659 0.149 
   0   (0.031) 0.012 0.054 0.009 0.002 0.004 

Locus 124 : 
2 alleles
0.8% missing data
   1   (0.821) 0.795 0.993 0.821 0.753 0.975 
   3   (0.179) 0.205 0.007 0.179 0.247 0.025 

Locus 125 : 
2 alleles
0.0% missing data
   1   (0.889) 0.838 0.996 0.959 0.986 0.553 
   2   (0.111) 0.162 0.004 0.041 0.014 0.447 

Locus 126 : 
2 alleles
0.0% missing data
   4   (0.231) 0.233 0.244 0.095 0.316 0.298 
   2   (0.769) 0.767 0.756 0.905 0.684 0.702 

Locus 127 : 
2 alleles
0.0% missing data
   3   (0.678) 0.606 0.989 0.822 0.388 0.535 
   2   (0.322) 0.394 0.011 0.178 0.612 0.465 

Locus 128 : 
2 alleles
0.8% missing data
   3   (0.777) 0.726 0.797 0.877 0.947 0.659 
   2   (0.223) 0.274 0.203 0.123 0.053 0.341 

Locus 129 : 
2 alleles
0.8% missing data
   1   (0.756) 0.694 0.978 0.764 0.926 0.759 
   3   (0.244) 0.306 0.022 0.236 0.074 0.241 

Locus 130 : 
2 alleles
0.0% missing data
   3   (0.879) 0.878 0.996 0.865 0.931 0.982 
   2   (0.121) 0.122 0.004 0.135 0.069 0.018 

Locus 131 : 
2 alleles
0.0% missing data
   4   (0.651) 0.637 0.329 0.680 0.892 0.574 
   1   (0.349) 0.363 0.671 0.320 0.108 0.426 

Locus 132 : 
2 alleles
0.0% missing data
   2   (0.802) 0.757 0.994 0.812 0.905 0.819 
   4   (0.198) 0.243 0.006 0.188 0.095 0.181 

Locus 133 : 
2 alleles
0.0% missing data
   3   (0.476) 0.492 0.842 0.485 0.520 0.069 
   2   (0.524) 0.508 0.158 0.515 0.480 0.931 

Locus 134 : 
2 alleles
0.8% missing data
   3   (0.805) 0.894 0.911 0.648 0.664 0.973 
   2   (0.195) 0.106 0.089 0.352 0.336 0.027 

Locus 135 : 
2 alleles
0.0% missing data
   3   (0.613) 0.573 0.897 0.690 0.598 0.519 
   2   (0.387) 0.427 0.103 0.310 0.402 0.481 

Locus 136 : 
2 alleles
0.0% missing data
   4   (0.894) 0.906 0.996 0.946 0.559 0.984 
   2   (0.106) 0.094 0.004 0.054 0.441 0.016 

Locus 137 : 
2 alleles
0.0% missing data
   2   (0.924) 0.918 0.996 0.934 0.988 0.989 
   3   (0.076) 0.082 0.004 0.066 0.012 0.011 

Locus 138 : 
2 alleles
0.8% missing data
   1   (0.684) 0.752 0.493 0.600 0.813 0.695 
   3   (0.316) 0.248 0.507 0.400 0.187 0.305 

Locus 139 : 
2 alleles
0.8% missing data
   2   (0.626) 0.607 0.405 0.811 0.519 0.463 
   3   (0.374) 0.393 0.595 0.189 0.481 0.537 

Locus 140 : 
2 alleles
0.0% missing data
   4   (0.718) 0.799 0.911 0.544 0.827 0.639 
   3   (0.282) 0.201 0.089 0.456 0.173 0.361 

Locus 141 : 
2 alleles
0.0% missing data
   1   (0.708) 0.736 0.769 0.781 0.619 0.693 
   4   (0.292) 0.264 0.231 0.219 0.381 0.307 

Locus 142 : 
2 alleles
0.0% missing data
   3   (0.638) 0.655 0.599 0.601 0.871 0.355 
   2   (0.362) 0.345 0.401 0.399 0.129 0.645 

Locus 143 : 
2 alleles
0.0% missing data
   2   (0.935) 0.932 0.997 0.972 0.967 0.991 
   3   (0.065) 0.068 0.003 0.028 0.033 0.009 

Locus 144 : 
3 alleles
0.8% missing data
   4   (0.599) 0.609 0.943 0.574 0.461 0.720 
   1   (0.372) 0.380 0.031 0.417 0.537 0.277 
   0   (0.029) 0.011 0.027 0.008 0.002 0.004 

Locus 145 : 
2 alleles
0.0% missing data
   1   (0.176) 0.170 0.273 0.197 0.049 0.025 
   3   (0.824) 0.830 0.727 0.803 0.951 0.975 

Locus 146 : 
2 alleles
0.0% missing data
   4   (0.925) 0.964 0.997 0.901 0.876 0.989 
   1   (0.075) 0.036 0.003 0.099 0.124 0.011 

Locus 147 : 
2 alleles
0.8% missing data
   1   (0.378) 0.430 0.404 0.287 0.187 0.539 
   4   (0.622) 0.570 0.596 0.713 0.813 0.461 

Locus 148 : 
2 alleles
0.0% missing data
   3   (0.728) 0.659 0.609 0.748 0.984 0.322 
   1   (0.272) 0.341 0.391 0.252 0.016 0.678 

Locus 149 : 
3 alleles
1.6% missing data
   2   (0.505) 0.564 0.585 0.556 0.438 0.180 
   3   (0.447) 0.418 0.413 0.386 0.539 0.813 
   0   (0.048) 0.018 0.003 0.057 0.023 0.007 

Locus 150 : 
2 alleles
0.0% missing data
   1   (0.710) 0.699 0.902 0.598 0.805 0.958 
   4   (0.290) 0.301 0.098 0.402 0.195 0.042 

Locus 151 : 
2 alleles
0.0% missing data
   3   (0.726) 0.699 0.407 0.722 0.888 0.960 
   2   (0.274) 0.301 0.593 0.278 0.112 0.040 

Locus 152 : 
2 alleles
0.0% missing data
   4   (0.926) 0.951 0.998 0.903 0.995 0.829 
   2   (0.074) 0.049 0.002 0.097 0.005 0.171 

Locus 153 : 
2 alleles
0.0% missing data
   1   (0.639) 0.669 0.683 0.689 0.498 0.666 
   4   (0.361) 0.331 0.317 0.311 0.502 0.334 

Locus 154 : 
2 alleles
0.8% missing data
   1   (0.543) 0.622 0.894 0.589 0.107 0.510 
   3   (0.457) 0.378 0.106 0.411 0.893 0.490 

Locus 155 : 
2 alleles
0.0% missing data
   3   (0.559) 0.529 0.849 0.469 0.638 0.778 
   4   (0.441) 0.471 0.151 0.531 0.362 0.222 

Locus 156 : 
2 alleles
0.8% missing data
   1   (0.809) 0.881 0.973 0.830 0.213 0.973 
   2   (0.191) 0.119 0.027 0.170 0.787 0.027 

Locus 157 : 
2 alleles
0.0% missing data
   4   (0.571) 0.549 0.751 0.585 0.559 0.665 
   2   (0.429) 0.451 0.249 0.415 0.441 0.335 

Locus 158 : 
2 alleles
0.8% missing data
   1   (0.694) 0.627 0.759 0.736 0.900 0.796 
   2   (0.306) 0.373 0.241 0.264 0.100 0.204 

Locus 159 : 
3 alleles
0.8% missing data
   2   (0.834) 0.897 0.860 0.844 0.514 0.976 
   0   (0.067) 0.045 0.136 0.070 0.004 0.010 
   3   (0.099) 0.057 0.003 0.086 0.483 0.014 

Locus 160 : 
3 alleles
0.0% missing data
   1   (0.449) 0.496 0.471 0.488 0.182 0.491 
   3   (0.516) 0.459 0.528 0.502 0.816 0.503 
   0   (0.034) 0.045 0.001 0.011 0.002 0.007 

Locus 161 : 
2 alleles
0.8% missing data
   1   (0.511) 0.540 0.515 0.545 0.537 0.182 
   4   (0.489) 0.460 0.485 0.455 0.463 0.818 

Locus 162 : 
3 alleles
3.1% missing data
   1   (0.895) 0.885 0.997 0.967 0.934 0.986 
   0   (0.074) 0.102 0.002 0.024 0.043 0.010 
   2   (0.032) 0.013 0.001 0.009 0.023 0.004 

Locus 163 : 
2 alleles
0.0% missing data
   2   (0.874) 0.928 0.856 0.920 0.657 0.981 
   3   (0.126) 0.072 0.144 0.080 0.343 0.019 

Locus 164 : 
3 alleles
0.8% missing data
   4   (0.868) 0.914 0.806 0.948 0.854 0.982 
   1   (0.102) 0.074 0.193 0.043 0.124 0.014 
   0   (0.030) 0.011 0.001 0.009 0.022 0.004 

Locus 165 : 
2 alleles
0.0% missing data
   4   (0.804) 0.888 0.831 0.801 0.681 0.869 
   1   (0.196) 0.112 0.169 0.199 0.319 0.131 

Locus 166 : 
2 alleles
0.8% missing data
   2   (0.869) 0.935 0.985 0.849 0.500 0.981 
   3   (0.131) 0.065 0.015 0.151 0.500 0.019 

Locus 167 : 
2 alleles
0.0% missing data
   2   (0.654) 0.719 0.758 0.757 0.243 0.641 
   3   (0.346) 0.281 0.242 0.243 0.757 0.359 

Locus 168 : 
2 alleles
0.0% missing data
   3   (0.734) 0.665 0.910 0.864 0.780 0.738 
   2   (0.266) 0.335 0.090 0.136 0.220 0.262 

Locus 169 : 
3 alleles
2.4% missing data
   4   (0.393) 0.420 0.558 0.505 0.148 0.161 
   3   (0.557) 0.560 0.388 0.436 0.849 0.832 
   0   (0.050) 0.020 0.054 0.059 0.003 0.007 

Locus 170 : 
2 alleles
0.0% missing data
   1   (0.749) 0.784 0.549 0.877 0.689 0.537 
   3   (0.251) 0.216 0.451 0.123 0.311 0.463 

Locus 171 : 
3 alleles
3.1% missing data
   2   (0.821) 0.857 0.957 0.908 0.652 0.973 
   3   (0.145) 0.130 0.042 0.082 0.303 0.022 
   0   (0.034) 0.013 0.001 0.010 0.046 0.005 

Locus 172 : 
2 alleles
0.0% missing data
   4   (0.737) 0.792 0.608 0.648 0.725 0.962 
   1   (0.263) 0.208 0.392 0.352 0.275 0.038 

Locus 173 : 
2 alleles
0.0% missing data
   2   (0.783) 0.889 0.536 0.761 0.780 0.549 
   3   (0.217) 0.111 0.464 0.239 0.220 0.451 

Locus 174 : 
2 alleles
0.0% missing data
   4   (0.729) 0.762 0.812 0.755 0.699 0.851 
   1   (0.271) 0.238 0.188 0.245 0.301 0.149 

Locus 175 : 
2 alleles
0.0% missing data
   2   (0.721) 0.721 0.768 0.813 0.626 0.853 
   4   (0.279) 0.279 0.232 0.187 0.374 0.147 

Locus 176 : 
2 alleles
0.8% missing data
   4   (0.962) 0.983 0.999 0.901 0.998 0.995 
   1   (0.038) 0.017 0.001 0.099 0.002 0.005 

Locus 177 : 
2 alleles
0.0% missing data
   3   (0.495) 0.473 0.537 0.392 0.690 0.656 
   2   (0.505) 0.527 0.463 0.608 0.310 0.344 

Locus 178 : 
3 alleles
2.4% missing data
   3   (0.605) 0.568 0.650 0.618 0.828 0.617 
   2   (0.368) 0.422 0.349 0.374 0.170 0.280 
   0   (0.027) 0.010 0.001 0.007 0.002 0.103 

Locus 179 : 
2 alleles
0.0% missing data
   3   (0.898) 0.922 0.967 0.952 0.840 0.985 
   2   (0.102) 0.078 0.033 0.048 0.160 0.015 

Locus 180 : 
3 alleles
1.6% missing data
   3   (0.533) 0.502 0.796 0.701 0.176 0.666 
   2   (0.411) 0.441 0.202 0.238 0.821 0.326 
   0   (0.056) 0.057 0.002 0.061 0.003 0.008 

Locus 181 : 
2 alleles
0.0% missing data
   2   (0.740) 0.796 0.746 0.692 0.558 0.963 
   1   (0.260) 0.204 0.254 0.308 0.442 0.037 

Locus 182 : 
2 alleles
1.6% missing data
   4   (0.794) 0.742 0.533 0.922 0.916 0.865 
   2   (0.206) 0.258 0.467 0.078 0.084 0.135 

Locus 183 : 
2 alleles
0.0% missing data
   4   (0.882) 0.852 0.905 0.944 0.975 0.981 
   2   (0.118) 0.148 0.095 0.056 0.025 0.019 

Locus 184 : 
2 alleles
0.0% missing data
   2   (0.888) 0.916 0.970 0.940 0.964 0.778 
   3   (0.112) 0.084 0.030 0.060 0.036 0.222 

Locus 185 : 
2 alleles
0.0% missing data
   2   (0.781) 0.775 0.810 0.926 0.727 0.538 
   3   (0.219) 0.225 0.190 0.074 0.273 0.462 

Locus 186 : 
2 alleles
0.0% missing data
   2   (0.917) 0.874 0.640 0.974 0.995 0.988 
   3   (0.083) 0.126 0.360 0.026 0.005 0.012 

Locus 187 : 
2 alleles
0.0% missing data
   3   (0.901) 0.946 0.958 0.948 0.968 0.774 
   2   (0.099) 0.054 0.042 0.052 0.032 0.226 

Locus 188 : 
2 alleles
2.4% missing data
   2   (0.750) 0.687 0.743 0.888 0.568 0.965 
   3   (0.250) 0.313 0.257 0.112 0.432 0.035 

Locus 189 : 
3 alleles
3.1% missing data
   3   (0.653) 0.731 0.498 0.669 0.589 0.742 
   1   (0.294) 0.217 0.501 0.317 0.363 0.251 
   0   (0.053) 0.052 0.002 0.015 0.048 0.007 

Locus 190 : 
2 alleles
0.0% missing data
   1   (0.879) 0.883 0.996 0.812 0.953 0.982 
   5   (0.121) 0.117 0.004 0.188 0.047 0.018 

Locus 191 : 
2 alleles
0.0% missing data
   1   (0.793) 0.721 0.681 0.817 0.988 0.822 
   5   (0.207) 0.279 0.319 0.183 0.012 0.178 

Locus 192 : 
2 alleles
0.0% missing data
   2   (0.580) 0.663 0.793 0.530 0.512 0.248 
   1   (0.420) 0.337 0.207 0.470 0.488 0.752 

Locus 193 : 
2 alleles
2.4% missing data
   1   (0.935) 0.941 0.998 0.978 0.903 0.991 
   4   (0.065) 0.059 0.002 0.022 0.097 0.009 

Locus 194 : 
2 alleles
0.0% missing data
   3   (0.781) 0.728 0.992 0.781 0.680 0.968 
   2   (0.219) 0.272 0.008 0.219 0.320 0.032 

Locus 195 : 
2 alleles
6.3% missing data
   4   (0.574) 0.557 0.986 0.450 0.474 0.683 
   1   (0.426) 0.443 0.014 0.550 0.526 0.317 

Locus 196 : 
2 alleles
0.8% missing data
   3   (0.903) 0.959 0.769 0.821 0.976 0.987 
   2   (0.097) 0.041 0.231 0.179 0.024 0.013 

Locus 197 : 
2 alleles
0.8% missing data
   3   (0.666) 0.632 0.750 0.704 0.765 0.784 
   4   (0.334) 0.368 0.250 0.296 0.235 0.216 

Locus 198 : 
2 alleles
0.0% missing data
   1   (0.964) 0.986 0.999 0.990 0.897 0.995 
   2   (0.036) 0.014 0.001 0.010 0.103 0.005 

Locus 199 : 
2 alleles
0.0% missing data
   2   (0.855) 0.892 0.995 0.836 0.556 0.979 
   3   (0.145) 0.108 0.005 0.164 0.444 0.021 

Locus 200 : 
2 alleles
0.0% missing data
   2   (0.524) 0.573 0.607 0.457 0.494 0.446 
   4   (0.476) 0.427 0.393 0.543 0.506 0.554 

Locus 201 : 
2 alleles
0.8% missing data
   2   (0.709) 0.754 0.990 0.551 0.343 0.958 
   1   (0.291) 0.246 0.010 0.449 0.657 0.042 

Locus 202 : 
2 alleles
0.0% missing data
   1   (0.898) 0.928 0.751 0.925 0.994 0.828 
   3   (0.102) 0.072 0.249 0.075 0.006 0.172 

Locus 203 : 
2 alleles
0.8% missing data
   2   (0.703) 0.661 0.990 0.693 0.764 0.582 
   1   (0.297) 0.339 0.010 0.307 0.236 0.418 

Locus 204 : 
2 alleles
0.0% missing data
   2   (0.829) 0.823 0.994 0.782 0.820 0.976 
   5   (0.171) 0.177 0.006 0.218 0.180 0.024 

Locus 205 : 
2 alleles
0.0% missing data
   3   (0.690) 0.707 0.651 0.659 0.882 0.643 
   1   (0.310) 0.293 0.349 0.341 0.118 0.357 

Locus 206 : 
2 alleles
0.0% missing data
   4   (0.578) 0.496 0.322 0.695 0.599 0.888 
   1   (0.422) 0.504 0.678 0.305 0.401 0.112 

Locus 207 : 
2 alleles
0.8% missing data
   3   (0.805) 0.793 0.994 0.826 0.880 0.656 
   2   (0.195) 0.207 0.006 0.174 0.120 0.344 

Locus 208 : 
2 alleles
1.6% missing data
   1   (0.728) 0.660 0.991 0.829 0.529 0.802 
   2   (0.272) 0.340 0.009 0.171 0.471 0.198 

Locus 209 : 
3 alleles
0.0% missing data
   3   (0.942) 0.977 0.907 0.984 0.997 0.992 
   2   (0.030) 0.011 0.066 0.008 0.002 0.004 
   0   (0.029) 0.011 0.027 0.008 0.002 0.004 

Locus 210 : 
2 alleles
0.0% missing data
   2   (0.623) 0.670 0.978 0.662 0.446 0.093 
   4   (0.377) 0.330 0.022 0.338 0.554 0.907 

Locus 211 : 
2 alleles
0.0% missing data
   2   (0.890) 0.922 0.996 0.883 0.763 0.982 
   4   (0.110) 0.078 0.004 0.117 0.237 0.018 

Locus 212 : 
2 alleles
0.0% missing data
   4   (0.749) 0.815 0.778 0.711 0.749 0.855 
   1   (0.251) 0.185 0.222 0.289 0.251 0.145 

Locus 213 : 
2 alleles
0.0% missing data
   3   (0.763) 0.850 0.218 0.860 0.621 0.599 
   2   (0.237) 0.150 0.782 0.140 0.379 0.401 

Locus 214 : 
2 alleles
0.0% missing data
   1   (0.742) 0.799 0.859 0.777 0.656 0.707 
   4   (0.258) 0.201 0.141 0.223 0.344 0.293 

Locus 215 : 
2 alleles
0.0% missing data
   4   (0.323) 0.284 0.318 0.424 0.095 0.527 
   5   (0.677) 0.716 0.682 0.576 0.905 0.473 

Locus 216 : 
2 alleles
0.0% missing data
   3   (0.896) 0.916 0.905 0.966 0.803 0.986 
   1   (0.104) 0.084 0.095 0.034 0.197 0.014 

Locus 217 : 
2 alleles
0.0% missing data
   3   (0.870) 0.874 0.996 0.936 0.864 0.817 
   2   (0.130) 0.126 0.004 0.064 0.136 0.183 

Locus 218 : 
2 alleles
0.0% missing data
   3   (0.438) 0.499 0.240 0.495 0.431 0.068 
   2   (0.562) 0.501 0.760 0.505 0.569 0.932 

Locus 219 : 
2 alleles
0.0% missing data
   4   (0.735) 0.760 0.992 0.797 0.288 0.759 
   2   (0.265) 0.240 0.008 0.203 0.712 0.241 

Locus 220 : 
2 alleles
0.0% missing data
   3   (0.746) 0.752 0.953 0.828 0.662 0.701 
   2   (0.254) 0.248 0.047 0.172 0.338 0.299 

Locus 221 : 
2 alleles
0.0% missing data
   3   (0.792) 0.813 0.769 0.841 0.917 0.689 
   2   (0.208) 0.187 0.231 0.159 0.083 0.311 

Locus 222 : 
2 alleles
0.0% missing data
   2   (0.708) 0.639 0.991 0.826 0.494 0.638 
   3   (0.292) 0.361 0.009 0.174 0.506 0.362 

Locus 223 : 
2 alleles
0.8% missing data
   1   (0.944) 0.965 0.998 0.982 0.793 0.993 
   2   (0.056) 0.035 0.002 0.018 0.207 0.007 

Locus 224 : 
2 alleles
0.0% missing data
   5   (0.764) 0.849 0.886 0.779 0.423 0.865 
   1   (0.236) 0.151 0.114 0.221 0.577 0.135 

Locus 225 : 
2 alleles
0.8% missing data
   2   (0.742) 0.761 0.640 0.823 0.786 0.749 
   3   (0.258) 0.239 0.360 0.177 0.214 0.251 

Locus 226 : 
2 alleles
0.0% missing data
   3   (0.929) 0.944 0.998 0.789 0.995 0.990 
   1   (0.071) 0.056 0.002 0.211 0.005 0.010 

Values of parameters used in structure:
DATAFILE=/Users/ddayan/FRA/small_omy_projects/sf_crooked_river_2021/structure_SFGL_Omy269/project_data,	OUTFILE=/Users/ddayan/FRA/small_omy_projects/sf_crooked_river_2021/structure_SFGL_Omy269/5k10kadmcorr/Results/5k10kadmcorr_run_45,	NUMINDS=127,	NUMLOCI=226,	MISSING=-9,	LABEL=0,	POPDATA=1,	POPFLAG=0,	PHENOTYPE=0,	EXTRACOLS=0,	MAXPOPS=5,	BURNIN=5000,	NUMREPS=10000,	USEPOPINFO=0,	INFERALPHA=1,	INFERLAMBDA=0,	POPSPECIFICLAMBDA=0,	POPALPHAS=0,	COMPUTEPROB=1,	NOADMIX=0,	ADMBURNIN=2500,	UPDATEFREQ=1,	PRINTLIKES=0,	INTERMEDSAVE=0,	PRINTKLD=0,	PRINTNET=0,	PRINTLAMBDA=0,	ANCESTDIST=0,	NUMBOXES=1000,	ANCESTPINT=0.90000,	GENSBACK=2,	MIGRPRIOR=0.05000,	PRINTQHAT=0,	PRINTQSUM=0,	ALPHA=1.0000,	FREQSCORR=1,	FPRIORMEAN=0.0100,	FPRIORSD=0.0500,	ONEFST=0,	LAMBDA=1.0000,	UNIFPRIORALPHA=1,	ALPHAMAX=10.0000,	ALPHAPRIORA=1.0000,	ALPHAPRIORB=2.0000,	ALPHAPROPSD=0.0250,	STARTATPOPINFO=0,	RANDOMIZE=1,	LINKAGE=0,	METROFREQ=10,	REPORTHITRATE=0,	MARKOVPHASE=-1,	PHASED=0,	PLOIDY=2,	PHASEINFO=0	LOCPRIOR=0, 	LOCPRIORINIT=1.000000, 	LOCDATA=0, 	LOCISPOP=0, 	LOCPRIORSTEP=0.100000, 	MAXLOCPRIOR=20.000000, 	SEED=1642737320,	
[STRAT parameters]:    NUMSIMSTATS=1000,	PHENOTYPECOL=-9,	POOLFREQ=10,	LOCUSxONLY=0,	EMERROR=0.00100,	MISSINGPHENO=-9,	